date,code,name,open,close,high,low,amplitude
1990-05-14,HSI,恒生指数,2963.51,2976.44,2988.81,2963.51,0.0
1990-05-15,HSI,恒生指数,2978.0,2965.09,2990.15,2960.7,0.99
1990-05-16,HSI,恒生指数,2964.0,2948.89,2964.05,2931.93,1.08
1990-05-17,HSI,恒生指数,2948.0,2917.63,2949.01,2906.74,1.43
1990-05-18,HSI,恒生指数,2909.33,2925.89,2941.54,2909.33,1.1
1990-05-21,HSI,恒生指数,2925.04,2930.83,2938.47,2925.04,0.46
1990-05-22,HSI,恒生指数,2925.4,2970.87,2971.58,2925.4,1.58
1990-05-23,HSI,恒生指数,2970.87,3028.31,3034.6,2970.87,2.15
1990-05-24,HSI,恒生指数,3028.31,3048.01,3054.15,3028.31,0.85
1990-05-25,HSI,恒生指数,3049.0,3059.5,3068.68,3037.1,1.04
1990-05-29,HSI,恒生指数,3059.0,3048.55,3059.5,3024.61,1.14
1990-05-30,HSI,恒生指数,3048.48,3083.35,3087.16,3048.48,1.27
1990-05-31,HSI,恒生指数,3084.2,3132.32,3137.69,3084.2,1.73
1990-06-01,HSI,恒生指数,3139.57,3159.17,3166.72,3139.57,0.87
1990-06-04,HSI,恒生指数,3159.0,3153.22,3200.33,3150.57,1.58
1990-06-05,HSI,恒生指数,3153.0,3159.06,3179.0,3152.69,0.83
1990-06-06,HSI,恒生指数,3159.0,3172.49,3172.49,3138.88,1.06
1990-06-07,HSI,恒生指数,3172.0,3145.3,3172.49,3143.91,0.9
1990-06-08,HSI,恒生指数,3144.0,3174.33,3179.44,3136.23,1.37
1990-06-11,HSI,恒生指数,3174.0,3154.99,3174.33,3148.81,0.8
1990-06-12,HSI,恒生指数,3157.93,3203.0,3207.54,3157.93,1.57
1990-06-13,HSI,恒生指数,3203.0,3185.14,3226.92,3184.61,1.32
1990-06-14,HSI,恒生指数,3185.0,3191.55,3199.39,3180.38,0.6
1990-06-15,HSI,恒生指数,3189.0,3201.52,3205.29,3176.08,0.92
1990-06-19,HSI,恒生指数,3200.0,3229.02,3229.33,3185.21,1.38
1990-06-20,HSI,恒生指数,3229.0,3234.39,3250.04,3214.71,1.09
1990-06-21,HSI,恒生指数,3234.0,3246.21,3259.47,3230.45,0.9
1990-06-22,HSI,恒生指数,3246.0,3250.44,3253.17,3226.69,0.82
1990-06-25,HSI,恒生指数,3250.0,3276.44,3276.47,3246.63,0.92
1990-06-26,HSI,恒生指数,3278.15,3292.35,3305.28,3278.15,0.83
1990-06-27,HSI,恒生指数,3292.0,3284.47,3293.5,3258.98,1.05
1990-06-28,HSI,恒生指数,3284.0,3273.28,3284.47,3266.5,0.55
1990-06-29,HSI,恒生指数,3272.0,3278.24,3281.12,3255.94,0.77
1990-07-02,HSI,恒生指数,3278.24,3319.47,3323.44,3278.24,1.38
1990-07-03,HSI,恒生指数,3319.47,3356.55,3365.54,3319.47,1.39
1990-07-04,HSI,恒生指数,3356.0,3363.49,3366.7,3338.31,0.85
1990-07-05,HSI,恒生指数,3363.0,3356.44,3369.98,3338.31,0.94
1990-07-06,HSI,恒生指数,3345.0,3357.61,3360.95,3325.74,1.05
1990-07-09,HSI,恒生指数,3359.89,3385.15,3389.17,3359.89,0.87
1990-07-10,HSI,恒生指数,3385.0,3408.16,3413.36,3378.46,1.03
1990-07-11,HSI,恒生指数,3407.94,3440.93,3450.11,3407.94,1.24
1990-07-12,HSI,恒生指数,3448.0,3468.59,3472.44,3443.85,0.83
1990-07-13,HSI,恒生指数,3468.59,3507.16,3515.73,3468.59,1.36
1990-07-16,HSI,恒生指数,3507.0,3488.85,3513.48,3468.66,1.28
1990-07-17,HSI,恒生指数,3488.0,3463.94,3490.94,3463.94,0.77
1990-07-18,HSI,恒生指数,3463.94,3528.29,3529.34,3463.94,1.89
1990-07-19,HSI,恒生指数,3528.0,3523.58,3530.09,3515.51,0.41
1990-07-20,HSI,恒生指数,3523.0,3540.43,3542.88,3504.69,1.08
1990-07-23,HSI,恒生指数,3540.0,3559.89,3559.89,3528.55,0.89
1990-07-24,HSI,恒生指数,3541.0,3495.87,3541.8,3479.89,1.74
1990-07-25,HSI,恒生指数,3497.0,3520.54,3535.44,3495.87,1.13
1990-07-26,HSI,恒生指数,3520.0,3483.59,3521.36,3474.64,1.33
1990-07-27,HSI,恒生指数,3479.0,3485.8,3492.11,3443.61,1.39
1990-07-30,HSI,恒生指数,3481.0,3445.41,3481.88,3444.74,1.07
1990-07-31,HSI,恒生指数,3445.0,3438.49,3456.45,3429.07,0.79
1990-08-01,HSI,恒生指数,3438.0,3468.64,3488.7,3437.95,1.48
1990-08-02,HSI,恒生指数,3468.0,3415.18,3479.48,3397.35,2.37
1990-08-03,HSI,恒生指数,3410.0,3356.95,3410.97,3341.79,2.03
1990-08-06,HSI,恒生指数,3346.0,3107.98,3346.72,3107.98,7.11
1990-08-07,HSI,恒生指数,3075.0,3098.69,3146.67,2909.11,7.64
1990-08-08,HSI,恒生指数,3098.0,3145.57,3171.02,3081.95,2.87
1990-08-09,HSI,恒生指数,3144.0,3091.12,3144.53,3089.56,1.75
1990-08-10,HSI,恒生指数,3091.0,3078.97,3122.4,3059.1,2.05
1990-08-13,HSI,恒生指数,3076.0,3040.28,3078.97,3040.28,1.26
1990-08-14,HSI,恒生指数,3042.18,3067.53,3079.87,3042.18,1.24
1990-08-15,HSI,恒生指数,3067.53,3178.27,3178.27,3067.53,3.61
1990-08-16,HSI,恒生指数,3173.0,3183.29,3183.29,3137.77,1.43
1990-08-17,HSI,恒生指数,3175.0,3122.64,3175.48,3102.2,2.3
1990-08-20,HSI,恒生指数,3120.0,3052.84,3120.03,3040.55,2.55
1990-08-21,HSI,恒生指数,3052.0,3040.0,3079.0,3024.55,1.78
1990-08-22,HSI,恒生指数,3024.0,2954.93,3024.87,2949.94,2.46
1990-08-23,HSI,恒生指数,2954.0,2871.14,2954.93,2828.78,4.27
1990-08-24,HSI,恒生指数,2870.0,2918.01,2925.8,2813.07,3.93
1990-08-28,HSI,恒生指数,2958.22,3078.94,3084.64,2958.22,4.33
1990-08-29,HSI,恒生指数,3072.0,3015.95,3072.21,3014.09,1.89
1990-08-30,HSI,恒生指数,3015.0,3064.19,3083.25,3013.71,2.31
1990-08-31,HSI,恒生指数,3063.0,3087.5,3091.41,3055.7,1.17
1990-09-03,HSI,恒生指数,3089.0,3066.81,3096.34,3061.2,1.14
1990-09-04,HSI,恒生指数,3063.0,3054.16,3066.81,3047.99,0.61
1990-09-05,HSI,恒生指数,3054.0,3039.69,3055.12,3032.51,0.74
1990-09-06,HSI,恒生指数,3021.55,3032.85,3048.29,3021.55,0.88
1990-09-07,HSI,恒生指数,3030.0,3047.91,3052.24,3008.03,1.46
1990-09-10,HSI,恒生指数,3049.88,3087.74,3088.29,3049.88,1.26
1990-09-11,HSI,恒生指数,3087.0,3083.57,3088.11,3066.84,0.69
1990-09-12,HSI,恒生指数,3082.14,3105.04,3108.97,3082.14,0.87
1990-09-13,HSI,恒生指数,3105.0,3093.97,3113.44,3087.22,0.84
1990-09-14,HSI,恒生指数,3087.0,3062.04,3087.52,3058.04,0.95
1990-09-17,HSI,恒生指数,3062.0,3019.87,3062.04,3015.62,1.52
1990-09-18,HSI,恒生指数,3016.0,2996.66,3016.28,2976.88,1.3
1990-09-19,HSI,恒生指数,2994.0,2980.95,2994.45,2975.55,0.63
1990-09-20,HSI,恒生指数,2980.0,2984.54,3001.81,2979.0,0.77
1990-09-21,HSI,恒生指数,2979.0,2931.86,2979.53,2921.24,1.95
1990-09-24,HSI,恒生指数,2931.0,2861.77,2932.21,2861.77,2.4
1990-09-25,HSI,恒生指数,2860.0,2807.5,2860.72,2786.62,2.59
1990-09-26,HSI,恒生指数,2808.0,2778.74,2826.01,2732.69,3.32
1990-09-27,HSI,恒生指数,2778.0,2767.95,2778.74,2752.19,0.96
1990-09-28,HSI,恒生指数,2766.0,2760.82,2766.9,2733.99,1.19
1990-10-01,HSI,恒生指数,2760.0,2791.26,2793.14,2758.84,1.24
1990-10-02,HSI,恒生指数,2790.14,2905.48,2916.26,2790.14,4.52
1990-10-03,HSI,恒生指数,2902.0,2862.55,2904.11,2858.38,1.57
1990-10-05,HSI,恒生指数,2860.0,2850.45,2894.2,2849.77,1.55
1990-10-08,HSI,恒生指数,2850.0,2925.48,2925.48,2846.89,2.76
1990-10-09,HSI,恒生指数,2925.0,2913.52,2926.49,2898.42,0.96
1990-10-10,HSI,恒生指数,2913.0,2872.41,2913.52,2856.26,1.97
1990-10-11,HSI,恒生指数,2872.0,2884.41,2892.82,2863.25,1.03
1990-10-12,HSI,恒生指数,2879.0,2915.26,2916.78,2862.34,1.89
1990-10-15,HSI,恒生指数,2915.0,2916.38,2935.99,2914.09,0.75
1990-10-16,HSI,恒生指数,2916.38,2949.57,2954.57,2916.38,1.31
1990-10-17,HSI,恒生指数,2948.0,2958.54,2959.71,2941.96,0.6
1990-10-18,HSI,恒生指数,2960.0,2950.52,2965.23,2949.64,0.53
1990-10-19,HSI,恒生指数,2955.42,2991.95,3003.99,2955.42,1.65
1990-10-22,HSI,恒生指数,2992.48,3015.56,3036.96,2992.48,1.49
1990-10-23,HSI,恒生指数,3015.56,3081.23,3085.94,3015.56,2.33
1990-10-24,HSI,恒生指数,3074.0,3042.08,3074.63,3036.4,1.24
1990-10-25,HSI,恒生指数,3042.0,3050.88,3064.31,3041.45,0.75
1990-10-29,HSI,恒生指数,3049.0,3063.53,3064.99,3029.7,1.16
1990-10-30,HSI,恒生指数,3064.0,3011.65,3064.47,3007.22,1.87
1990-10-31,HSI,恒生指数,3011.0,2990.96,3011.65,2972.93,1.29
1990-11-01,HSI,恒生指数,2989.0,2968.74,2989.07,2954.72,1.15
1990-11-02,HSI,恒生指数,2968.0,2978.92,2978.92,2958.29,0.69
1990-11-05,HSI,恒生指数,2978.0,2967.24,3003.42,2963.83,1.33
1990-11-06,HSI,恒生指数,2967.0,2966.71,2976.29,2957.27,0.64
1990-11-07,HSI,恒生指数,2966.0,2955.19,2966.71,2946.49,0.68
1990-11-08,HSI,恒生指数,2952.0,2932.44,2952.87,2911.44,1.4
1990-11-09,HSI,恒生指数,2932.0,2932.92,2934.17,2921.85,0.42
1990-11-12,HSI,恒生指数,2935.38,2949.56,2970.32,2935.38,1.19
1990-11-13,HSI,恒生指数,2957.42,2998.97,2998.97,2957.42,1.41
1990-11-14,HSI,恒生指数,2998.0,3006.82,3014.44,2989.82,0.82
1990-11-15,HSI,恒生指数,3005.0,2990.47,3010.82,2987.39,0.78
1990-11-16,HSI,恒生指数,2988.0,3008.66,3016.72,2985.85,1.03
1990-11-19,HSI,恒生指数,3008.66,3042.58,3047.65,3008.66,1.3
1990-11-20,HSI,恒生指数,3042.0,3031.92,3051.08,3030.88,0.66
1990-11-21,HSI,恒生指数,3031.0,3013.66,3031.92,2991.94,1.32
1990-11-22,HSI,恒生指数,3013.66,3023.08,3038.94,3013.66,0.84
1990-11-23,HSI,恒生指数,3020.0,3016.06,3020.18,3003.75,0.54
1990-11-26,HSI,恒生指数,3016.0,2995.52,3017.48,2983.54,1.13
1990-11-27,HSI,恒生指数,2995.0,2998.94,2999.41,2974.44,0.83
1990-11-28,HSI,恒生指数,2998.0,2986.39,3003.96,2972.73,1.04
1990-11-29,HSI,恒生指数,2985.0,2978.35,2985.46,2972.06,0.45
1990-11-30,HSI,恒生指数,2978.0,2965.06,2978.35,2956.7,0.73
1990-12-03,HSI,恒生指数,2970.79,3020.17,3020.24,2970.79,1.67
1990-12-04,HSI,恒生指数,3020.0,3020.84,3022.75,2996.21,0.88
1990-12-05,HSI,恒生指数,3019.8,3066.23,3070.77,3019.8,1.69
1990-12-06,HSI,恒生指数,3067.65,3126.79,3128.15,3067.65,1.97
1990-12-07,HSI,恒生指数,3126.0,3163.69,3175.53,3123.14,1.68
1990-12-10,HSI,恒生指数,3163.0,3149.13,3165.87,3138.38,0.87
1990-12-11,HSI,恒生指数,3149.0,3144.62,3149.77,3128.05,0.69
1990-12-12,HSI,恒生指数,3144.0,3160.79,3160.79,3142.91,0.57
1990-12-13,HSI,恒生指数,3160.0,3150.12,3178.43,3148.58,0.94
1990-12-14,HSI,恒生指数,3150.0,3125.69,3150.12,3123.75,0.84
1990-12-17,HSI,恒生指数,3124.0,3051.92,3124.27,3045.3,2.53
1990-12-18,HSI,恒生指数,3045.0,3066.65,3072.58,3022.48,1.64
1990-12-19,HSI,恒生指数,3066.57,3083.44,3093.86,3066.57,0.89
1990-12-20,HSI,恒生指数,3083.0,3078.21,3087.19,3072.81,0.47
1990-12-21,HSI,恒生指数,3077.0,3079.67,3082.15,3049.31,1.07
1990-12-24,HSI,恒生指数,3079.0,3060.95,3079.67,3049.77,0.97
1990-12-27,HSI,恒生指数,3060.0,3066.71,3069.0,3050.25,0.61
1990-12-28,HSI,恒生指数,3066.0,3053.73,3066.44,3049.72,0.55
1990-12-31,HSI,恒生指数,3053.0,3024.55,3055.15,3012.48,1.4
1991-01-02,HSI,恒生指数,3024.0,3031.34,3033.43,3018.97,0.48
1991-01-03,HSI,恒生指数,3031.0,3004.88,3031.34,2990.42,1.35
1991-01-04,HSI,恒生指数,3004.0,3046.61,3050.39,3002.72,1.59
1991-01-07,HSI,恒生指数,3046.0,3026.52,3046.61,3012.36,1.12
1991-01-08,HSI,恒生指数,3026.0,3009.42,3026.52,2992.86,1.11
1991-01-09,HSI,恒生指数,3009.0,3027.6,3029.45,2999.23,1.0
1991-01-10,HSI,恒生指数,3027.0,3035.53,3040.89,3004.85,1.19
1991-01-11,HSI,恒生指数,3033.0,3058.37,3058.37,3028.57,0.98
1991-01-14,HSI,恒生指数,3058.0,3037.62,3058.37,3014.41,1.44
1991-01-15,HSI,恒生指数,3036.0,3000.82,3036.75,2999.75,1.22
1991-01-16,HSI,恒生指数,3000.0,2984.01,3000.82,2970.33,1.02
1991-01-17,HSI,恒生指数,2983.0,3087.83,3099.8,2982.49,3.93
1991-01-18,HSI,恒生指数,3087.0,3072.17,3087.83,3056.08,1.03
1991-01-21,HSI,恒生指数,3072.0,3066.98,3075.61,3047.38,0.92
1991-01-22,HSI,恒生指数,3066.0,3062.08,3068.74,3050.32,0.6
1991-01-23,HSI,恒生指数,3062.72,3090.4,3093.31,3062.72,1.0
1991-01-24,HSI,恒生指数,3090.4,3140.5,3140.5,3090.4,1.62
1991-01-25,HSI,恒生指数,3140.5,3206.36,3206.36,3140.5,2.1
1991-01-28,HSI,恒生指数,3205.0,3198.29,3211.18,3179.29,0.99
1991-01-29,HSI,恒生指数,3198.0,3192.9,3217.99,3188.28,0.93
1991-01-30,HSI,恒生指数,3188.0,3200.89,3200.89,3180.65,0.63
1991-01-31,HSI,恒生指数,3201.94,3243.3,3256.32,3201.94,1.7
1991-02-01,HSI,恒生指数,3243.0,3223.49,3245.54,3220.66,0.77
1991-02-04,HSI,恒生指数,3223.49,3250.43,3250.43,3223.49,0.84
1991-02-05,HSI,恒生指数,3259.51,3345.41,3345.41,3259.51,2.64
1991-02-06,HSI,恒生指数,3345.0,3365.46,3369.71,3337.79,0.95
1991-02-07,HSI,恒生指数,3365.0,3333.98,3365.58,3333.9,0.94
1991-02-08,HSI,恒生指数,3332.0,3359.09,3359.32,3328.65,0.92
1991-02-11,HSI,恒生指数,3359.09,3394.08,3397.05,3359.09,1.13
1991-02-12,HSI,恒生指数,3392.16,3395.0,3434.85,3392.16,1.26
1991-02-13,HSI,恒生指数,3389.0,3412.66,3417.12,3377.53,1.17
1991-02-18,HSI,恒生指数,3422.94,3473.42,3495.64,3422.94,2.13
1991-02-19,HSI,恒生指数,3473.0,3467.84,3498.4,3457.07,1.19
1991-02-20,HSI,恒生指数,3467.0,3492.16,3494.06,3455.43,1.11
1991-02-21,HSI,恒生指数,3490.0,3477.61,3490.75,3458.36,0.93
1991-02-22,HSI,恒生指数,3477.0,3475.34,3502.45,3464.95,1.08
1991-02-25,HSI,恒生指数,3475.0,3520.45,3520.99,3447.49,2.11
1991-02-26,HSI,恒生指数,3520.0,3532.43,3544.69,3516.18,0.81
1991-02-27,HSI,恒生指数,3532.0,3512.79,3532.43,3498.41,0.96
1991-02-28,HSI,恒生指数,3512.79,3552.14,3554.7,3512.79,1.19
1991-03-01,HSI,恒生指数,3541.0,3552.37,3565.02,3536.95,0.79
1991-03-04,HSI,恒生指数,3552.0,3564.34,3568.24,3536.89,0.88
1991-03-05,HSI,恒生指数,3564.34,3600.49,3604.56,3564.34,1.13
1991-03-06,HSI,恒生指数,3616.64,3647.33,3659.58,3616.64,1.19
1991-03-07,HSI,恒生指数,3649.0,3658.24,3668.32,3641.57,0.73
1991-03-08,HSI,恒生指数,3657.0,3653.19,3657.64,3614.23,1.19
1991-03-11,HSI,恒生指数,3657.08,3669.03,3697.49,3657.08,1.11
1991-03-12,HSI,恒生指数,3669.0,3658.07,3669.03,3639.78,0.8
1991-03-13,HSI,恒生指数,3658.0,3634.48,3661.3,3628.69,0.89
1991-03-14,HSI,恒生指数,3636.0,3627.91,3658.82,3625.26,0.92
1991-03-15,HSI,恒生指数,3632.22,3722.39,3722.39,3632.22,2.49
1991-03-18,HSI,恒生指数,3722.0,3724.35,3742.02,3694.53,1.28
1991-03-19,HSI,恒生指数,3724.0,3751.4,3761.28,3719.74,1.12
1991-03-20,HSI,恒生指数,3748.0,3683.41,3748.01,3683.41,1.72
1991-03-21,HSI,恒生指数,3683.0,3661.16,3715.09,3656.55,1.59
1991-03-22,HSI,恒生指数,3666.34,3716.15,3721.27,3666.34,1.5
1991-03-25,HSI,恒生指数,3716.0,3718.55,3731.72,3697.27,0.93
1991-03-26,HSI,恒生指数,3718.0,3683.9,3725.98,3673.05,1.42
1991-03-27,HSI,恒生指数,3683.0,3691.82,3725.98,3673.05,1.44
1991-03-28,HSI,恒生指数,3692.06,3745.97,3746.31,3692.06,1.47
1991-04-02,HSI,恒生指数,3745.02,3789.99,3792.99,3736.84,1.5
1991-04-03,HSI,恒生指数,3792.02,3869.7,3877.12,3792.02,2.25
1991-04-04,HSI,恒生指数,3869.7,3849.15,3874.52,3838.86,0.92
1991-04-08,HSI,恒生指数,3845.55,3812.01,3889.48,3809.98,2.07
1991-04-09,HSI,恒生指数,3806.29,3757.3,3806.29,3732.96,1.92
1991-04-10,HSI,恒生指数,3755.9,3777.62,3778.16,3709.62,1.82
1991-04-11,HSI,恒生指数,3776.39,3703.93,3779.24,3703.93,1.99
1991-04-12,HSI,恒生指数,3702.2,3742.0,3742.64,3702.2,1.09
1991-04-15,HSI,恒生指数,3737.57,3714.37,3739.25,3680.21,1.58
1991-04-16,HSI,恒生指数,3714.24,3717.46,3744.87,3712.98,0.86
1991-04-17,HSI,恒生指数,3718.57,3687.01,3732.38,3684.32,1.29
1991-04-18,HSI,恒生指数,3687.01,3699.26,3711.42,3684.19,0.74
1991-04-19,HSI,恒生指数,3693.57,3667.4,3693.57,3667.4,0.71
1991-04-22,HSI,恒生指数,3665.66,3582.49,3665.66,3538.78,3.46
1991-04-23,HSI,恒生指数,3584.4,3569.64,3584.4,3549.12,0.98
1991-04-24,HSI,恒生指数,3570.69,3605.29,3632.25,3570.69,1.72
1991-04-25,HSI,恒生指数,3603.0,3594.38,3605.4,3591.8,0.38
1991-04-26,HSI,恒生指数,3597.43,3625.8,3644.88,3590.75,1.51
1991-04-29,HSI,恒生指数,3625.15,3624.72,3628.97,3596.68,0.89
1991-04-30,HSI,恒生指数,3624.72,3588.36,3626.08,3586.94,1.08
1991-05-01,HSI,恒生指数,3589.77,3631.23,3633.83,3588.36,1.27
1991-05-02,HSI,恒生指数,3637.16,3726.14,3729.67,3631.9,2.69
1991-05-03,HSI,恒生指数,3721.22,3737.88,3769.05,3721.22,1.28
1991-05-06,HSI,恒生指数,3727.58,3704.43,3729.75,3704.43,0.68
1991-05-07,HSI,恒生指数,3704.43,3741.51,3756.73,3704.43,1.41
1991-05-08,HSI,恒生指数,3742.35,3747.8,3758.13,3740.63,0.47
1991-05-09,HSI,恒生指数,3746.5,3744.46,3752.23,3727.62,0.66
1991-05-10,HSI,恒生指数,3748.73,3750.2,3768.9,3744.29,0.66
1991-05-13,HSI,恒生指数,3750.2,3767.63,3786.09,3749.35,0.98
1991-05-14,HSI,恒生指数,3756.92,3785.14,3797.87,3756.92,1.09
1991-05-15,HSI,恒生指数,3783.25,3789.69,3794.49,3771.72,0.6
1991-05-16,HSI,恒生指数,3789.69,3859.66,3860.75,3789.69,1.88
1991-05-17,HSI,恒生指数,3843.05,3882.84,3882.84,3843.05,1.03
1991-05-20,HSI,恒生指数,3917.09,3917.09,3917.09,3878.22,1.0
1991-05-21,HSI,恒生指数,3917.09,3829.88,3917.09,3829.2,2.24
1991-05-22,HSI,恒生指数,3830.0,3826.62,3837.12,3793.01,1.15
1991-05-23,HSI,恒生指数,3805.54,3778.79,3819.4,3722.38,2.54
1991-05-24,HSI,恒生指数,3777.26,3703.98,3778.79,3698.07,2.14
1991-05-27,HSI,恒生指数,3646.95,3575.52,3682.49,3559.83,3.31
1991-05-28,HSI,恒生指数,3595.89,3594.78,3643.98,3557.42,2.42
1991-05-29,HSI,恒生指数,3598.4,3625.39,3646.44,3596.45,1.39
1991-05-30,HSI,恒生指数,3625.75,3679.72,3687.59,3625.75,1.71
1991-05-31,HSI,恒生指数,3681.75,3707.01,3716.3,3681.75,0.94
1991-06-03,HSI,恒生指数,3698.56,3688.14,3703.3,3672.89,0.82
1991-06-04,HSI,恒生指数,3686.63,3667.62,3686.63,3652.99,0.91
1991-06-05,HSI,恒生指数,3667.62,3690.01,3706.8,3658.97,1.3
1991-06-06,HSI,恒生指数,3690.01,3678.19,3695.81,3676.23,0.53
1991-06-07,HSI,恒生指数,3674.33,3637.77,3676.0,3628.46,1.29
1991-06-10,HSI,恒生指数,3637.77,3621.19,3638.02,3595.56,1.17
1991-06-11,HSI,恒生指数,3623.59,3631.48,3656.57,3621.19,0.98
1991-06-12,HSI,恒生指数,3631.48,3627.9,3632.58,3621.67,0.3
1991-06-13,HSI,恒生指数,3630.93,3632.55,3665.8,3627.9,1.04
1991-06-14,HSI,恒生指数,3634.49,3639.15,3646.21,3626.64,0.54
1991-06-19,HSI,恒生指数,3638.12,3626.13,3642.1,3624.08,0.5
1991-06-20,HSI,恒生指数,3624.52,3593.38,3624.91,3589.51,0.98
1991-06-21,HSI,恒生指数,3593.38,3565.14,3593.38,3565.14,0.79
1991-06-24,HSI,恒生指数,3567.07,3569.54,3601.08,3565.14,1.01
1991-06-25,HSI,恒生指数,3567.12,3604.26,3613.38,3549.6,1.79
1991-06-26,HSI,恒生指数,3609.41,3634.64,3644.83,3608.79,1.0
1991-06-27,HSI,恒生指数,3638.23,3629.79,3648.42,3625.16,0.64
1991-06-28,HSI,恒生指数,3631.67,3668.64,3673.25,3631.67,1.15
1991-07-01,HSI,恒生指数,3681.6,3738.85,3751.3,3672.17,2.16
1991-07-02,HSI,恒生指数,3764.65,3772.91,3793.94,3758.77,0.94
1991-07-03,HSI,恒生指数,3772.24,3796.57,3802.85,3754.9,1.27
1991-07-04,HSI,恒生指数,3799.83,3850.71,3854.9,3797.6,1.51
1991-07-05,HSI,恒生指数,3862.64,3892.71,3919.08,3860.7,1.52
1991-07-08,HSI,恒生指数,3894.41,3880.73,3935.53,3880.73,1.41
1991-07-09,HSI,恒生指数,3894.73,3904.19,3912.98,3840.15,1.88
1991-07-10,HSI,恒生指数,3905.03,3901.23,3938.96,3897.0,1.07
1991-07-11,HSI,恒生指数,3901.23,3892.12,3908.92,3879.33,0.76
1991-07-12,HSI,恒生指数,3894.05,3915.17,3917.64,3888.59,0.75
1991-07-15,HSI,恒生指数,3921.69,3945.12,3958.71,3915.17,1.11
1991-07-16,HSI,恒生指数,3948.54,3997.67,4003.01,3947.5,1.41
1991-07-17,HSI,恒生指数,3998.18,3962.46,3998.18,3945.15,1.33
1991-07-18,HSI,恒生指数,3958.09,3976.83,3987.19,3955.37,0.8
1991-07-19,HSI,恒生指数,3979.77,4009.35,4025.63,3979.77,1.15
1991-07-22,HSI,恒生指数,4009.35,3988.35,4023.46,3988.35,0.88
1991-07-23,HSI,恒生指数,3989.62,4009.82,4012.13,3978.57,0.84
1991-07-24,HSI,恒生指数,4016.5,4028.77,4047.09,4016.5,0.76
1991-07-25,HSI,恒生指数,4029.8,4012.62,4030.39,3995.71,0.86
1991-07-26,HSI,恒生指数,4012.62,4031.29,4038.08,4012.62,0.63
1991-07-29,HSI,恒生指数,4027.1,4016.29,4042.86,4008.01,0.86
1991-07-30,HSI,恒生指数,4011.07,3991.83,4017.17,3979.38,0.94
1991-07-31,HSI,恒生指数,3999.0,4009.58,4010.13,3973.27,0.92
1991-08-01,HSI,恒生指数,4012.78,4030.01,4033.15,4004.21,0.72
1991-08-02,HSI,恒生指数,4035.39,4059.4,4063.59,4034.8,0.71
1991-08-05,HSI,恒生指数,4061.04,4063.01,4076.55,4050.86,0.63
1991-08-06,HSI,恒生指数,4061.92,4021.27,4069.3,4021.27,1.18
1991-08-07,HSI,恒生指数,4021.27,4061.31,4067.37,4017.41,1.24
1991-08-08,HSI,恒生指数,4059.92,4046.56,4074.88,4031.95,1.06
1991-08-09,HSI,恒生指数,4046.02,4024.01,4050.48,3996.97,1.32
1991-08-12,HSI,恒生指数,4030.09,4070.14,4079.3,4030.09,1.22
1991-08-13,HSI,恒生指数,4069.11,4052.7,4069.11,4044.65,0.6
1991-08-14,HSI,恒生指数,4051.42,4079.01,4088.65,4051.42,0.92
1991-08-15,HSI,恒生指数,4083.43,4073.34,4084.73,4071.98,0.31
1991-08-16,HSI,恒生指数,4073.34,4063.28,4073.34,4056.52,0.41
1991-08-19,HSI,恒生指数,4053.8,3722.75,4053.8,3708.81,8.49
1991-08-20,HSI,恒生指数,3727.64,3848.44,3848.99,3727.64,3.26
1991-08-21,HSI,恒生指数,3843.16,3863.68,3865.52,3794.42,1.85
1991-08-22,HSI,恒生指数,3996.62,4045.57,4094.72,3996.62,2.54
1991-08-23,HSI,恒生指数,4048.13,4021.02,4048.13,4009.51,0.95
1991-08-27,HSI,恒生指数,4027.84,3981.96,4045.05,3963.15,2.04
1991-08-28,HSI,恒生指数,3983.82,3968.14,3994.78,3958.38,0.91
1991-08-29,HSI,恒生指数,3968.75,3960.23,3985.09,3946.51,0.97
1991-08-30,HSI,恒生指数,3963.0,3998.26,3998.27,3963.0,0.89
1991-09-02,HSI,恒生指数,3998.26,4023.54,4032.88,3998.26,0.87
1991-09-03,HSI,恒生指数,4023.54,4025.07,4033.4,4008.85,0.61
1991-09-04,HSI,恒生指数,4026.1,4006.45,4030.09,4003.38,0.66
1991-09-05,HSI,恒生指数,4006.45,3990.16,4009.64,3980.46,0.73
1991-09-06,HSI,恒生指数,3990.16,3970.91,3991.54,3969.17,0.56
1991-09-09,HSI,恒生指数,3969.44,3940.54,3984.97,3939.7,1.14
1991-09-10,HSI,恒生指数,3940.54,3959.27,3959.73,3931.18,0.72
1991-09-11,HSI,恒生指数,3959.79,3966.93,3976.22,3958.67,0.44
1991-09-12,HSI,恒生指数,3966.93,3970.1,3977.32,3966.6,0.27
1991-09-13,HSI,恒生指数,3957.29,3974.12,3976.96,3956.12,0.52
1991-09-16,HSI,恒生指数,3976.76,3953.53,3988.43,3945.93,1.07
1991-09-17,HSI,恒生指数,3953.53,3938.71,3959.33,3926.76,0.82
1991-09-18,HSI,恒生指数,3938.71,3900.48,3942.32,3900.48,1.06
1991-09-19,HSI,恒生指数,3897.78,3863.68,3897.78,3863.15,0.89
1991-09-20,HSI,恒生指数,3858.21,3910.34,3930.72,3858.21,1.88
1991-09-24,HSI,恒生指数,3910.68,3904.19,3916.36,3898.16,0.47
1991-09-25,HSI,恒生指数,3903.62,3901.95,3912.88,3897.84,0.39
1991-09-26,HSI,恒生指数,3901.95,3927.98,3940.69,3901.95,0.99
1991-09-27,HSI,恒生指数,3926.06,3938.72,3947.72,3926.06,0.55
1991-09-30,HSI,恒生指数,3940.76,3956.69,3964.63,3940.76,0.61
1991-10-01,HSI,恒生指数,3958.22,4023.87,4023.87,3958.22,1.66
1991-10-02,HSI,恒生指数,4029.09,4062.07,4078.66,4029.09,1.23
1991-10-03,HSI,恒生指数,4069.09,4093.41,4093.41,4069.09,0.6
1991-10-04,HSI,恒生指数,4081.0,4067.69,4087.94,4063.15,0.61
1991-10-07,HSI,恒生指数,4073.12,4060.37,4076.14,4048.95,0.67
1991-10-08,HSI,恒生指数,4060.37,4066.85,4066.85,4040.1,0.66
1991-10-09,HSI,恒生指数,4064.98,4076.38,4088.95,4043.64,1.11
1991-10-10,HSI,恒生指数,4080.73,4056.22,4091.57,4056.22,0.87
1991-10-11,HSI,恒生指数,4052.2,4017.98,4052.2,4007.46,1.1
1991-10-14,HSI,恒生指数,4017.98,4022.21,4035.4,3996.69,0.96
1991-10-15,HSI,恒生指数,4023.22,4033.75,4044.24,4023.22,0.52
1991-10-17,HSI,恒生指数,4037.26,4018.43,4053.17,4011.09,1.04
1991-10-18,HSI,恒生指数,4018.43,4015.91,4023.81,3993.7,0.75
1991-10-21,HSI,恒生指数,4015.91,3998.74,4032.43,3996.46,0.9
1991-10-22,HSI,恒生指数,3997.9,3981.66,3997.9,3977.89,0.5
1991-10-23,HSI,恒生指数,3985.17,4021.38,4024.46,3980.5,1.1
1991-10-24,HSI,恒生指数,4036.06,3989.34,4050.08,3989.34,1.51
1991-10-25,HSI,恒生指数,3989.34,3971.9,3992.92,3969.14,0.6
1991-10-28,HSI,恒生指数,3971.33,3988.6,3993.35,3969.45,0.6
1991-10-29,HSI,恒生指数,3988.82,4000.05,4020.6,3988.82,0.8
1991-10-30,HSI,恒生指数,4000.26,4020.04,4030.51,4000.26,0.76
1991-10-31,HSI,恒生指数,4020.04,4038.74,4053.43,4017.47,0.89
1991-11-01,HSI,恒生指数,4041.35,4037.82,4047.49,4028.18,0.48
1991-11-04,HSI,恒生指数,4038.45,4083.04,4085.39,4038.45,1.16
1991-11-05,HSI,恒生指数,4083.04,4146.54,4149.39,4083.04,1.63
1991-11-06,HSI,恒生指数,4156.65,4173.57,4185.02,4156.65,0.68
1991-11-07,HSI,恒生指数,4165.18,4184.74,4184.74,4152.55,0.77
1991-11-08,HSI,恒生指数,4187.25,4236.64,4236.64,4187.25,1.18
1991-11-11,HSI,恒生指数,4220.42,4230.91,4265.43,4219.67,1.08
1991-11-12,HSI,恒生指数,4220.33,4253.02,4253.84,4166.58,2.06
1991-11-13,HSI,恒生指数,4255.1,4240.28,4279.11,4229.77,1.16
1991-11-14,HSI,恒生指数,4240.28,4211.32,4241.05,4198.68,1.0
1991-11-15,HSI,恒生指数,4211.32,4271.34,4275.01,4208.52,1.58
1991-11-18,HSI,恒生指数,4228.17,4198.21,4231.86,4152.05,1.87
1991-11-19,HSI,恒生指数,4208.09,4261.23,4280.75,4208.09,1.73
1991-11-20,HSI,恒生指数,4250.15,4200.94,4250.15,4200.94,1.15
1991-11-21,HSI,恒生指数,4207.06,4234.57,4247.54,4206.67,0.97
1991-11-22,HSI,恒生指数,4230.63,4243.07,4243.56,4223.53,0.47
1991-11-25,HSI,恒生指数,4238.04,4220.74,4240.72,4210.45,0.71
1991-11-26,HSI,恒生指数,4216.21,4202.1,4232.03,4202.1,0.71
1991-11-27,HSI,恒生指数,4202.1,4179.3,4208.82,4162.69,1.1
1991-11-28,HSI,恒生指数,4177.34,4145.61,4177.34,4121.51,1.34
1991-11-29,HSI,恒生指数,4146.13,4149.8,4165.42,4143.61,0.53
1991-12-02,HSI,恒生指数,4149.8,4094.42,4149.8,4084.32,1.58
1991-12-03,HSI,恒生指数,4105.57,4124.38,4147.15,4105.57,1.02
1991-12-04,HSI,恒生指数,4125.8,4161.59,4173.37,4121.34,1.26
1991-12-05,HSI,恒生指数,4161.59,4157.15,4161.59,4151.54,0.24
1991-12-06,HSI,恒生指数,4145.5,4190.04,4191.93,4137.56,1.31
1991-12-09,HSI,恒生指数,4188.22,4203.2,4209.03,4183.98,0.6
1991-12-10,HSI,恒生指数,4198.98,4128.32,4198.98,4128.32,1.68
1991-12-11,HSI,恒生指数,4124.51,4097.23,4124.51,4086.5,0.92
1991-12-12,HSI,恒生指数,4099.14,4096.0,4129.91,4092.7,0.91
1991-12-13,HSI,恒生指数,4117.36,4155.48,4167.21,4117.36,1.22
1991-12-16,HSI,恒生指数,4156.16,4171.66,4172.43,4156.16,0.39
1991-12-17,HSI,恒生指数,4171.66,4185.03,4187.93,4158.79,0.7
1991-12-18,HSI,恒生指数,4183.99,4177.67,4193.72,4171.07,0.54
1991-12-19,HSI,恒生指数,4177.67,4182.81,4188.75,4176.76,0.29
1991-12-20,HSI,恒生指数,4182.81,4142.61,4183.56,4141.17,1.01
1991-12-23,HSI,恒生指数,4142.61,4146.12,4168.58,4142.61,0.63
1991-12-24,HSI,恒生指数,4155.94,4192.76,4194.93,4155.94,0.94
1991-12-27,HSI,恒生指数,4192.76,4236.2,4242.43,4192.76,1.18
1991-12-30,HSI,恒生指数,4240.48,4275.2,4277.69,4240.48,0.88
1991-12-31,HSI,恒生指数,4284.96,4297.33,4309.32,4284.34,0.58
1992-01-02,HSI,恒生指数,4297.33,4301.78,4316.6,4284.07,0.76
1992-01-03,HSI,恒生指数,4301.78,4307.13,4311.78,4294.18,0.41
1992-01-06,HSI,恒生指数,4319.74,4306.97,4330.86,4297.68,0.77
1992-01-07,HSI,恒生指数,4306.97,4347.93,4356.8,4303.46,1.24
1992-01-08,HSI,恒生指数,4347.93,4337.67,4373.66,4328.47,1.04
1992-01-09,HSI,恒生指数,4340.56,4334.54,4342.39,4326.18,0.37
1992-01-10,HSI,恒生指数,4334.93,4348.92,4368.57,4334.93,0.78
1992-01-13,HSI,恒生指数,4347.96,4325.91,4353.93,4319.13,0.8
1992-01-14,HSI,恒生指数,4326.75,4367.61,4373.54,4322.01,1.19
1992-01-15,HSI,恒生指数,4393.74,4382.66,4420.07,4371.82,1.1
1992-01-16,HSI,恒生指数,4383.58,4412.14,4424.34,4383.58,0.93
1992-01-17,HSI,恒生指数,4424.66,4454.89,4458.9,4422.53,0.82
1992-01-20,HSI,恒生指数,4469.17,4510.47,4529.39,4469.17,1.35
1992-01-21,HSI,恒生指数,4510.47,4522.21,4529.62,4488.54,0.91
1992-01-22,HSI,恒生指数,4518.72,4550.72,4564.33,4502.21,1.37
1992-01-23,HSI,恒生指数,4552.27,4625.84,4630.68,4542.52,1.94
1992-01-24,HSI,恒生指数,4607.59,4600.08,4635.1,4573.09,1.34
1992-01-27,HSI,恒生指数,4599.04,4554.73,4599.04,4541.9,1.24
1992-01-28,HSI,恒生指数,4557.6,4586.33,4602.43,4557.6,0.98
1992-01-29,HSI,恒生指数,4595.53,4571.13,4617.42,4566.49,1.11
1992-01-30,HSI,恒生指数,4569.75,4571.47,4571.47,4525.81,1.0
1992-01-31,HSI,恒生指数,4571.47,4601.78,4602.87,4571.47,0.69
1992-02-03,HSI,恒生指数,4603.03,4672.09,4673.61,4603.03,1.53
1992-02-07,HSI,恒生指数,4681.76,4711.37,4714.45,4679.66,0.74
1992-02-10,HSI,恒生指数,4710.68,4733.56,4742.91,4692.81,1.06
1992-02-11,HSI,恒生指数,4733.56,4674.52,4746.24,4673.63,1.53
1992-02-12,HSI,恒生指数,4675.78,4732.43,4737.28,4675.7,1.32
1992-02-13,HSI,恒生指数,4736.94,4763.5,4782.85,4736.94,0.97
1992-02-14,HSI,恒生指数,4761.74,4772.32,4796.0,4748.9,0.99
1992-02-17,HSI,恒生指数,4772.32,4719.19,4778.78,4714.85,1.34
1992-02-18,HSI,恒生指数,4720.22,4747.1,4769.69,4720.22,1.05
1992-02-19,HSI,恒生指数,4750.2,4725.7,4755.46,4725.7,0.63
1992-02-20,HSI,恒生指数,4723.41,4716.0,4723.41,4681.65,0.88
1992-02-21,HSI,恒生指数,4733.9,4736.47,4760.69,4730.45,0.64
1992-02-24,HSI,恒生指数,4737.06,4715.62,4737.06,4702.93,0.72
1992-02-25,HSI,恒生指数,4716.43,4760.2,4763.0,4714.99,1.02
1992-02-26,HSI,恒生指数,4766.48,4794.71,4802.86,4766.48,0.76
1992-02-27,HSI,恒生指数,4815.25,4895.13,4895.13,4815.25,1.67
1992-02-28,HSI,恒生指数,4921.5,4929.06,4966.88,4917.7,1.0
1992-03-02,HSI,恒生指数,4930.59,4952.19,4986.98,4905.75,1.65
1992-03-03,HSI,恒生指数,4952.19,4911.13,4966.07,4909.66,1.14
1992-03-04,HSI,恒生指数,4913.68,4954.5,4984.82,4913.68,1.45
1992-03-05,HSI,恒生指数,4964.23,4964.29,4985.76,4929.5,1.14
1992-03-06,HSI,恒生指数,4958.58,4908.9,4958.58,4879.01,1.6
1992-03-09,HSI,恒生指数,4908.9,4848.63,4911.45,4844.27,1.37
1992-03-10,HSI,恒生指数,4849.57,4918.95,4918.95,4849.57,1.43
1992-03-11,HSI,恒生指数,4962.18,5005.96,5018.86,4962.18,1.15
1992-03-12,HSI,恒生指数,5005.24,5042.81,5045.18,4975.61,1.39
1992-03-13,HSI,恒生指数,5046.73,5071.19,5113.85,5046.73,1.33
1992-03-16,HSI,恒生指数,5075.22,5059.86,5104.62,5047.25,1.13
1992-03-17,HSI,恒生指数,5059.86,5045.39,5059.86,5008.53,1.01
1992-03-18,HSI,恒生指数,4980.14,5036.07,5036.07,4938.87,1.93
1992-03-19,HSI,恒生指数,5035.12,4990.59,5085.92,4978.01,2.14
1992-03-20,HSI,恒生指数,5022.76,5015.81,5024.18,4961.02,1.27
1992-03-23,HSI,恒生指数,5018.4,5061.14,5063.59,5018.4,0.9
1992-03-24,HSI,恒生指数,5061.14,5052.32,5066.76,5034.14,0.64
1992-03-25,HSI,恒生指数,5051.55,5052.23,5068.23,5049.09,0.38
1992-03-26,HSI,恒生指数,5051.05,5037.71,5062.71,5003.61,1.17
1992-03-27,HSI,恒生指数,5036.94,5007.58,5056.77,5005.26,1.02
1992-03-30,HSI,恒生指数,5006.21,4978.27,5006.21,4969.76,0.73
1992-03-31,HSI,恒生指数,4978.27,4938.3,4984.69,4930.87,1.08
1992-04-01,HSI,恒生指数,4936.62,4909.96,4938.65,4876.23,1.26
1992-04-02,HSI,恒生指数,4909.96,4924.27,4925.87,4883.74,0.86
1992-04-03,HSI,恒生指数,4924.27,4916.7,4949.68,4909.04,0.83
1992-04-06,HSI,恒生指数,4911.15,4896.9,4911.95,4859.41,1.07
1992-04-07,HSI,恒生指数,4900.39,4926.43,4926.43,4900.39,0.53
1992-04-08,HSI,恒生指数,4915.24,4827.58,4915.24,4805.37,2.23
1992-04-09,HSI,恒生指数,4827.58,4729.39,4832.35,4729.39,2.13
1992-04-10,HSI,恒生指数,4787.87,4921.11,4931.13,4787.87,3.03
1992-04-13,HSI,恒生指数,4923.07,4889.14,4941.11,4885.98,1.12
1992-04-14,HSI,恒生指数,4882.19,4883.53,4892.16,4867.07,0.51
1992-04-15,HSI,恒生指数,4899.61,4986.11,4986.11,4899.61,1.77
1992-04-16,HSI,恒生指数,4990.6,5082.69,5086.17,4990.6,1.92
1992-04-21,HSI,恒生指数,5075.05,5093.09,5118.46,5072.53,0.9
1992-04-22,HSI,恒生指数,5094.15,5189.03,5197.62,5094.15,2.03
1992-04-23,HSI,恒生指数,5199.49,5287.78,5317.17,5199.49,2.27
1992-04-24,HSI,恒生指数,5312.84,5330.17,5368.0,5271.17,1.83
1992-04-27,HSI,恒生指数,5329.4,5371.77,5375.46,5295.06,1.51
1992-04-28,HSI,恒生指数,5378.45,5423.39,5442.9,5378.45,1.2
1992-04-29,HSI,恒生指数,5422.02,5362.41,5422.02,5361.42,1.12
1992-04-30,HSI,恒生指数,5374.39,5369.57,5397.92,5351.57,0.86
1992-05-01,HSI,恒生指数,5349.59,5484.21,5486.44,5349.59,2.55
1992-05-04,HSI,恒生指数,5520.87,5613.78,5624.59,5520.87,1.89
1992-05-05,HSI,恒生指数,5627.27,5631.21,5684.4,5601.6,1.47
1992-05-06,HSI,恒生指数,5624.02,5581.2,5646.46,5565.09,1.44
1992-05-07,HSI,恒生指数,5586.27,5629.58,5631.44,5586.27,0.81
1992-05-08,HSI,恒生指数,5627.05,5608.19,5651.34,5607.14,0.79
1992-05-11,HSI,恒生指数,5609.15,5632.34,5638.65,5577.2,1.1
1992-05-12,HSI,恒生指数,5632.34,5705.93,5722.96,5632.34,1.61
1992-05-13,HSI,恒生指数,5698.51,5757.95,5768.29,5698.51,1.22
1992-05-14,HSI,恒生指数,5757.48,5746.45,5833.44,5733.37,1.74
1992-05-15,HSI,恒生指数,5722.87,5704.5,5751.77,5693.58,1.01
1992-05-18,HSI,恒生指数,5684.85,5637.09,5690.51,5605.5,1.49
1992-05-19,HSI,恒生指数,5637.09,5642.24,5663.72,5635.87,0.49
1992-05-20,HSI,恒生指数,5663.83,5753.76,5761.89,5663.83,1.74
1992-05-21,HSI,恒生指数,5769.69,5865.61,5884.06,5769.69,1.99
1992-05-22,HSI,恒生指数,5869.55,5859.68,5923.94,5841.44,1.41
1992-05-25,HSI,恒生指数,5903.23,5993.11,6032.19,5903.23,2.2
1992-05-26,HSI,恒生指数,5995.43,6052.08,6052.59,5956.99,1.6
1992-05-27,HSI,恒生指数,6058.34,6082.7,6101.89,6005.28,1.6
1992-05-28,HSI,恒生指数,6094.7,5988.13,6105.41,5967.76,2.26
1992-05-29,HSI,恒生指数,5983.7,6080.15,6084.15,5970.74,1.89
1992-06-01,HSI,恒生指数,6099.41,6056.0,6161.2,6044.55,1.92
1992-06-02,HSI,恒生指数,6058.49,6059.39,6081.45,5999.85,1.35
1992-06-03,HSI,恒生指数,6057.64,6037.37,6057.64,5996.91,1.0
1992-06-04,HSI,恒生指数,6012.03,6035.8,6067.73,5979.73,1.46
1992-06-08,HSI,恒生指数,6026.05,5978.75,6039.94,5978.12,1.02
1992-06-09,HSI,恒生指数,5952.97,5940.19,5973.01,5898.18,1.25
1992-06-10,HSI,恒生指数,5941.56,5917.5,5989.16,5889.8,1.67
1992-06-11,HSI,恒生指数,5894.5,5826.54,5894.71,5791.13,1.75
1992-06-12,HSI,恒生指数,5829.87,5819.07,5881.8,5786.42,1.64
1992-06-16,HSI,恒生指数,5813.71,5846.75,5851.82,5763.24,1.52
1992-06-17,HSI,恒生指数,5841.53,5846.06,5891.25,5836.0,0.94
1992-06-18,HSI,恒生指数,5840.82,5796.1,5840.82,5790.51,0.86
1992-06-19,HSI,恒生指数,5790.32,5787.6,5791.81,5744.25,0.82
1992-06-22,HSI,恒生指数,5787.6,5819.94,5863.89,5787.6,1.32
1992-06-23,HSI,恒生指数,5820.32,5897.86,5897.93,5787.3,1.9
1992-06-24,HSI,恒生指数,5894.7,5965.21,5987.91,5894.7,1.58
1992-06-25,HSI,恒生指数,5965.21,6078.69,6106.27,5965.21,2.36
1992-06-26,HSI,恒生指数,6094.98,6113.1,6178.96,6090.03,1.46
1992-06-29,HSI,恒生指数,6113.1,6057.9,6124.68,6048.49,1.25
1992-06-30,HSI,恒生指数,6061.07,6103.92,6109.35,6038.38,1.17
1992-07-01,HSI,恒生指数,6107.27,6134.75,6164.19,6107.27,0.93
1992-07-02,HSI,恒生指数,6134.23,6073.74,6173.89,6073.74,1.63
1992-07-03,HSI,恒生指数,6073.74,6061.85,6077.92,5985.22,1.53
1992-07-06,HSI,恒生指数,6072.01,6024.77,6084.36,6021.65,1.03
1992-07-07,HSI,恒生指数,5997.16,5911.92,5997.16,5857.47,2.32
1992-07-08,HSI,恒生指数,5916.72,5981.91,5982.86,5900.91,1.39
1992-07-09,HSI,恒生指数,5976.56,5925.52,5980.49,5925.52,0.92
1992-07-10,HSI,恒生指数,5924.18,5981.36,5988.01,5923.27,1.09
1992-07-13,HSI,恒生指数,5988.33,6085.85,6088.65,5988.33,1.68
1992-07-14,HSI,恒生指数,6092.82,6097.19,6130.44,6092.82,0.62
1992-07-15,HSI,恒生指数,6098.34,6125.46,6145.82,6069.73,1.25
1992-07-16,HSI,恒生指数,6138.69,6162.53,6239.67,6138.69,1.65
1992-07-17,HSI,恒生指数,6159.18,6128.06,6159.42,6110.13,0.8
1992-07-20,HSI,恒生指数,6113.75,5986.49,6113.75,5984.97,2.1
1992-07-21,HSI,恒生指数,5961.2,6010.44,6058.09,5928.94,2.16
1992-07-23,HSI,恒生指数,5977.78,5917.16,5977.78,5917.16,1.01
1992-07-24,HSI,恒生指数,5916.55,5772.76,5916.55,5772.52,2.43
1992-07-27,HSI,恒生指数,5773.97,5664.39,5783.96,5657.56,2.19
1992-07-28,HSI,恒生指数,5664.39,5782.63,5782.63,5664.39,2.09
1992-07-29,HSI,恒生指数,5796.78,5857.29,5893.89,5796.78,1.68
1992-07-30,HSI,恒生指数,5880.61,5829.83,5902.42,5811.21,1.56
1992-07-31,HSI,恒生指数,5831.14,5881.13,5882.92,5805.97,1.32
1992-08-03,HSI,恒生指数,5885.73,5910.73,5937.26,5881.3,0.95
1992-08-04,HSI,恒生指数,5907.1,5859.78,5926.81,5847.26,1.35
1992-08-05,HSI,恒生指数,5855.37,5841.24,5868.1,5821.56,0.79
1992-08-06,HSI,恒生指数,5841.54,5865.27,5877.98,5839.17,0.66
1992-08-07,HSI,恒生指数,5847.78,5850.93,5854.34,5822.37,0.55
1992-08-10,HSI,恒生指数,5856.36,5867.94,5887.62,5840.49,0.81
1992-08-11,HSI,恒生指数,5866.13,5886.75,5901.44,5855.06,0.79
1992-08-12,HSI,恒生指数,5883.96,5879.19,5956.66,5876.35,1.36
1992-08-13,HSI,恒生指数,5877.99,5857.11,5877.99,5833.77,0.75
1992-08-14,HSI,恒生指数,5849.38,5822.59,5855.24,5818.17,0.63
1992-08-17,HSI,恒生指数,5829.28,5667.85,5830.1,5651.37,3.07
1992-08-18,HSI,恒生指数,5676.41,5675.16,5681.72,5621.7,1.06
1992-08-19,HSI,恒生指数,5681.13,5620.44,5722.41,5619.9,1.81
1992-08-20,HSI,恒生指数,5620.44,5481.61,5620.44,5377.14,4.33
1992-08-21,HSI,恒生指数,5489.73,5509.39,5532.61,5474.45,1.06
1992-08-24,HSI,恒生指数,5496.43,5390.93,5496.43,5389.79,1.94
1992-08-25,HSI,恒生指数,5366.71,5291.49,5366.71,5252.28,2.12
1992-08-26,HSI,恒生指数,5323.76,5478.81,5487.49,5323.76,3.09
1992-08-27,HSI,恒生指数,5480.36,5460.72,5566.81,5445.39,2.22
1992-08-28,HSI,恒生指数,5478.46,5628.6,5631.02,5478.46,2.79
1992-09-01,HSI,恒生指数,5631.7,5711.57,5711.57,5597.06,2.03
1992-09-02,HSI,恒生指数,5711.57,5734.45,5776.37,5705.02,1.25
1992-09-03,HSI,恒生指数,5735.64,5722.46,5762.91,5690.9,1.26
1992-09-04,HSI,恒生指数,5729.56,5707.51,5754.63,5690.54,1.12
1992-09-07,HSI,恒生指数,5698.08,5664.41,5724.4,5647.07,1.35
1992-09-08,HSI,恒生指数,5666.4,5700.59,5700.59,5658.0,0.75
1992-09-09,HSI,恒生指数,5700.59,5726.99,5739.32,5685.86,0.94
1992-09-10,HSI,恒生指数,5698.59,5631.55,5698.59,5613.09,1.49
1992-09-11,HSI,恒生指数,5627.95,5537.29,5627.95,5537.29,1.61
1992-09-14,HSI,恒生指数,5537.16,5607.15,5623.78,5537.16,1.56
1992-09-15,HSI,恒生指数,5609.19,5653.84,5671.97,5609.19,1.12
1992-09-16,HSI,恒生指数,5653.84,5633.13,5653.84,5599.1,0.97
1992-09-17,HSI,恒生指数,5613.26,5637.9,5638.59,5543.25,1.69
1992-09-18,HSI,恒生指数,5660.88,5689.32,5705.99,5660.88,0.8
1992-09-21,HSI,恒生指数,5689.32,5741.53,5749.15,5688.39,1.07
1992-09-22,HSI,恒生指数,5740.59,5740.18,5756.23,5709.73,0.81
1992-09-23,HSI,恒生指数,5737.11,5712.64,5754.13,5708.07,0.8
1992-09-24,HSI,恒生指数,5710.36,5658.73,5712.93,5622.7,1.58
1992-09-25,HSI,恒生指数,5663.59,5686.16,5689.13,5637.38,0.91
1992-09-28,HSI,恒生指数,5678.62,5597.2,5678.62,5579.46,1.74
1992-09-29,HSI,恒生指数,5604.41,5581.92,5636.28,5579.25,1.02
1992-09-30,HSI,恒生指数,5587.68,5505.44,5588.7,5473.69,2.06
1992-10-01,HSI,恒生指数,5502.68,5528.84,5544.92,5471.98,1.32
1992-10-02,HSI,恒生指数,5537.09,5595.44,5597.6,5537.09,1.09
1992-10-06,HSI,恒生指数,5550.46,5553.12,5559.19,5440.6,2.12
1992-10-07,HSI,恒生指数,5548.35,5589.03,5589.03,5498.07,1.64
1992-10-08,HSI,恒生指数,5563.77,5555.53,5604.95,5526.37,1.41
1992-10-09,HSI,恒生指数,5538.83,5596.71,5619.39,5519.3,1.8
1992-10-12,HSI,恒生指数,5658.8,5725.57,5790.7,5658.8,2.36
1992-10-13,HSI,恒生指数,5729.12,5756.1,5772.73,5729.12,0.76
1992-10-14,HSI,恒生指数,5758.7,5806.77,5807.13,5742.39,1.12
1992-10-15,HSI,恒生指数,5828.53,5913.64,5934.92,5828.53,1.83
1992-10-16,HSI,恒生指数,5918.13,5985.33,6022.26,5918.13,1.76
1992-10-19,HSI,恒生指数,6018.09,6089.91,6096.05,6018.09,1.3
1992-10-20,HSI,恒生指数,6093.4,6088.51,6167.02,6060.37,1.75
1992-10-21,HSI,恒生指数,6107.3,6200.85,6201.83,6074.01,2.1
1992-10-22,HSI,恒生指数,6275.82,6329.12,6340.31,6262.99,1.25
1992-10-23,HSI,恒生指数,6346.04,6262.54,6367.24,6255.96,1.76
1992-10-26,HSI,恒生指数,6148.75,6062.47,6148.75,6012.94,2.17
1992-10-27,HSI,恒生指数,6082.49,6218.01,6249.96,6082.49,2.76
1992-10-28,HSI,恒生指数,6200.43,6126.98,6202.71,6123.88,1.27
1992-10-29,HSI,恒生指数,6127.94,6117.5,6166.15,6113.16,0.86
1992-10-30,HSI,恒生指数,6122.1,6190.69,6190.69,6122.1,1.12
1992-11-02,HSI,恒生指数,6197.17,6231.17,6277.22,6197.17,1.29
1992-11-03,HSI,恒生指数,6229.01,6197.44,6234.56,6177.61,0.91
1992-11-04,HSI,恒生指数,6203.04,6325.37,6325.37,6113.37,3.42
1992-11-05,HSI,恒生指数,6332.35,6347.77,6397.27,6332.35,1.03
1992-11-06,HSI,恒生指数,6369.65,6315.01,6401.73,6312.24,1.41
1992-11-09,HSI,恒生指数,6319.84,6267.91,6324.68,6256.36,1.08
1992-11-10,HSI,恒生指数,6267.91,6273.08,6292.0,6253.96,0.61
1992-11-11,HSI,恒生指数,6276.3,6422.03,6431.61,6276.3,2.48
1992-11-12,HSI,恒生指数,6416.07,6447.11,6470.83,6391.53,1.23
1992-11-13,HSI,恒生指数,6424.05,6366.56,6424.05,6344.35,1.24
1992-11-16,HSI,恒生指数,6350.49,6294.83,6350.49,6261.99,1.39
1992-11-17,HSI,恒生指数,6285.71,6088.52,6285.71,6046.74,3.8
1992-11-18,HSI,恒生指数,6085.05,5848.33,6093.63,5848.33,4.03
1992-11-19,HSI,恒生指数,5909.26,5855.41,5916.13,5642.71,4.68
1992-11-20,HSI,恒生指数,5861.31,5878.18,5888.24,5795.34,1.59
1992-11-23,HSI,恒生指数,5903.03,5894.97,5905.48,5828.3,1.31
1992-11-24,HSI,恒生指数,5890.37,5972.52,5992.01,5890.37,1.72
1992-11-25,HSI,恒生指数,5973.15,5918.54,6013.35,5896.49,1.96
1992-11-26,HSI,恒生指数,5915.58,5913.18,5948.74,5901.38,0.8
1992-11-27,HSI,恒生指数,5923.8,5986.67,6002.54,5923.8,1.33
1992-11-30,HSI,恒生指数,5936.77,5810.63,5936.77,5810.63,2.11
1992-12-01,HSI,恒生指数,5676.35,5501.71,5676.35,5400.82,4.74
1992-12-02,HSI,恒生指数,5524.47,5411.65,5530.83,5391.71,2.53
1992-12-03,HSI,恒生指数,5383.34,4978.21,5383.34,4947.75,8.05
1992-12-04,HSI,恒生指数,5166.64,5268.1,5288.89,5166.64,2.46
1992-12-07,HSI,恒生指数,5234.85,5191.75,5234.85,5126.79,2.05
1992-12-08,HSI,恒生指数,5193.29,5202.36,5202.36,5099.39,1.98
1992-12-09,HSI,恒生指数,5222.12,5339.25,5346.38,5222.12,2.39
1992-12-10,HSI,恒生指数,5338.61,5273.79,5359.35,5251.41,2.02
1992-12-11,HSI,恒生指数,5268.55,5253.18,5268.55,5193.69,1.42
1992-12-14,HSI,恒生指数,5254.12,5267.73,5327.84,5247.58,1.53
1992-12-15,HSI,恒生指数,5280.98,5315.81,5339.16,5280.98,1.1
1992-12-16,HSI,恒生指数,5315.81,5415.96,5417.43,5309.25,2.04
1992-12-17,HSI,恒生指数,5389.75,5329.46,5412.36,5324.65,1.62
1992-12-18,HSI,恒生指数,5310.15,5192.66,5310.15,5162.5,2.77
1992-12-21,HSI,恒生指数,5181.43,5242.48,5251.03,5141.4,2.11
1992-12-22,HSI,恒生指数,5242.84,5297.74,5312.46,5242.84,1.33
1992-12-23,HSI,恒生指数,5304.73,5317.99,5379.67,5304.73,1.41
1992-12-24,HSI,恒生指数,5322.51,5442.01,5445.08,5322.51,2.3
1992-12-28,HSI,恒生指数,5453.71,5531.65,5546.41,5453.71,1.7
1992-12-29,HSI,恒生指数,5536.0,5444.13,5556.55,5433.49,2.22
1992-12-30,HSI,恒生指数,5446.56,5467.89,5476.98,5442.14,0.64
1992-12-31,HSI,恒生指数,5467.89,5512.39,5512.39,5467.89,0.81
1993-01-04,HSI,恒生指数,5512.92,5437.8,5512.92,5431.29,1.48
1993-01-05,HSI,恒生指数,5444.25,5548.03,5563.27,5444.25,2.19
1993-01-06,HSI,恒生指数,5556.06,5586.67,5596.75,5534.87,1.12
1993-01-07,HSI,恒生指数,5584.97,5547.32,5584.97,5524.45,1.08
1993-01-08,HSI,恒生指数,5539.09,5529.56,5552.39,5524.19,0.51
1993-01-11,HSI,恒生指数,5577.7,5673.1,5673.1,5577.7,1.73
1993-01-12,HSI,恒生指数,5673.73,5671.26,5716.84,5658.21,1.03
1993-01-13,HSI,恒生指数,5694.88,5778.74,5796.74,5694.88,1.8
1993-01-14,HSI,恒生指数,5761.56,5890.16,5890.16,5749.77,2.43
1993-01-15,HSI,恒生指数,5878.15,5871.8,5904.54,5815.68,1.51
1993-01-18,HSI,恒生指数,5864.04,5882.02,5897.37,5825.01,1.23
1993-01-19,HSI,恒生指数,5882.02,5897.9,5904.66,5841.94,1.07
1993-01-20,HSI,恒生指数,5897.25,5877.02,5902.09,5854.1,0.81
1993-01-21,HSI,恒生指数,5874.9,5914.39,5936.15,5857.42,1.34
1993-01-26,HSI,恒生指数,5948.78,5923.73,5970.47,5912.03,0.99
1993-01-27,HSI,恒生指数,5923.73,5939.89,5959.83,5902.25,0.97
1993-01-28,HSI,恒生指数,5918.18,5804.5,5918.18,5788.6,2.18
1993-01-29,HSI,恒生指数,5785.54,5751.4,5785.54,5679.36,1.83
1993-02-01,HSI,恒生指数,5743.32,5697.78,5743.32,5677.12,1.15
1993-02-02,HSI,恒生指数,5693.34,5662.53,5719.19,5661.25,1.02
1993-02-03,HSI,恒生指数,5662.53,5710.8,5728.73,5662.53,1.17
1993-02-04,HSI,恒生指数,5723.45,5778.01,5787.17,5723.45,1.12
1993-02-05,HSI,恒生指数,5787.33,5747.21,5826.1,5728.77,1.68
1993-02-08,HSI,恒生指数,5742.33,5786.65,5786.65,5706.61,1.39
1993-02-09,HSI,恒生指数,5791.14,5789.52,5815.02,5775.06,0.69
1993-02-10,HSI,恒生指数,5782.18,5835.55,5843.64,5772.4,1.23
1993-02-11,HSI,恒生指数,5833.37,5857.0,5867.1,5833.37,0.58
1993-02-12,HSI,恒生指数,5854.45,5858.15,5860.64,5819.92,0.7
1993-02-15,HSI,恒生指数,5874.74,6049.44,6058.45,5874.74,3.14
1993-02-16,HSI,恒生指数,6048.95,6065.62,6124.4,5982.13,2.35
1993-02-17,HSI,恒生指数,6044.54,6087.46,6142.09,6029.54,1.86
1993-02-18,HSI,恒生指数,6093.74,6186.94,6199.11,6093.74,1.73
1993-02-19,HSI,恒生指数,6243.29,6170.09,6268.99,6152.25,1.89
1993-02-22,HSI,恒生指数,6100.19,6231.88,6231.88,6090.36,2.29
1993-02-23,HSI,恒生指数,6227.8,6149.19,6227.8,6138.19,1.44
1993-02-24,HSI,恒生指数,6142.71,6177.69,6203.77,6078.55,2.04
1993-02-25,HSI,恒生指数,6176.89,6203.88,6206.8,6167.71,0.63
1993-02-26,HSI,恒生指数,6266.18,6351.99,6351.99,6265.16,1.4
1993-03-01,HSI,恒生指数,6353.05,6398.82,6407.94,6338.09,1.1
1993-03-02,HSI,恒生指数,6389.27,6344.23,6405.37,6340.5,1.01
1993-03-03,HSI,恒生指数,6345.44,6436.64,6438.85,6345.44,1.47
1993-03-04,HSI,恒生指数,6492.53,6467.8,6538.32,6466.98,1.11
1993-03-05,HSI,恒生指数,6496.27,6502.81,6519.91,6429.16,1.4
1993-03-08,HSI,恒生指数,6509.84,6482.16,6511.07,6433.21,1.2
1993-03-09,HSI,恒生指数,6485.29,6508.0,6557.1,6485.29,1.11
1993-03-10,HSI,恒生指数,6505.67,6488.46,6511.3,6471.91,0.61
1993-03-11,HSI,恒生指数,6470.02,6371.84,6470.02,6300.55,2.61
1993-03-12,HSI,恒生指数,6372.75,6170.4,6447.41,6170.4,4.35
1993-03-15,HSI,恒生指数,5919.46,5854.61,5934.47,5792.18,2.31
1993-03-16,HSI,恒生指数,5903.52,5980.04,5980.04,5903.52,1.31
1993-03-17,HSI,恒生指数,5949.41,5958.33,5960.17,5760.79,3.33
1993-03-18,HSI,恒生指数,5962.23,6051.26,6102.72,5962.23,2.36
1993-03-19,HSI,恒生指数,6061.12,6090.68,6100.12,6029.61,1.17
1993-03-22,HSI,恒生指数,6089.61,6060.04,6101.09,6016.12,1.4
1993-03-23,HSI,恒生指数,6051.28,6117.95,6125.64,6050.07,1.25
1993-03-24,HSI,恒生指数,6113.94,6212.19,6217.1,6103.01,1.86
1993-03-25,HSI,恒生指数,6232.05,6246.97,6323.54,6232.05,1.47
1993-03-26,HSI,恒生指数,6245.59,6341.25,6369.75,6225.21,2.31
1993-03-29,HSI,恒生指数,6322.65,6322.9,6369.85,6310.36,0.94
1993-03-30,HSI,恒生指数,6328.74,6406.49,6442.43,6328.74,1.8
1993-03-31,HSI,恒生指数,6415.05,6388.86,6440.68,6353.3,1.36
1993-04-01,HSI,恒生指数,6385.18,6408.88,6427.08,6385.18,0.66
1993-04-02,HSI,恒生指数,6395.71,6404.44,6418.45,6355.94,0.98
1993-04-06,HSI,恒生指数,6409.71,6340.83,6414.33,6334.42,1.25
1993-04-07,HSI,恒生指数,6326.51,6281.7,6326.51,6250.17,1.2
1993-04-08,HSI,恒生指数,6276.66,6285.67,6323.73,6258.93,1.03
1993-04-13,HSI,恒生指数,6285.67,6418.21,6418.4,6264.79,2.44
1993-04-14,HSI,恒生指数,6651.22,6789.74,6805.66,6651.22,2.41
1993-04-15,HSI,恒生指数,6783.52,6732.04,6796.69,6728.58,1.0
1993-04-16,HSI,恒生指数,6736.46,6697.15,6755.85,6686.99,1.02
1993-04-19,HSI,恒生指数,6689.98,6680.15,6709.38,6643.68,0.98
1993-04-20,HSI,恒生指数,6679.04,6638.54,6679.04,6618.6,0.9
1993-04-21,HSI,恒生指数,6638.54,6768.39,6768.39,6638.54,1.96
1993-04-22,HSI,恒生指数,6774.84,6759.24,6831.23,6734.14,1.43
1993-04-23,HSI,恒生指数,6756.19,6750.94,6777.24,6718.24,0.87
1993-04-26,HSI,恒生指数,6750.94,6845.75,6845.75,6750.94,1.4
1993-04-27,HSI,恒生指数,6857.94,6836.88,6899.85,6821.92,1.14
1993-04-28,HSI,恒生指数,6836.49,6894.9,6915.19,6801.07,1.67
1993-04-29,HSI,恒生指数,6864.48,6884.05,6898.87,6835.25,0.92
1993-04-30,HSI,恒生指数,6892.02,6830.51,6912.05,6828.21,1.22
1993-05-03,HSI,恒生指数,6830.51,6790.11,6830.51,6727.64,1.51
1993-05-04,HSI,恒生指数,6788.84,6827.29,6832.3,6757.46,1.1
1993-05-05,HSI,恒生指数,6821.32,6829.33,6856.46,6771.36,1.25
1993-05-06,HSI,恒生指数,6829.33,6795.52,6864.21,6786.39,1.14
1993-05-07,HSI,恒生指数,6788.65,6798.34,6803.93,6770.74,0.49
1993-05-10,HSI,恒生指数,6790.48,6739.23,6802.05,6735.92,0.97
1993-05-11,HSI,恒生指数,6731.64,6841.97,6872.79,6731.64,2.09
1993-05-12,HSI,恒生指数,6844.04,7002.6,7015.59,6844.04,2.51
1993-05-13,HSI,恒生指数,7041.3,7108.76,7130.37,7041.3,1.27
1993-05-14,HSI,恒生指数,7105.77,7005.29,7105.77,6973.84,1.86
1993-05-17,HSI,恒生指数,7039.07,7124.12,7149.18,7039.07,1.57
1993-05-18,HSI,恒生指数,7123.64,7149.3,7152.06,7095.0,0.8
1993-05-19,HSI,恒生指数,7142.45,7093.88,7142.45,7090.67,0.72
1993-05-20,HSI,恒生指数,7089.93,7118.96,7133.94,7029.68,1.47
1993-05-21,HSI,恒生指数,7163.11,7169.96,7233.35,7163.11,0.99
1993-05-24,HSI,恒生指数,7169.96,7276.39,7276.39,7169.96,1.48
1993-05-25,HSI,恒生指数,7278.66,7368.18,7374.07,7249.47,1.71
1993-05-26,HSI,恒生指数,7373.33,7349.72,7383.18,7313.39,0.95
1993-05-27,HSI,恒生指数,7359.21,7447.24,7459.08,7359.21,1.36
1993-05-28,HSI,恒生指数,7460.93,7397.91,7528.68,7391.22,1.85
1993-05-31,HSI,恒生指数,7391.48,7372.19,7404.3,7344.31,0.81
1993-06-01,HSI,恒生指数,7364.09,7375.81,7407.94,7320.78,1.18
1993-06-02,HSI,恒生指数,7370.02,7322.23,7372.22,7317.2,0.75
1993-06-03,HSI,恒生指数,7305.14,7155.29,7305.14,7138.71,2.27
1993-06-04,HSI,恒生指数,7145.52,7157.49,7240.54,7109.01,1.84
1993-06-07,HSI,恒生指数,7156.09,7124.73,7156.09,7094.27,0.86
1993-06-08,HSI,恒生指数,7124.73,7259.74,7266.88,7124.73,2.0
1993-06-09,HSI,恒生指数,7258.83,7339.08,7346.99,7258.83,1.21
1993-06-10,HSI,恒生指数,7322.14,7260.58,7322.14,7257.92,0.88
1993-06-11,HSI,恒生指数,7262.14,7266.74,7287.9,7247.85,0.55
1993-06-15,HSI,恒生指数,7286.56,7283.46,7347.1,7280.7,0.91
1993-06-16,HSI,恒生指数,7281.3,7304.83,7314.8,7230.15,1.16
1993-06-17,HSI,恒生指数,7304.83,7189.1,7304.83,7156.26,2.03
1993-06-18,HSI,恒生指数,7184.18,7200.75,7249.88,7104.31,2.02
1993-06-21,HSI,恒生指数,7188.06,7003.58,7188.06,7003.58,2.56
1993-06-22,HSI,恒生指数,7003.58,7046.73,7065.82,6981.04,1.21
1993-06-23,HSI,恒生指数,7046.73,7062.64,7097.94,7046.73,0.73
1993-06-25,HSI,恒生指数,7049.59,7014.08,7049.59,6928.13,1.72
1993-06-28,HSI,恒生指数,7012.33,7148.1,7166.2,7012.09,2.2
1993-06-29,HSI,恒生指数,7148.1,7107.47,7172.79,7068.93,1.45
1993-06-30,HSI,恒生指数,7107.47,7099.28,7145.52,7071.11,1.05
1993-07-01,HSI,恒生指数,7119.65,7205.38,7205.38,7106.05,1.4
1993-07-02,HSI,恒生指数,7205.38,7217.93,7236.51,7135.25,1.41
1993-07-05,HSI,恒生指数,7247.95,7205.41,7339.63,7189.5,2.08
1993-07-06,HSI,恒生指数,7185.81,7168.34,7196.79,7129.25,0.94
1993-07-07,HSI,恒生指数,7168.34,7141.11,7196.66,7137.99,0.82
1993-07-08,HSI,恒生指数,7135.57,7122.39,7169.28,7105.69,0.89
1993-07-09,HSI,恒生指数,7122.39,7070.61,7188.83,7070.61,1.66
1993-07-12,HSI,恒生指数,7070.61,6952.59,7070.61,6903.36,2.37
1993-07-13,HSI,恒生指数,6951.33,6956.1,6981.16,6914.87,0.95
1993-07-14,HSI,恒生指数,6957.36,6955.5,7028.64,6955.5,1.05
1993-07-15,HSI,恒生指数,6955.5,6978.54,7002.19,6950.3,0.75
1993-07-16,HSI,恒生指数,6978.54,6925.22,6978.54,6923.83,0.78
1993-07-19,HSI,恒生指数,6923.15,6813.72,6923.15,6775.66,2.13
1993-07-20,HSI,恒生指数,6814.55,6846.81,6856.58,6767.69,1.3
1993-07-21,HSI,恒生指数,6848.05,6839.98,6891.75,6819.01,1.06
1993-07-22,HSI,恒生指数,6832.75,6760.02,6832.75,6748.0,1.24
1993-07-23,HSI,恒生指数,6757.98,6750.33,6757.98,6707.93,0.74
1993-07-26,HSI,恒生指数,6750.95,6858.08,6876.27,6750.95,1.86
1993-07-27,HSI,恒生指数,6868.88,6865.97,6924.96,6845.76,1.15
1993-07-28,HSI,恒生指数,6861.32,6903.21,6908.23,6838.2,1.02
1993-07-29,HSI,恒生指数,6902.86,6899.93,6939.28,6874.16,0.94
1993-07-30,HSI,恒生指数,6899.93,6988.96,7004.88,6898.96,1.54
1993-08-02,HSI,恒生指数,6988.96,7029.03,7066.36,6988.96,1.11
1993-08-03,HSI,恒生指数,7044.24,7211.83,7212.81,7044.24,2.4
1993-08-04,HSI,恒生指数,7226.54,7164.2,7262.58,7148.46,1.58
1993-08-05,HSI,恒生指数,7211.37,7307.54,7310.7,7211.37,1.39
1993-08-06,HSI,恒生指数,7293.08,7396.77,7399.85,7281.62,1.62
1993-08-09,HSI,恒生指数,7409.42,7382.22,7497.79,7376.76,1.64
1993-08-10,HSI,恒生指数,7405.17,7329.81,7434.88,7283.66,2.05
1993-08-11,HSI,恒生指数,7327.63,7357.63,7357.63,7298.66,0.8
1993-08-12,HSI,恒生指数,7366.53,7339.55,7411.57,7334.48,1.05
1993-08-13,HSI,恒生指数,7348.58,7392.25,7401.58,7314.57,1.19
1993-08-16,HSI,恒生指数,7392.25,7489.49,7489.49,7392.25,1.32
1993-08-17,HSI,恒生指数,7500.05,7528.79,7541.77,7485.03,0.76
1993-08-18,HSI,恒生指数,7539.43,7560.97,7570.0,7492.67,1.03
1993-08-19,HSI,恒生指数,7556.63,7605.26,7615.06,7530.03,1.12
1993-08-20,HSI,恒生指数,7591.92,7545.36,7591.92,7504.26,1.15
1993-08-23,HSI,恒生指数,7546.91,7388.42,7549.9,7388.42,2.14
1993-08-24,HSI,恒生指数,7361.7,7327.68,7385.9,7313.79,0.98
1993-08-25,HSI,恒生指数,7326.41,7265.58,7370.37,7265.58,1.43
1993-08-26,HSI,恒生指数,7272.81,7449.08,7449.08,7272.81,2.43
1993-08-27,HSI,恒生指数,7440.53,7422.98,7440.53,7371.06,0.93
1993-08-31,HSI,恒生指数,7422.98,7549.73,7551.78,7422.98,1.74
1993-09-01,HSI,恒生指数,7559.36,7542.19,7589.55,7520.76,0.91
1993-09-02,HSI,恒生指数,7534.8,7493.45,7538.29,7444.83,1.24
1993-09-03,HSI,恒生指数,7493.45,7512.13,7551.68,7486.22,0.87
1993-09-06,HSI,恒生指数,7504.9,7519.66,7522.26,7482.79,0.53
1993-09-07,HSI,恒生指数,7519.66,7546.71,7563.49,7513.22,0.67
1993-09-08,HSI,恒生指数,7546.4,7607.13,7613.01,7523.94,1.18
1993-09-09,HSI,恒生指数,7607.57,7586.76,7663.63,7586.76,1.01
1993-09-10,HSI,恒生指数,7588.0,7593.45,7612.23,7549.8,0.82
1993-09-13,HSI,恒生指数,7594.36,7475.97,7615.77,7470.82,1.91
1993-09-14,HSI,恒生指数,7475.97,7473.85,7497.15,7436.26,0.81
1993-09-15,HSI,恒生指数,7486.21,7488.77,7541.02,7484.73,0.75
1993-09-16,HSI,恒生指数,7481.14,7418.11,7491.25,7408.27,1.11
1993-09-20,HSI,恒生指数,7394.79,7390.6,7407.36,7298.52,1.47
1993-09-21,HSI,恒生指数,7383.38,7495.31,7495.31,7376.15,1.61
1993-09-22,HSI,恒生指数,7500.85,7478.9,7517.62,7459.95,0.77
1993-09-23,HSI,恒生指数,7480.26,7581.0,7590.99,7480.26,1.48
1993-09-24,HSI,恒生指数,7525.31,7525.05,7531.47,7422.65,1.44
1993-09-27,HSI,恒生指数,7523.37,7452.09,7543.83,7445.89,1.3
1993-09-28,HSI,恒生指数,7462.61,7470.5,7497.88,7452.64,0.61
1993-09-29,HSI,恒生指数,7461.03,7551.1,7553.6,7461.03,1.24
1993-09-30,HSI,恒生指数,7578.11,7676.22,7678.62,7578.11,1.33
1993-10-04,HSI,恒生指数,7674.39,7744.32,7763.87,7668.69,1.24
1993-10-05,HSI,恒生指数,7750.3,7869.48,7878.35,7750.3,1.65
1993-10-06,HSI,恒生指数,7899.38,8041.57,8043.59,7899.38,1.83
1993-10-07,HSI,恒生指数,8017.17,8066.79,8082.1,7950.13,1.64
1993-10-08,HSI,恒生指数,8034.3,8005.56,8034.3,7961.76,0.9
1993-10-11,HSI,恒生指数,8035.01,8192.18,8195.22,8035.01,2.0
1993-10-12,HSI,恒生指数,8315.02,8253.45,8320.72,8231.11,1.09
1993-10-13,HSI,恒生指数,8241.03,8292.96,8304.36,8174.05,1.58
1993-10-14,HSI,恒生指数,8292.69,8412.4,8419.29,8280.22,1.68
1993-10-15,HSI,恒生指数,8592.38,8763.98,8777.14,8592.38,2.2
1993-10-18,HSI,恒生指数,8768.08,9031.13,9053.98,8701.98,4.02
1993-10-19,HSI,恒生指数,8988.83,8861.41,8997.66,8851.19,1.62
1993-10-20,HSI,恒生指数,8812.65,8902.8,8961.46,8732.61,2.58
1993-10-21,HSI,恒生指数,8929.1,8882.68,9044.71,8882.68,1.82
1993-10-22,HSI,恒生指数,8871.9,8719.32,8871.9,8695.72,1.98
1993-10-25,HSI,恒生指数,8719.32,8767.5,8805.11,8624.53,2.07
1993-10-26,HSI,恒生指数,8761.11,8790.9,8825.58,8750.17,0.86
1993-10-27,HSI,恒生指数,8781.52,8903.2,8914.54,8781.52,1.51
1993-10-28,HSI,恒生指数,8914.63,9010.27,9010.27,8914.63,1.07
1993-10-29,HSI,恒生指数,9023.76,9329.09,9386.69,9023.76,4.03
1993-11-01,HSI,恒生指数,9378.79,9635.21,9710.08,9378.79,3.55
1993-11-02,HSI,恒生指数,9629.19,9638.86,9716.38,9561.53,1.61
1993-11-03,HSI,恒生指数,9600.52,9342.45,9600.52,9341.58,2.69
1993-11-04,HSI,恒生指数,9346.43,9204.88,9353.31,9189.11,1.76
1993-11-05,HSI,恒生指数,9164.0,8996.93,9164.0,8834.69,3.58
1993-11-08,HSI,恒生指数,8957.16,9177.95,9177.95,8884.31,3.26
1993-11-09,HSI,恒生指数,9167.76,9088.47,9273.17,9059.14,2.33
1993-11-10,HSI,恒生指数,9109.9,9325.44,9325.44,9109.9,2.37
1993-11-11,HSI,恒生指数,9345.98,9674.83,9714.24,9345.98,3.95
1993-11-12,HSI,恒生指数,9676.07,9701.25,9726.88,9600.9,1.3
1993-11-15,HSI,恒生指数,9708.97,9733.34,9825.5,9708.97,1.2
1993-11-16,HSI,恒生指数,9683.03,9689.1,9703.82,9605.2,1.01
1993-11-17,HSI,恒生指数,9675.92,9506.98,9675.92,9493.4,1.88
1993-11-18,HSI,恒生指数,9326.99,9335.43,9454.63,9165.95,3.04
1993-11-19,HSI,恒生指数,9321.62,9263.94,9360.1,9193.04,1.79
1993-11-22,HSI,恒生指数,9267.37,9170.64,9333.06,9165.26,1.81
1993-11-23,HSI,恒生指数,9109.87,9036.02,9109.87,8923.0,2.04
1993-11-24,HSI,恒生指数,9027.9,9238.06,9256.52,9017.28,2.65
1993-11-25,HSI,恒生指数,9247.25,9286.31,9360.28,9213.06,1.59
1993-11-26,HSI,恒生指数,9283.85,9274.42,9361.06,9224.21,1.47
1993-11-29,HSI,恒生指数,9205.52,9012.77,9205.52,8870.59,3.61
1993-11-30,HSI,恒生指数,9012.57,9125.21,9125.21,8923.98,2.23
1993-12-01,HSI,恒生指数,9142.85,9254.03,9263.85,9102.85,1.76
1993-12-02,HSI,恒生指数,9270.9,9238.2,9367.52,9238.2,1.4
1993-12-03,HSI,恒生指数,9238.2,9294.35,9315.19,9222.03,1.01
1993-12-06,HSI,恒生指数,9294.35,9609.69,9617.39,9288.6,3.54
1993-12-07,HSI,恒生指数,9696.21,9736.57,9937.36,9696.21,2.51
1993-12-08,HSI,恒生指数,9757.06,9750.23,9792.97,9644.81,1.52
1993-12-09,HSI,恒生指数,9767.44,9990.26,9990.26,9752.46,2.44
1993-12-10,HSI,恒生指数,10125.3,10228.11,10268.16,10069.45,1.99
1993-12-13,HSI,恒生指数,10234.57,10248.59,10271.58,10101.59,1.66
1993-12-14,HSI,恒生指数,10223.35,10021.48,10223.35,9992.39,2.25
1993-12-15,HSI,恒生指数,10018.67,9945.26,10084.16,9891.71,1.92
1993-12-16,HSI,恒生指数,9978.69,10339.66,10352.87,9978.69,3.76
1993-12-17,HSI,恒生指数,10397.65,10568.86,10676.44,10397.65,2.7
1993-12-20,HSI,恒生指数,10575.21,10814.78,10824.36,10482.54,3.23
1993-12-21,HSI,恒生指数,10802.82,10524.28,10856.87,10516.72,3.15
1993-12-22,HSI,恒生指数,10519.13,10707.96,10712.27,10478.47,2.22
1993-12-23,HSI,恒生指数,10708.35,10881.2,10957.59,10708.35,2.33
1993-12-24,HSI,恒生指数,10924.2,11039.84,11044.65,10924.2,1.11
1993-12-28,HSI,恒生指数,11065.38,11570.22,11689.94,11065.38,5.66
1993-12-29,HSI,恒生指数,11586.69,11449.77,11641.81,11415.94,1.95
1993-12-30,HSI,恒生指数,11540.53,11877.39,11959.06,11540.53,3.66
1993-12-31,HSI,恒生指数,11778.92,11888.39,11888.39,11629.06,2.18
1994-01-03,HSI,恒生指数,11884.94,12086.49,12115.56,11810.27,2.57
1994-01-04,HSI,恒生指数,12093.64,12201.09,12599.23,12093.64,4.18
1994-01-05,HSI,恒生指数,12103.01,12167.93,12250.65,12007.86,1.99
1994-01-06,HSI,恒生指数,12138.55,11384.2,12138.55,11384.2,6.2
1994-01-07,HSI,恒生指数,11180.99,11001.48,11186.57,10611.73,5.05
1994-01-10,HSI,恒生指数,11092.08,11366.94,11421.8,11092.08,3.0
1994-01-11,HSI,恒生指数,11390.85,11155.81,11450.96,11072.28,3.33
1994-01-12,HSI,恒生指数,11139.17,10712.73,11139.17,10593.06,4.9
1994-01-13,HSI,恒生指数,10651.07,10176.51,10651.07,10162.2,4.56
1994-01-14,HSI,恒生指数,10386.66,10774.25,10809.26,10386.66,4.15
1994-01-17,HSI,恒生指数,10807.45,10792.92,10916.97,10712.08,1.9
1994-01-18,HSI,恒生指数,10773.25,11017.69,11218.24,10773.25,4.12
1994-01-19,HSI,恒生指数,11046.61,11363.77,11400.39,11046.61,3.21
1994-01-20,HSI,恒生指数,11438.95,11264.84,11637.41,11261.83,3.31
1994-01-21,HSI,恒生指数,11216.03,11459.37,11470.68,11129.36,3.03
1994-01-24,HSI,恒生指数,11515.58,11600.09,11708.56,11515.58,1.68
1994-01-25,HSI,恒生指数,11565.07,11490.94,11640.3,11404.22,2.04
1994-01-26,HSI,恒生指数,11385.55,11239.57,11385.55,11150.71,2.04
1994-01-27,HSI,恒生指数,11237.51,11470.42,11491.49,11237.51,2.26
1994-01-28,HSI,恒生指数,11564.24,11377.83,11641.01,11297.77,2.99
1994-01-31,HSI,恒生指数,11394.73,11487.02,11547.84,11364.72,1.61
1994-02-01,HSI,恒生指数,11523.53,11826.89,11826.89,11523.53,2.64
1994-02-02,HSI,恒生指数,11873.47,11785.83,11970.65,11785.57,1.56
1994-02-03,HSI,恒生指数,11805.35,11851.13,11947.28,11803.95,1.22
1994-02-04,HSI,恒生指数,11910.82,12157.57,12186.8,11910.82,2.33
1994-02-07,HSI,恒生指数,11934.19,11414.27,11934.19,11384.63,4.52
1994-02-08,HSI,恒生指数,11455.65,11454.16,11504.33,11163.43,2.99
1994-02-09,HSI,恒生指数,11447.92,11504.03,11599.2,11447.92,1.32
1994-02-14,HSI,恒生指数,11346.9,10988.81,11346.9,10898.48,3.9
1994-02-15,HSI,恒生指数,10934.82,11012.33,11012.33,10790.38,2.02
1994-02-16,HSI,恒生指数,11050.96,10634.14,11119.51,10634.14,4.41
1994-02-17,HSI,恒生指数,10716.0,10786.58,10819.31,10477.43,3.21
1994-02-18,HSI,恒生指数,10877.79,10825.88,10905.56,10729.29,1.63
1994-02-21,HSI,恒生指数,10761.67,10456.45,10761.67,10439.26,2.98
1994-02-22,HSI,恒生指数,10424.81,10674.01,10678.56,10298.99,3.63
1994-02-23,HSI,恒生指数,10653.34,10763.23,10815.21,10634.44,1.69
1994-02-24,HSI,恒生指数,10737.9,10432.02,10737.9,10403.17,3.11
1994-02-25,HSI,恒生指数,10244.2,10100.25,10244.2,9892.07,3.38
1994-02-28,HSI,恒生指数,10114.62,10410.23,10436.14,10114.62,3.18
1994-03-01,HSI,恒生指数,10387.61,10148.36,10387.61,10079.78,2.96
1994-03-02,HSI,恒生指数,9990.77,9877.43,10035.62,9819.76,2.13
1994-03-03,HSI,恒生指数,9774.39,9802.03,9953.17,9682.28,2.74
1994-03-04,HSI,恒生指数,9809.93,9918.19,10021.66,9809.93,2.16
1994-03-07,HSI,恒生指数,9935.38,10061.55,10188.11,9935.38,2.55
1994-03-08,HSI,恒生指数,10219.16,10294.58,10339.44,10219.16,1.2
1994-03-09,HSI,恒生指数,10288.68,10224.38,10288.68,10137.48,1.47
1994-03-10,HSI,恒生指数,10192.97,10129.05,10216.55,10091.41,1.22
1994-03-11,HSI,恒生指数,10106.94,9905.66,10106.94,9836.78,2.67
1994-03-14,HSI,恒生指数,9844.27,9980.07,9980.07,9634.48,3.49
1994-03-15,HSI,恒生指数,10062.77,9863.56,10101.14,9850.05,2.52
1994-03-16,HSI,恒生指数,9866.47,9720.61,9965.41,9718.65,2.5
1994-03-17,HSI,恒生指数,9720.0,9513.13,9788.81,9432.79,3.66
1994-03-18,HSI,恒生指数,9535.49,9132.31,9535.49,8996.03,5.67
1994-03-21,HSI,恒生指数,9105.51,8667.03,9132.39,8657.99,5.19
1994-03-22,HSI,恒生指数,8723.06,9012.17,9150.46,8533.99,7.11
1994-03-23,HSI,恒生指数,9078.13,9465.53,9470.42,9002.9,5.19
1994-03-24,HSI,恒生指数,9423.57,9320.75,9572.78,9211.81,3.81
1994-03-25,HSI,恒生指数,9287.31,9234.21,9411.35,9196.26,2.31
1994-03-28,HSI,恒生指数,9199.46,9197.03,9362.8,9173.77,2.05
1994-03-29,HSI,恒生指数,9236.63,9480.14,9484.79,9236.63,2.7
1994-03-30,HSI,恒生指数,9419.74,9232.21,9428.66,9178.01,2.64
1994-03-31,HSI,恒生指数,9161.07,9029.91,9161.07,8888.98,2.95
1994-04-06,HSI,恒生指数,9098.64,9234.31,9375.57,9098.64,3.07
1994-04-07,HSI,恒生指数,9231.13,9285.92,9310.04,9164.97,1.57
1994-04-08,HSI,恒生指数,9298.02,9298.22,9330.98,9242.31,0.95
1994-04-11,HSI,恒生指数,9284.9,9476.77,9485.51,9266.42,2.36
1994-04-12,HSI,恒生指数,9522.86,9738.09,9802.46,9522.86,2.95
1994-04-13,HSI,恒生指数,9769.88,9753.76,9905.83,9702.9,2.08
1994-04-14,HSI,恒生指数,9733.17,9600.63,9753.99,9597.01,1.61
1994-04-15,HSI,恒生指数,9600.34,9536.06,9672.53,9518.77,1.6
1994-04-18,HSI,恒生指数,9526.04,9506.84,9568.27,9415.53,1.6
1994-04-19,HSI,恒生指数,9379.59,9303.91,9379.59,9203.09,1.86
1994-04-20,HSI,恒生指数,9306.12,9221.01,9325.25,9221.01,1.12
1994-04-21,HSI,恒生指数,9152.86,8934.59,9152.86,8860.51,3.17
1994-04-22,HSI,恒生指数,9023.03,9156.85,9236.54,9023.03,2.39
1994-04-25,HSI,恒生指数,9152.8,9136.11,9198.47,9068.26,1.42
1994-04-26,HSI,恒生指数,9198.89,9328.64,9337.28,9171.87,1.81
1994-04-27,HSI,恒生指数,9324.22,9113.25,9324.22,9107.31,2.33
1994-04-28,HSI,恒生指数,9111.89,9163.09,9173.49,9013.82,1.75
1994-04-29,HSI,恒生指数,9133.2,8966.07,9133.2,8943.3,2.07
1994-05-02,HSI,恒生指数,8937.79,8799.7,8940.99,8777.68,1.82
1994-05-03,HSI,恒生指数,8797.69,8679.13,8822.28,8572.79,2.84
1994-05-04,HSI,恒生指数,8678.65,8369.44,8678.65,8359.41,3.68
1994-05-05,HSI,恒生指数,8336.6,8412.88,8451.71,8249.2,2.42
1994-05-06,HSI,恒生指数,8503.87,8620.27,8660.42,8503.87,1.86
1994-05-09,HSI,恒生指数,8581.39,8421.7,8581.39,8348.96,2.7
1994-05-10,HSI,恒生指数,8353.85,8540.09,8540.09,8289.37,2.98
1994-05-11,HSI,恒生指数,8672.1,8906.16,8943.5,8672.1,3.18
1994-05-12,HSI,恒生指数,8886.36,8878.86,8954.14,8795.73,1.78
1994-05-13,HSI,恒生指数,8959.61,9134.72,9146.33,8959.61,2.1
1994-05-16,HSI,恒生指数,9117.65,9253.41,9276.62,9107.87,1.85
1994-05-17,HSI,恒生指数,9236.54,9044.7,9285.22,9040.74,2.64
1994-05-18,HSI,恒生指数,9201.49,9476.64,9477.33,9201.49,3.05
1994-05-19,HSI,恒生指数,9467.21,9354.98,9484.14,9307.45,1.86
1994-05-20,HSI,恒生指数,9404.96,9631.63,9674.81,9404.96,2.88
1994-05-23,HSI,恒生指数,9605.09,9589.78,9773.23,9584.3,1.96
1994-05-24,HSI,恒生指数,9541.71,9490.11,9547.23,9433.03,1.19
1994-05-25,HSI,恒生指数,9497.5,9521.37,9664.07,9497.5,1.76
1994-05-26,HSI,恒生指数,9473.7,9481.71,9656.15,9442.12,2.25
1994-05-27,HSI,恒生指数,9516.96,9470.13,9575.13,9362.46,2.24
1994-05-30,HSI,恒生指数,9405.78,9523.63,9577.67,9381.47,2.07
1994-05-31,HSI,恒生指数,9495.93,9553.56,9568.78,9478.94,0.94
1994-06-01,HSI,恒生指数,9542.31,9512.07,9598.1,9497.99,1.05
1994-06-02,HSI,恒生指数,9406.91,9222.34,9406.91,9216.97,2.0
1994-06-03,HSI,恒生指数,9186.82,9234.27,9266.54,9149.23,1.27
1994-06-06,HSI,恒生指数,9231.07,9383.03,9416.51,9231.07,2.01
1994-06-07,HSI,恒生指数,9385.5,9247.88,9461.14,9205.5,2.72
1994-06-08,HSI,恒生指数,9250.94,9291.18,9334.73,9193.89,1.52
1994-06-09,HSI,恒生指数,9304.13,9190.64,9327.31,9190.64,1.47
1994-06-10,HSI,恒生指数,9183.48,9111.16,9183.48,8927.27,2.79
1994-06-15,HSI,恒生指数,9099.71,9149.52,9184.42,9091.34,1.02
1994-06-16,HSI,恒生指数,9174.97,9022.92,9189.83,9020.0,1.86
1994-06-17,HSI,恒生指数,9009.79,9113.96,9113.96,8884.35,2.54
1994-06-20,HSI,恒生指数,9077.1,8998.18,9077.1,8962.36,1.26
1994-06-21,HSI,恒生指数,8930.77,8857.78,8930.77,8793.04,1.53
1994-06-22,HSI,恒生指数,8822.29,8876.84,8911.77,8746.8,1.86
1994-06-23,HSI,恒生指数,8899.88,8966.79,9050.77,8899.88,1.7
1994-06-24,HSI,恒生指数,8960.73,8881.0,9052.92,8881.0,1.92
1994-06-27,HSI,恒生指数,8793.99,8647.48,8793.99,8640.88,1.72
1994-06-28,HSI,恒生指数,8723.88,8673.49,8777.58,8673.49,1.2
1994-06-29,HSI,恒生指数,8636.06,8640.31,8656.87,8461.61,2.25
1994-06-30,HSI,恒生指数,8640.7,8758.41,8843.68,8640.7,2.35
1994-07-01,HSI,恒生指数,8730.98,8634.37,8730.98,8508.93,2.54
1994-07-04,HSI,恒生指数,8636.56,8628.28,8685.67,8604.34,0.94
1994-07-05,HSI,恒生指数,8631.94,8623.19,8661.91,8616.82,0.52
1994-07-06,HSI,恒生指数,8625.53,8454.92,8633.59,8449.36,2.14
1994-07-07,HSI,恒生指数,8458.03,8490.86,8500.46,8298.03,2.39
1994-07-08,HSI,恒生指数,8489.25,8432.96,8489.52,8424.47,0.77
1994-07-11,HSI,恒生指数,8427.93,8394.94,8463.81,8387.61,0.9
1994-07-12,HSI,恒生指数,8407.36,8591.45,8608.12,8398.43,2.5
1994-07-13,HSI,恒生指数,8606.51,8828.91,8828.91,8606.51,2.59
1994-07-14,HSI,恒生指数,8864.82,8808.28,8944.31,8790.79,1.74
1994-07-15,HSI,恒生指数,8863.83,9117.02,9140.84,8863.83,3.14
1994-07-18,HSI,恒生指数,9149.09,9193.83,9228.5,9131.54,1.06
1994-07-19,HSI,恒生指数,9191.75,9145.01,9197.04,9091.67,1.15
1994-07-20,HSI,恒生指数,9149.79,9188.82,9322.72,9149.79,1.89
1994-07-21,HSI,恒生指数,9149.02,9117.66,9149.02,9028.55,1.31
1994-07-22,HSI,恒生指数,9129.62,9152.99,9202.31,9077.92,1.36
1994-07-25,HSI,恒生指数,9165.28,9174.62,9236.42,9165.28,0.78
1994-07-26,HSI,恒生指数,9177.27,9194.36,9257.46,9117.02,1.53
1994-07-27,HSI,恒生指数,9203.01,9402.18,9412.99,9203.01,2.28
1994-07-28,HSI,恒生指数,9427.43,9402.66,9541.65,9398.89,1.52
1994-07-29,HSI,恒生指数,9449.32,9482.81,9525.18,9438.41,0.92
1994-08-01,HSI,恒生指数,9510.45,9683.68,9743.34,9510.45,2.46
1994-08-02,HSI,恒生指数,9698.99,9695.03,9749.7,9628.64,1.25
1994-08-03,HSI,恒生指数,9781.4,9585.89,9795.88,9583.4,2.19
1994-08-04,HSI,恒生指数,9576.69,9642.85,9686.07,9508.73,1.85
1994-08-05,HSI,恒生指数,9628.83,9602.21,9630.79,9562.41,0.71
1994-08-08,HSI,恒生指数,9602.21,9537.87,9631.77,9534.65,1.01
1994-08-09,HSI,恒生指数,9533.18,9446.43,9561.45,9406.06,1.63
1994-08-10,HSI,恒生指数,9496.83,9618.08,9619.6,9475.16,1.53
1994-08-11,HSI,恒生指数,9584.97,9524.54,9607.03,9509.14,1.02
1994-08-12,HSI,恒生指数,9486.25,9464.56,9486.25,9423.89,0.65
1994-08-15,HSI,恒生指数,9482.42,9486.13,9544.47,9458.03,0.91
1994-08-16,HSI,恒生指数,9444.3,9366.62,9444.3,9340.02,1.1
1994-08-17,HSI,恒生指数,9361.44,9537.98,9585.06,9361.44,2.39
1994-08-18,HSI,恒生指数,9561.09,9518.89,9582.76,9509.46,0.77
1994-08-19,HSI,恒生指数,9508.43,9404.44,9508.43,9353.01,1.63
1994-08-22,HSI,恒生指数,9406.96,9457.33,9461.68,9372.89,0.94
1994-08-23,HSI,恒生指数,9449.91,9234.06,9449.91,9234.06,2.28
1994-08-24,HSI,恒生指数,9215.21,9238.69,9248.24,9130.07,1.28
1994-08-25,HSI,恒生指数,9300.48,9336.11,9387.75,9300.48,0.94
1994-08-26,HSI,恒生指数,9392.25,9399.08,9435.76,9330.25,1.13
1994-08-30,HSI,恒生指数,9450.02,9686.56,9688.38,9450.02,2.54
1994-08-31,HSI,恒生指数,9708.65,9929.39,9929.39,9708.65,2.28
1994-09-01,HSI,恒生指数,9922.85,9890.9,10018.65,9830.02,1.9
1994-09-02,HSI,恒生指数,9881.26,9901.56,9936.2,9846.24,0.91
1994-09-05,HSI,恒生指数,9910.21,9962.04,10064.86,9910.21,1.56
1994-09-06,HSI,恒生指数,9961.65,10035.97,10035.97,9885.56,1.51
1994-09-07,HSI,恒生指数,10032.37,10165.87,10229.7,10032.37,1.97
1994-09-08,HSI,恒生指数,10166.33,10150.98,10207.21,10105.79,1.0
1994-09-09,HSI,恒生指数,10170.17,10145.02,10280.46,10142.35,1.36
1994-09-12,HSI,恒生指数,10013.34,9890.37,10013.34,9856.11,1.55
1994-09-13,HSI,恒生指数,9891.31,9937.01,9950.93,9825.31,1.27
1994-09-14,HSI,恒生指数,9963.83,9846.4,10021.55,9845.07,1.78
1994-09-15,HSI,恒生指数,9812.8,9862.64,9862.88,9782.71,0.81
1994-09-16,HSI,恒生指数,9903.78,9968.52,9968.52,9882.51,0.87
1994-09-19,HSI,恒生指数,9920.32,9801.43,9920.32,9786.66,1.34
1994-09-20,HSI,恒生指数,9811.49,9824.75,9857.99,9797.14,0.62
1994-09-22,HSI,恒生指数,9733.43,9668.14,9733.43,9581.88,1.54
1994-09-23,HSI,恒生指数,9657.81,9632.47,9687.67,9620.73,0.69
1994-09-26,HSI,恒生指数,9638.43,9643.63,9700.92,9632.51,0.71
1994-09-27,HSI,恒生指数,9637.81,9610.24,9647.61,9577.28,0.73
1994-09-28,HSI,恒生指数,9617.74,9693.49,9747.45,9617.74,1.35
1994-09-29,HSI,恒生指数,9720.6,9700.21,9817.51,9687.06,1.35
1994-09-30,HSI,恒生指数,9674.39,9521.24,9674.39,9495.25,1.85
1994-10-03,HSI,恒生指数,9516.11,9492.49,9541.72,9453.72,0.92
1994-10-04,HSI,恒生指数,9482.42,9504.12,9547.78,9464.05,0.88
1994-10-05,HSI,恒生指数,9453.23,9298.36,9453.23,9292.23,1.69
1994-10-06,HSI,恒生指数,9258.44,9276.25,9313.93,9230.62,0.9
1994-10-07,HSI,恒生指数,9273.86,9284.88,9306.21,9194.4,1.21
1994-10-10,HSI,恒生指数,9291.81,9248.4,9338.8,9186.59,1.64
1994-10-11,HSI,恒生指数,9271.13,9362.32,9392.53,9271.13,1.31
1994-10-12,HSI,恒生指数,9459.05,9532.35,9549.22,9459.05,0.96
1994-10-14,HSI,恒生指数,9617.93,9550.93,9659.99,9492.82,1.75
1994-10-17,HSI,恒生指数,9550.93,9455.94,9579.18,9453.15,1.32
1994-10-18,HSI,恒生指数,9451.32,9418.57,9453.08,9391.15,0.65
1994-10-19,HSI,恒生指数,9420.27,9320.06,9420.27,9317.66,1.09
1994-10-20,HSI,恒生指数,9317.47,9388.78,9396.34,9315.69,0.87
1994-10-21,HSI,恒生指数,9377.0,9338.59,9377.0,9291.08,0.92
1994-10-24,HSI,恒生指数,9298.79,9364.29,9364.29,9209.7,1.66
1994-10-25,HSI,恒生指数,9335.28,9246.5,9335.28,9243.59,0.98
1994-10-26,HSI,恒生指数,9234.12,9252.44,9273.86,9208.34,0.71
1994-10-27,HSI,恒生指数,9256.21,9304.58,9341.4,9256.21,0.92
1994-10-28,HSI,恒生指数,9326.13,9379.47,9383.12,9276.95,1.14
1994-10-31,HSI,恒生指数,9445.96,9646.25,9651.03,9445.96,2.19
1994-11-01,HSI,恒生指数,9651.34,9573.4,9675.51,9566.49,1.13
1994-11-02,HSI,恒生指数,9500.92,9451.76,9514.0,9429.73,0.88
1994-11-03,HSI,恒生指数,9441.53,9491.96,9551.35,9441.53,1.16
1994-11-04,HSI,恒生指数,9533.36,9530.4,9600.1,9495.35,1.1
1994-11-07,HSI,恒生指数,9513.95,9434.31,9513.95,9414.34,1.05
1994-11-08,HSI,恒生指数,9441.47,9416.09,9449.28,9402.17,0.5
1994-11-09,HSI,恒生指数,9399.64,9405.48,9435.43,9356.92,0.83
1994-11-10,HSI,恒生指数,9412.11,9390.76,9412.24,9372.93,0.42
1994-11-11,HSI,恒生指数,9391.21,9367.85,9391.21,9332.3,0.63
1994-11-14,HSI,恒生指数,9363.44,9378.92,9397.42,9334.89,0.67
1994-11-15,HSI,恒生指数,9385.33,9565.66,9570.63,9385.33,1.98
1994-11-16,HSI,恒生指数,9587.31,9592.24,9592.24,9504.1,0.92
1994-11-17,HSI,恒生指数,9595.43,9518.28,9620.32,9511.18,1.14
1994-11-18,HSI,恒生指数,9507.84,9427.44,9507.84,9373.69,1.41
1994-11-21,HSI,恒生指数,9406.52,9303.24,9406.52,9274.08,1.4
1994-11-22,HSI,恒生指数,9235.63,8948.43,9235.63,8930.1,3.28
1994-11-23,HSI,恒生指数,8757.85,8576.03,8757.85,8379.88,4.22
1994-11-24,HSI,恒生指数,8635.97,8647.86,8758.47,8634.48,1.45
1994-11-25,HSI,恒生指数,8648.42,8658.83,8687.01,8610.53,0.88
1994-11-28,HSI,恒生指数,8676.05,8662.37,8751.18,8625.72,1.45
1994-11-29,HSI,恒生指数,8669.26,8658.26,8701.35,8633.45,0.78
1994-11-30,HSI,恒生指数,8636.86,8466.26,8636.86,8428.57,2.41
1994-12-01,HSI,恒生指数,8465.24,8430.8,8555.26,8409.44,1.72
1994-12-02,HSI,恒生指数,8361.07,8221.57,8361.07,8135.64,2.67
1994-12-05,HSI,恒生指数,8289.47,8302.53,8375.08,8289.47,1.04
1994-12-06,HSI,恒生指数,8296.08,8332.65,8366.53,8170.19,2.36
1994-12-07,HSI,恒生指数,8298.86,8268.5,8347.88,8231.09,1.4
1994-12-08,HSI,恒生指数,8240.13,8068.31,8240.13,8062.63,2.15
1994-12-09,HSI,恒生指数,7944.76,7789.07,7944.76,7723.43,2.74
1994-12-12,HSI,恒生指数,7797.61,7707.78,7894.21,7670.83,2.87
1994-12-13,HSI,恒生指数,7742.3,7849.75,7863.01,7742.3,1.57
1994-12-14,HSI,恒生指数,7857.61,7997.35,8029.56,7857.61,2.19
1994-12-15,HSI,恒生指数,8076.34,8259.56,8263.39,8076.34,2.34
1994-12-16,HSI,恒生指数,8261.29,8166.39,8263.9,8141.16,1.49
1994-12-19,HSI,恒生指数,8223.7,8178.34,8326.78,8170.33,1.92
1994-12-20,HSI,恒生指数,8164.36,8267.33,8267.33,8079.17,2.3
1994-12-21,HSI,恒生指数,8273.75,8331.56,8336.07,8230.32,1.28
1994-12-22,HSI,恒生指数,8410.35,8412.66,8460.35,8379.2,0.97
1994-12-23,HSI,恒生指数,8419.14,8311.88,8419.92,8280.55,1.66
1994-12-28,HSI,恒生指数,8316.23,8268.22,8354.77,8268.22,1.04
1994-12-29,HSI,恒生指数,8222.16,8196.02,8222.16,8106.56,1.4
1994-12-30,HSI,恒生指数,8194.36,8191.04,8273.52,8187.93,1.04
1995-01-03,HSI,恒生指数,8190.42,7844.14,8190.42,7833.65,4.36
1995-01-04,HSI,恒生指数,7857.28,7887.01,7900.41,7773.14,1.62
1995-01-05,HSI,恒生指数,7908.0,7918.38,7923.76,7842.63,1.03
1995-01-06,HSI,恒生指数,7904.91,7683.25,7904.91,7628.16,3.5
1995-01-09,HSI,恒生指数,7678.64,7528.88,7678.64,7515.85,2.12
1995-01-10,HSI,恒生指数,7490.58,7541.72,7543.44,7365.06,2.37
1995-01-11,HSI,恒生指数,7610.79,7392.75,7726.06,7389.18,4.47
1995-01-12,HSI,恒生指数,7427.19,7418.05,7527.05,7394.78,1.79
1995-01-13,HSI,恒生指数,7400.81,7252.34,7400.81,7138.27,3.54
1995-01-16,HSI,恒生指数,7316.82,7504.24,7519.53,7316.82,2.8
1995-01-17,HSI,恒生指数,7556.67,7606.51,7642.32,7546.24,1.28
1995-01-18,HSI,恒生指数,7577.87,7630.2,7644.68,7530.79,1.5
1995-01-19,HSI,恒生指数,7623.12,7422.0,7623.12,7419.18,2.67
1995-01-20,HSI,恒生指数,7329.55,7278.1,7329.55,7210.92,1.6
1995-01-23,HSI,恒生指数,7243.1,6967.93,7243.1,6890.08,4.85
1995-01-24,HSI,恒生指数,6970.63,7022.9,7035.81,6908.57,1.83
1995-01-25,HSI,恒生指数,7034.25,7240.72,7252.32,7034.25,3.11
1995-01-26,HSI,恒生指数,7275.32,7310.53,7371.75,7256.82,1.59
1995-01-27,HSI,恒生指数,7300.65,7297.12,7349.5,7209.23,1.92
1995-01-30,HSI,恒生指数,7287.52,7342.65,7343.63,7267.39,1.04
1995-02-03,HSI,恒生指数,7383.67,7478.92,7542.08,7383.67,2.16
1995-02-06,HSI,恒生指数,7531.69,7897.8,7918.46,7531.69,5.17
1995-02-07,HSI,恒生指数,7927.11,8004.01,8146.81,7927.11,2.78
1995-02-08,HSI,恒生指数,7978.11,7934.83,7978.11,7851.5,1.58
1995-02-09,HSI,恒生指数,7914.62,8054.88,8084.47,7871.67,2.68
1995-02-10,HSI,恒生指数,8079.91,8012.82,8173.64,8000.78,2.15
1995-02-13,HSI,恒生指数,8010.66,7974.82,8018.48,7941.01,0.97
1995-02-14,HSI,恒生指数,7964.77,7862.67,7964.77,7809.63,1.95
1995-02-15,HSI,恒生指数,7857.7,8103.14,8103.14,7838.42,3.37
1995-02-16,HSI,恒生指数,8189.89,8133.34,8339.57,8119.75,2.71
1995-02-17,HSI,恒生指数,8111.04,8043.01,8159.43,8003.89,1.91
1995-02-20,HSI,恒生指数,8013.22,7906.74,8013.22,7853.1,1.99
1995-02-21,HSI,恒生指数,7899.86,8082.29,8082.29,7899.86,2.31
1995-02-22,HSI,恒生指数,8104.31,7909.27,8135.64,7877.11,3.2
1995-02-23,HSI,恒生指数,7933.95,7976.41,8033.83,7907.16,1.6
1995-02-24,HSI,恒生指数,8096.74,8218.95,8236.31,8096.74,1.75
1995-02-27,HSI,恒生指数,8094.96,8126.65,8146.38,8006.89,1.7
1995-02-28,HSI,恒生指数,8170.08,8327.52,8339.91,8168.55,2.11
1995-03-01,HSI,恒生指数,8337.74,8296.96,8369.88,8225.4,1.73
1995-03-02,HSI,恒生指数,8308.86,8253.33,8348.85,8233.88,1.39
1995-03-03,HSI,恒生指数,8224.15,8185.15,8224.15,8115.45,1.32
1995-03-06,HSI,恒生指数,8175.73,8093.91,8175.73,8079.1,1.18
1995-03-07,HSI,恒生指数,8065.9,8138.66,8159.23,8060.57,1.22
1995-03-08,HSI,恒生指数,8068.52,7929.99,8068.52,7905.75,2.0
1995-03-09,HSI,恒生指数,7983.54,8076.79,8076.79,7973.14,1.31
1995-03-10,HSI,恒生指数,8076.35,7949.39,8076.35,7936.89,1.73
1995-03-13,HSI,恒生指数,8021.78,8111.27,8123.34,8021.78,1.28
1995-03-14,HSI,恒生指数,8099.15,8094.58,8109.6,8040.5,0.85
1995-03-15,HSI,恒生指数,8156.84,8365.21,8380.39,8156.84,2.76
1995-03-16,HSI,恒生指数,8355.55,8347.75,8406.13,8316.79,1.07
1995-03-17,HSI,恒生指数,8428.39,8534.71,8563.2,8428.39,1.61
1995-03-20,HSI,恒生指数,8528.54,8594.43,8594.43,8501.24,1.09
1995-03-21,HSI,恒生指数,8622.96,8580.31,8659.0,8540.06,1.38
1995-03-22,HSI,恒生指数,8569.91,8509.11,8569.91,8462.81,1.25
1995-03-23,HSI,恒生指数,8504.67,8467.67,8509.74,8435.56,0.87
1995-03-24,HSI,恒生指数,8462.64,8484.66,8489.18,8416.58,0.86
1995-03-27,HSI,恒生指数,8574.31,8687.54,8715.16,8574.31,1.66
1995-03-28,HSI,恒生指数,8699.99,8827.93,8849.51,8664.97,2.12
1995-03-29,HSI,恒生指数,8795.27,8732.75,8795.27,8698.66,1.09
1995-03-30,HSI,恒生指数,8748.97,8670.73,8751.2,8670.73,0.92
1995-03-31,HSI,恒生指数,8718.77,8587.72,8743.38,8577.52,1.91
1995-04-03,HSI,恒生指数,8514.06,8400.44,8514.06,8362.2,1.77
1995-04-04,HSI,恒生指数,8428.91,8491.93,8502.42,8401.06,1.21
1995-04-06,HSI,恒生指数,8526.41,8418.18,8553.19,8413.32,1.65
1995-04-07,HSI,恒生指数,8426.92,8470.28,8483.37,8389.29,1.12
1995-04-10,HSI,恒生指数,8471.69,8469.78,8501.8,8422.04,0.94
1995-04-11,HSI,恒生指数,8470.02,8514.6,8537.01,8462.37,0.88
1995-04-12,HSI,恒生指数,8514.13,8509.69,8517.28,8454.23,0.74
1995-04-13,HSI,恒生指数,8532.57,8661.99,8662.93,8532.57,1.53
1995-04-18,HSI,恒生指数,8662.48,8644.97,8697.35,8628.33,0.8
1995-04-19,HSI,恒生指数,8629.07,8583.91,8629.07,8557.07,0.83
1995-04-20,HSI,恒生指数,8590.97,8631.37,8676.38,8590.97,1.0
1995-04-21,HSI,恒生指数,8640.3,8645.39,8670.85,8602.46,0.79
1995-04-24,HSI,恒生指数,8658.29,8625.55,8695.66,8593.42,1.18
1995-04-25,HSI,恒生指数,8633.29,8505.6,8633.29,8501.1,1.53
1995-04-26,HSI,恒生指数,8489.49,8285.69,8489.49,8188.98,3.53
1995-04-27,HSI,恒生指数,8271.59,8312.29,8355.43,8218.74,1.65
1995-04-28,HSI,恒生指数,8312.98,8361.03,8364.51,8236.63,1.54
1995-05-01,HSI,恒生指数,8351.15,8226.04,8351.15,8215.22,1.63
1995-05-02,HSI,恒生指数,8225.45,8212.11,8252.83,8095.35,1.91
1995-05-03,HSI,恒生指数,8229.37,8299.67,8316.99,8229.37,1.07
1995-05-04,HSI,恒生指数,8317.93,8319.75,8370.69,8317.93,0.64
1995-05-05,HSI,恒生指数,8307.88,8332.17,8340.4,8224.48,1.39
1995-05-08,HSI,恒生指数,8321.76,8488.36,8489.04,8316.64,2.07
1995-05-09,HSI,恒生指数,8521.46,8574.08,8590.81,8497.78,1.1
1995-05-10,HSI,恒生指数,8604.88,8797.87,8807.48,8604.88,2.36
1995-05-11,HSI,恒生指数,8858.72,9025.66,9025.66,8858.72,1.9
1995-05-12,HSI,恒生指数,9068.42,9217.83,9299.09,9065.23,2.59
1995-05-15,HSI,恒生指数,9216.91,9189.79,9276.72,9080.05,2.13
1995-05-16,HSI,恒生指数,9176.79,9162.32,9317.26,9161.91,1.69
1995-05-17,HSI,恒生指数,9146.79,9170.24,9194.06,9079.66,1.25
1995-05-18,HSI,恒生指数,9146.48,9115.72,9146.48,9069.25,0.84
1995-05-19,HSI,恒生指数,9002.19,9013.32,9023.7,8891.28,1.45
1995-05-22,HSI,恒生指数,9014.93,9058.74,9060.65,8987.47,0.81
1995-05-23,HSI,恒生指数,9112.25,9302.86,9334.38,9112.25,2.45
1995-05-24,HSI,恒生指数,9344.76,9258.18,9404.78,9257.81,1.58
1995-05-25,HSI,恒生指数,9259.8,9390.6,9408.37,9243.0,1.79
1995-05-26,HSI,恒生指数,9387.73,9329.18,9387.73,9301.88,0.91
1995-05-29,HSI,恒生指数,9302.09,9316.17,9316.17,9174.86,1.51
1995-05-30,HSI,恒生指数,9317.34,9245.3,9324.51,9237.3,0.94
1995-05-31,HSI,恒生指数,9248.12,9407.38,9448.05,9248.12,2.16
1995-06-01,HSI,恒生指数,9546.96,9559.74,9625.35,9546.96,0.83
1995-06-05,HSI,恒生指数,9561.89,9570.37,9676.1,9549.0,1.33
1995-06-06,HSI,恒生指数,9608.21,9497.83,9657.07,9485.9,1.79
1995-06-07,HSI,恒生指数,9494.6,9382.58,9494.6,9347.07,1.55
1995-06-08,HSI,恒生指数,9305.75,9292.78,9312.99,9194.71,1.26
1995-06-09,HSI,恒生指数,9300.42,9267.62,9305.29,9216.13,0.96
1995-06-12,HSI,恒生指数,9221.84,9121.45,9221.84,9065.77,1.68
1995-06-13,HSI,恒生指数,9132.0,9103.17,9201.02,9103.17,1.07
1995-06-14,HSI,恒生指数,9185.92,9364.77,9364.77,9185.92,1.96
1995-06-15,HSI,恒生指数,9354.02,9262.0,9354.02,9252.46,1.08
1995-06-16,HSI,恒生指数,9264.4,9313.95,9367.69,9260.67,1.16
1995-06-20,HSI,恒生指数,9362.08,9278.69,9414.24,9273.64,1.51
1995-06-21,HSI,恒生指数,9261.33,9243.65,9285.85,9232.84,0.57
1995-06-22,HSI,恒生指数,9243.62,9158.95,9243.62,9123.94,1.29
1995-06-23,HSI,恒生指数,9204.58,9224.36,9263.93,9204.58,0.65
1995-06-26,HSI,恒生指数,9223.91,9201.25,9223.91,9156.89,0.73
1995-06-27,HSI,恒生指数,9159.22,9199.54,9206.83,9105.01,1.11
1995-06-28,HSI,恒生指数,9199.97,9151.37,9213.77,9143.98,0.76
1995-06-29,HSI,恒生指数,9153.15,9200.13,9215.46,9153.15,0.68
1995-06-30,HSI,恒生指数,9192.87,9206.54,9237.28,9166.58,0.77
1995-07-03,HSI,恒生指数,9208.33,9138.21,9213.04,9110.7,1.11
1995-07-04,HSI,恒生指数,9143.01,9182.47,9184.78,9134.15,0.55
1995-07-05,HSI,恒生指数,9190.52,9407.27,9410.25,9190.52,2.39
1995-07-06,HSI,恒生指数,9446.2,9376.87,9519.78,9342.64,1.88
1995-07-07,HSI,恒生指数,9461.32,9632.25,9640.63,9461.32,1.91
1995-07-10,HSI,恒生指数,9704.5,9727.54,9772.27,9675.86,1.0
1995-07-11,HSI,恒生指数,9712.9,9669.97,9732.13,9639.36,0.95
1995-07-12,HSI,恒生指数,9646.32,9639.62,9699.9,9620.02,0.83
1995-07-13,HSI,恒生指数,9701.65,9742.44,9820.81,9701.65,1.24
1995-07-14,HSI,恒生指数,9735.79,9727.96,9744.93,9691.98,0.54
1995-07-17,HSI,恒生指数,9686.84,9633.98,9686.84,9598.21,0.91
1995-07-18,HSI,恒生指数,9648.92,9616.98,9679.35,9614.61,0.67
1995-07-19,HSI,恒生指数,9537.04,9418.91,9537.04,9370.14,1.74
1995-07-20,HSI,恒生指数,9359.23,9423.2,9423.2,9240.09,1.94
1995-07-21,HSI,恒生指数,9432.78,9410.23,9439.09,9374.13,0.69
1995-07-24,HSI,恒生指数,9386.85,9288.04,9386.85,9248.43,1.47
1995-07-25,HSI,恒生指数,9297.91,9359.1,9413.23,9269.38,1.55
1995-07-26,HSI,恒生指数,9393.77,9354.95,9454.94,9316.92,1.47
1995-07-27,HSI,恒生指数,9358.19,9361.33,9391.82,9297.04,1.01
1995-07-28,HSI,恒生指数,9371.75,9451.69,9466.06,9371.75,1.01
1995-07-31,HSI,恒生指数,9435.53,9453.42,9465.2,9434.7,0.32
1995-08-01,HSI,恒生指数,9436.05,9385.27,9441.13,9356.49,0.9
1995-08-02,HSI,恒生指数,9360.99,9410.14,9410.18,9286.99,1.31
1995-08-03,HSI,恒生指数,9423.7,9379.72,9461.8,9379.72,0.87
1995-08-04,HSI,恒生指数,9371.19,9362.83,9389.66,9341.92,0.51
1995-08-07,HSI,恒生指数,9348.47,9318.4,9350.16,9305.23,0.48
1995-08-08,HSI,恒生指数,9339.24,9303.82,9402.08,9301.86,1.08
1995-08-09,HSI,恒生指数,9289.56,9301.65,9312.02,9244.92,0.72
1995-08-10,HSI,恒生指数,9315.1,9142.55,9331.82,9132.6,2.14
1995-08-11,HSI,恒生指数,9113.22,9006.93,9113.22,8952.6,1.76
1995-08-14,HSI,恒生指数,8978.1,8924.27,8989.81,8887.98,1.13
1995-08-15,HSI,恒生指数,8943.69,8931.31,9003.46,8910.48,1.04
1995-08-16,HSI,恒生指数,8913.27,8985.05,9054.34,8878.83,1.97
1995-08-17,HSI,恒生指数,8986.71,8896.66,9033.62,8896.66,1.52
1995-08-18,HSI,恒生指数,8882.98,8895.82,8900.14,8815.88,0.95
1995-08-21,HSI,恒生指数,8914.85,8900.48,8931.53,8774.97,1.76
1995-08-22,HSI,恒生指数,8913.56,8947.19,8958.11,8907.39,0.57
1995-08-23,HSI,恒生指数,8953.91,9132.64,9133.41,8953.43,2.01
1995-08-24,HSI,恒生指数,9118.22,9058.34,9118.22,9022.23,1.05
1995-08-25,HSI,恒生指数,9065.96,9080.39,9104.59,9038.4,0.73
1995-08-29,HSI,恒生指数,9080.97,9152.89,9198.39,9080.97,1.29
1995-08-30,HSI,恒生指数,9155.64,9197.21,9211.65,9155.64,0.61
1995-08-31,HSI,恒生指数,9196.34,9179.86,9197.61,9126.56,0.77
1995-09-01,HSI,恒生指数,9185.83,9196.47,9214.21,9136.31,0.85
1995-09-04,HSI,恒生指数,9209.76,9252.95,9282.81,9209.76,0.79
1995-09-05,HSI,恒生指数,9251.26,9222.91,9252.43,9179.44,0.79
1995-09-06,HSI,恒生指数,9220.53,9194.68,9275.04,9170.21,1.14
1995-09-07,HSI,恒生指数,9200.27,9278.99,9298.35,9164.95,1.45
1995-09-08,HSI,恒生指数,9282.95,9393.21,9395.46,9262.59,1.43
1995-09-11,HSI,恒生指数,9421.4,9438.95,9492.98,9389.74,1.1
1995-09-12,HSI,恒生指数,9430.98,9434.81,9470.72,9390.38,0.85
1995-09-13,HSI,恒生指数,9482.11,9581.36,9614.15,9482.11,1.4
1995-09-14,HSI,恒生指数,9636.34,9680.1,9724.58,9636.34,0.92
1995-09-15,HSI,恒生指数,9710.91,9797.4,9797.4,9700.41,1.0
1995-09-18,HSI,恒生指数,9806.06,9770.05,9834.36,9734.68,1.02
1995-09-19,HSI,恒生指数,9696.7,9646.14,9696.7,9633.76,0.64
1995-09-20,HSI,恒生指数,9622.53,9630.96,9684.58,9597.87,0.9
1995-09-21,HSI,恒生指数,9637.51,9536.27,9662.59,9530.31,1.37
1995-09-22,HSI,恒生指数,9505.33,9541.87,9569.66,9448.66,1.27
1995-09-25,HSI,恒生指数,9509.6,9497.88,9509.6,9449.72,0.63
1995-09-26,HSI,恒生指数,9492.41,9583.34,9583.34,9492.41,0.96
1995-09-27,HSI,恒生指数,9585.47,9650.6,9659.56,9583.35,0.8
1995-09-28,HSI,恒生指数,9629.87,9600.56,9674.26,9584.53,0.93
1995-09-29,HSI,恒生指数,9602.09,9646.34,9646.34,9550.43,1.0
1995-10-02,HSI,恒生指数,9645.31,9724.98,9763.87,9642.55,1.26
1995-10-03,HSI,恒生指数,9724.1,9805.46,9815.54,9721.08,0.97
1995-10-04,HSI,恒生指数,9824.12,9939.95,9948.33,9824.12,1.27
1995-10-05,HSI,恒生指数,9948.76,9888.04,9962.56,9875.43,0.88
1995-10-06,HSI,恒生指数,9900.5,9873.9,9920.25,9832.24,0.89
1995-10-09,HSI,恒生指数,9864.43,9863.44,9871.86,9815.88,0.57
1995-10-10,HSI,恒生指数,9804.04,9730.92,9804.04,9724.69,0.8
1995-10-11,HSI,恒生指数,9686.03,9635.06,9756.87,9627.46,1.33
1995-10-12,HSI,恒生指数,9648.17,9685.14,9710.34,9648.17,0.65
1995-10-13,HSI,恒生指数,9708.5,9883.78,9883.78,9708.5,1.81
1995-10-16,HSI,恒生指数,9982.4,10009.28,10069.17,9982.4,0.88
1995-10-17,HSI,恒生指数,10005.77,10032.93,10032.93,9945.49,0.87
1995-10-18,HSI,恒生指数,10045.69,9973.7,10056.69,9957.99,0.98
1995-10-19,HSI,恒生指数,9964.8,9981.61,10025.38,9937.54,0.88
1995-10-20,HSI,恒生指数,9994.13,9895.24,10031.46,9875.36,1.56
1995-10-23,HSI,恒生指数,9883.1,9880.53,9883.1,9796.03,0.88
1995-10-24,HSI,恒生指数,9812.08,9775.66,9826.85,9763.66,0.64
1995-10-25,HSI,恒生指数,9792.21,9841.06,9860.59,9792.21,0.7
1995-10-26,HSI,恒生指数,9810.07,9774.48,9810.07,9749.29,0.62
1995-10-27,HSI,恒生指数,9714.35,9680.75,9719.96,9665.66,0.56
1995-10-30,HSI,恒生指数,9701.26,9672.39,9810.42,9672.39,1.43
1995-10-31,HSI,恒生指数,9655.45,9782.39,9787.45,9655.45,1.36
1995-11-02,HSI,恒生指数,9789.58,9749.36,9804.97,9731.75,0.75
1995-11-03,HSI,恒生指数,9781.8,9855.8,9855.8,9781.8,0.76
1995-11-06,HSI,恒生指数,9856.13,9736.1,9882.44,9733.02,1.52
1995-11-07,HSI,恒生指数,9720.41,9732.41,9759.45,9686.48,0.75
1995-11-08,HSI,恒生指数,9696.72,9562.45,9696.72,9522.54,1.79
1995-11-09,HSI,恒生指数,9609.82,9497.83,9655.59,9480.32,1.83
1995-11-10,HSI,恒生指数,9476.95,9411.85,9484.55,9388.18,1.01
1995-11-13,HSI,恒生指数,9404.21,9385.22,9470.55,9348.38,1.3
1995-11-14,HSI,恒生指数,9395.23,9407.37,9438.55,9313.4,1.33
1995-11-15,HSI,恒生指数,9416.86,9431.38,9471.64,9389.23,0.88
1995-11-16,HSI,恒生指数,9438.3,9367.65,9505.02,9345.22,1.69
1995-11-17,HSI,恒生指数,9384.85,9287.9,9414.88,9259.33,1.66
1995-11-20,HSI,恒生指数,9298.52,9373.91,9373.91,9269.99,1.12
1995-11-21,HSI,恒生指数,9388.56,9452.09,9452.61,9310.87,1.51
1995-11-22,HSI,恒生指数,9483.88,9501.61,9570.34,9479.82,0.96
1995-11-23,HSI,恒生指数,9535.78,9505.67,9565.14,9482.13,0.87
1995-11-24,HSI,恒生指数,9494.64,9488.75,9498.19,9432.18,0.69
1995-11-27,HSI,恒生指数,9502.5,9523.87,9553.78,9487.67,0.7
1995-11-28,HSI,恒生指数,9542.48,9623.79,9628.19,9542.48,0.9
1995-11-29,HSI,恒生指数,9623.41,9617.32,9648.84,9579.74,0.72
1995-11-30,HSI,恒生指数,9622.0,9813.34,9831.1,9622.0,2.17
1995-12-01,HSI,恒生指数,9832.23,9862.55,9920.87,9829.28,0.93
1995-12-04,HSI,恒生指数,9889.92,9940.63,9971.68,9889.92,0.83
1995-12-05,HSI,恒生指数,10022.83,9975.37,10063.14,9917.32,1.47
1995-12-06,HSI,恒生指数,9990.15,9898.89,9990.15,9867.37,1.23
1995-12-07,HSI,恒生指数,9893.74,9863.98,9893.74,9771.44,1.24
1995-12-08,HSI,恒生指数,9842.64,9863.61,9878.78,9795.82,0.84
1995-12-11,HSI,恒生指数,9868.49,9835.17,9868.49,9814.66,0.55
1995-12-12,HSI,恒生指数,9846.38,9927.79,9947.65,9840.87,1.09
1995-12-13,HSI,恒生指数,9927.39,9920.88,9969.63,9903.26,0.67
1995-12-14,HSI,恒生指数,9931.08,9912.84,9931.08,9875.59,0.56
1995-12-15,HSI,恒生指数,9903.35,9858.65,9903.35,9815.71,0.88
1995-12-18,HSI,恒生指数,9852.2,9806.58,9852.2,9765.26,0.88
1995-12-19,HSI,恒生指数,9691.8,9705.86,9715.54,9647.74,0.69
1995-12-20,HSI,恒生指数,9750.82,9877.86,9877.86,9750.82,1.31
1995-12-21,HSI,恒生指数,9873.06,9907.61,9928.41,9838.73,0.91
1995-12-22,HSI,恒生指数,9916.64,9932.2,9948.97,9907.81,0.42
1995-12-27,HSI,恒生指数,9957.8,9985.23,10006.69,9957.8,0.49
1995-12-28,HSI,恒生指数,9950.85,9998.17,9999.1,9873.78,1.26
1995-12-29,HSI,恒生指数,9998.17,10073.39,10073.39,9990.13,0.83
1996-01-02,HSI,恒生指数,10070.79,10204.87,10204.87,10070.79,1.33
1996-01-03,HSI,恒生指数,10252.05,10397.44,10397.44,10252.05,1.42
1996-01-04,HSI,恒生指数,10506.56,10573.9,10654.78,10506.56,1.43
1996-01-05,HSI,恒生指数,10470.37,10529.9,10591.43,10417.65,1.64
1996-01-08,HSI,恒生指数,10549.1,10466.67,10617.98,10463.72,1.46
1996-01-09,HSI,恒生指数,10462.89,10427.2,10520.76,10386.54,1.28
1996-01-10,HSI,恒生指数,10330.02,10304.63,10388.38,10285.06,0.99
1996-01-11,HSI,恒生指数,10228.95,10429.82,10435.6,10196.0,2.33
1996-01-12,HSI,恒生指数,10493.96,10540.01,10633.68,10447.23,1.79
1996-01-15,HSI,恒生指数,10550.84,10634.5,10657.31,10550.84,1.01
1996-01-16,HSI,恒生指数,10639.31,10671.15,10673.49,10559.47,1.07
1996-01-17,HSI,恒生指数,10732.75,10593.82,10745.21,10565.23,1.69
1996-01-18,HSI,恒生指数,10549.87,10536.49,10614.78,10510.62,0.98
1996-01-19,HSI,恒生指数,10606.82,10764.09,10769.19,10606.82,1.54
1996-01-22,HSI,恒生指数,10835.81,10955.33,10955.33,10835.81,1.11
1996-01-23,HSI,恒生指数,10963.08,10957.22,10988.66,10857.23,1.2
1996-01-24,HSI,恒生指数,10939.49,10960.21,10992.58,10894.49,0.9
1996-01-25,HSI,恒生指数,11010.97,11103.08,11153.86,11010.97,1.3
1996-01-26,HSI,恒生指数,11074.65,11111.87,11131.26,11011.16,1.08
1996-01-29,HSI,恒生指数,11118.59,11058.97,11122.8,11013.01,0.99
1996-01-30,HSI,恒生指数,11053.32,11201.46,11213.41,11013.55,1.81
1996-01-31,HSI,恒生指数,11313.2,11359.7,11411.14,11281.6,1.16
1996-02-01,HSI,恒生指数,11352.41,11362.8,11385.42,11278.7,0.94
1996-02-02,HSI,恒生指数,11369.87,11469.4,11495.73,11308.73,1.65
1996-02-05,HSI,恒生指数,11486.38,11484.12,11521.06,11424.7,0.84
1996-02-06,HSI,恒生指数,11470.03,11391.38,11470.03,11361.76,0.94
1996-02-07,HSI,恒生指数,11297.63,11388.59,11423.13,11279.54,1.26
1996-02-08,HSI,恒生指数,11385.02,11331.77,11389.6,11260.1,1.14
1996-02-09,HSI,恒生指数,11338.97,11310.28,11404.85,11300.5,0.92
1996-02-12,HSI,恒生指数,11305.36,11256.59,11315.01,11232.84,0.73
1996-02-13,HSI,恒生指数,11264.36,11200.19,11357.61,11187.84,1.51
1996-02-14,HSI,恒生指数,11194.86,11364.46,11390.48,11184.2,1.84
1996-02-15,HSI,恒生指数,11363.46,11471.81,11518.8,11358.16,1.41
1996-02-16,HSI,恒生指数,11484.48,11594.99,11600.22,11484.48,1.01
1996-02-22,HSI,恒生指数,11539.56,11338.45,11539.56,11312.61,1.96
1996-02-23,HSI,恒生指数,11391.5,11390.41,11449.73,11251.95,1.74
1996-02-26,HSI,恒生指数,11380.51,11210.42,11380.51,11172.91,1.82
1996-02-27,HSI,恒生指数,11160.92,11197.02,11260.7,11107.75,1.36
1996-02-28,HSI,恒生指数,11219.22,11264.65,11288.09,11195.02,0.83
1996-02-29,HSI,恒生指数,11270.31,11125.68,11316.0,11039.12,2.46
1996-03-01,HSI,恒生指数,11098.79,11194.94,11197.08,11040.01,1.41
1996-03-04,HSI,恒生指数,11256.6,11254.05,11311.95,11222.88,0.8
1996-03-05,HSI,恒生指数,11286.23,11454.08,11459.77,11279.79,1.6
1996-03-06,HSI,恒生指数,11451.28,11378.73,11451.28,11345.5,0.92
1996-03-07,HSI,恒生指数,11373.69,11194.48,11373.69,11171.91,1.77
1996-03-08,HSI,恒生指数,11201.24,11217.79,11261.71,11153.73,0.96
1996-03-11,HSI,恒生指数,10883.66,10397.45,10883.66,10308.82,5.12
1996-03-12,HSI,恒生指数,10642.71,10602.45,10737.07,10565.42,1.65
1996-03-13,HSI,恒生指数,10417.75,10249.48,10417.75,10230.54,1.77
1996-03-14,HSI,恒生指数,10290.01,10451.75,10451.93,10239.5,2.07
1996-03-15,HSI,恒生指数,10522.61,10557.58,10648.55,10522.42,1.21
1996-03-18,HSI,恒生指数,10517.84,10601.28,10659.26,10484.49,1.66
1996-03-19,HSI,恒生指数,10683.22,10880.5,10883.44,10683.22,1.89
1996-03-20,HSI,恒生指数,10859.55,10836.53,10923.33,10779.81,1.32
1996-03-21,HSI,恒生指数,10811.59,11027.96,11027.96,10774.83,2.34
1996-03-22,HSI,恒生指数,11021.17,11026.73,11072.13,10976.84,0.86
1996-03-25,HSI,恒生指数,11021.5,11111.76,11165.07,11021.5,1.3
1996-03-26,HSI,恒生指数,11114.08,10984.47,11215.11,10959.12,2.3
1996-03-27,HSI,恒生指数,10985.21,11066.57,11066.57,10955.94,1.01
1996-03-28,HSI,恒生指数,11074.01,11030.58,11102.62,11014.5,0.8
1996-03-29,HSI,恒生指数,11022.07,10957.2,11070.43,10934.04,1.24
1996-04-01,HSI,恒生指数,10944.96,10926.84,11012.51,10887.76,1.14
1996-04-02,HSI,恒生指数,10965.65,11144.64,11144.64,10965.65,1.64
1996-04-03,HSI,恒生指数,11150.32,11139.88,11213.5,11114.98,0.88
1996-04-09,HSI,恒生指数,11004.32,11107.37,11119.02,10912.32,1.86
1996-04-10,HSI,恒生指数,11085.67,11077.55,11166.93,11043.27,1.11
1996-04-11,HSI,恒生指数,11007.23,10892.57,11007.23,10872.24,1.22
1996-04-12,HSI,恒生指数,10907.29,10849.8,10907.29,10805.93,0.93
1996-04-15,HSI,恒生指数,10909.35,10949.57,10964.35,10889.85,0.69
1996-04-16,HSI,恒生指数,10983.95,11032.98,11083.75,10983.95,0.91
1996-04-17,HSI,恒生指数,11033.17,10962.69,11036.94,10959.14,0.71
1996-04-18,HSI,恒生指数,10907.74,10909.29,10923.07,10867.87,0.5
1996-04-19,HSI,恒生指数,10890.29,10818.49,10890.29,10786.65,0.95
1996-04-22,HSI,恒生指数,10835.59,10909.98,10989.24,10835.59,1.42
1996-04-23,HSI,恒生指数,10932.15,10889.05,10960.72,10840.11,1.11
1996-04-24,HSI,恒生指数,10894.28,10898.69,10931.33,10878.48,0.49
1996-04-25,HSI,恒生指数,10870.64,10753.38,10870.64,10740.22,1.2
1996-04-26,HSI,恒生指数,10752.34,10732.79,10796.13,10712.69,0.78
1996-04-29,HSI,恒生指数,10747.87,10835.75,10877.79,10747.87,1.21
1996-04-30,HSI,恒生指数,10840.52,10964.53,10964.53,10800.06,1.52
1996-05-01,HSI,恒生指数,10954.64,10907.01,10971.18,10891.65,0.73
1996-05-02,HSI,恒生指数,10902.54,10929.9,10948.39,10891.61,0.52
1996-05-03,HSI,恒生指数,10798.11,10734.24,10798.11,10701.26,0.89
1996-05-06,HSI,恒生指数,10722.71,10697.54,10747.62,10649.9,0.91
1996-05-07,HSI,恒生指数,10688.46,10702.17,10732.02,10664.99,0.63
1996-05-08,HSI,恒生指数,10651.62,10617.32,10651.62,10569.26,0.77
1996-05-09,HSI,恒生指数,10646.47,10573.0,10693.13,10537.71,1.46
1996-05-10,HSI,恒生指数,10575.32,10597.73,10639.36,10575.32,0.61
1996-05-13,HSI,恒生指数,10651.94,10746.0,10751.02,10651.94,0.93
1996-05-14,HSI,恒生指数,10758.82,10817.88,10825.12,10758.82,0.62
1996-05-15,HSI,恒生指数,10848.26,10863.83,10916.55,10848.26,0.63
1996-05-16,HSI,恒生指数,10844.3,10833.41,10875.78,10812.72,0.58
1996-05-17,HSI,恒生指数,10831.09,10816.85,10870.94,10805.73,0.6
1996-05-20,HSI,恒生指数,10871.14,10987.59,11010.83,10871.14,1.29
1996-05-21,HSI,恒生指数,11052.76,11088.77,11121.91,11052.76,0.63
1996-05-22,HSI,恒生指数,11073.26,11082.79,11162.64,11051.58,1.0
1996-05-23,HSI,恒生指数,11105.73,11030.84,11156.63,11030.84,1.14
1996-05-24,HSI,恒生指数,11021.79,11019.16,11058.35,10995.39,0.57
1996-05-27,HSI,恒生指数,11018.39,11081.69,11106.26,11018.39,0.8
1996-05-28,HSI,恒生指数,11082.97,11107.02,11123.98,11049.14,0.68
1996-05-29,HSI,恒生指数,11085.37,11200.56,11200.56,11068.07,1.19
1996-05-30,HSI,恒生指数,11168.12,11157.07,11170.79,11097.48,0.65
1996-05-31,HSI,恒生指数,11160.81,11264.73,11264.73,11160.81,0.93
1996-06-03,HSI,恒生指数,11252.96,11059.81,11252.96,11052.34,1.78
1996-06-04,HSI,恒生指数,11059.39,11086.91,11102.18,11029.47,0.66
1996-06-05,HSI,恒生指数,11101.54,11092.51,11140.21,11055.9,0.76
1996-06-06,HSI,恒生指数,11103.33,11225.83,11225.83,11103.33,1.1
1996-06-07,HSI,恒生指数,11214.25,11196.55,11215.73,11158.12,0.51
1996-06-10,HSI,恒生指数,11154.85,11143.24,11186.09,11116.73,0.62
1996-06-11,HSI,恒生指数,11132.42,10993.55,11132.42,10977.34,1.39
1996-06-12,HSI,恒生指数,11000.7,10958.67,11000.7,10913.77,0.79
1996-06-13,HSI,恒生指数,10940.43,10866.02,10940.43,10806.29,1.22
1996-06-14,HSI,恒生指数,10865.97,10864.99,10929.03,10842.47,0.8
1996-06-18,HSI,恒生指数,10881.51,10952.78,10972.2,10881.51,0.83
1996-06-19,HSI,恒生指数,10942.66,10904.47,10953.78,10871.21,0.75
1996-06-21,HSI,恒生指数,10904.01,10855.29,10914.34,10799.17,1.06
1996-06-24,HSI,恒生指数,10869.83,10959.72,10966.99,10841.84,1.15
1996-06-25,HSI,恒生指数,10976.14,10982.77,11033.44,10972.19,0.56
1996-06-26,HSI,恒生指数,10974.64,11059.92,11074.52,10960.59,1.04
1996-06-27,HSI,恒生指数,11054.13,11002.45,11054.13,10947.73,0.96
1996-06-28,HSI,恒生指数,11002.45,11020.9,11057.12,10993.8,0.58
1996-07-01,HSI,恒生指数,11036.5,11002.61,11081.77,10979.44,0.93
1996-07-02,HSI,恒生指数,11052.07,11084.43,11087.52,11029.7,0.53
1996-07-03,HSI,恒生指数,11082.79,11063.28,11090.72,11030.85,0.54
1996-07-04,HSI,恒生指数,11063.08,11181.82,11181.82,11063.08,1.07
1996-07-05,HSI,恒生指数,11192.92,11177.13,11211.05,11132.67,0.7
1996-07-08,HSI,恒生指数,11044.37,10890.05,11044.37,10844.91,1.78
1996-07-09,HSI,恒生指数,10887.74,10929.63,10942.33,10872.45,0.64
1996-07-10,HSI,恒生指数,10951.67,10911.76,10992.91,10909.06,0.77
1996-07-11,HSI,恒生指数,10926.93,10921.35,10943.92,10892.59,0.47
1996-07-12,HSI,恒生指数,10860.21,10802.68,10860.21,10764.33,0.88
1996-07-15,HSI,恒生指数,10797.25,10800.13,10860.35,10797.25,0.58
1996-07-16,HSI,恒生指数,10675.84,10627.98,10675.84,10564.33,1.03
1996-07-17,HSI,恒生指数,10652.71,10609.1,10734.59,10595.9,1.3
1996-07-18,HSI,恒生指数,10618.38,10711.24,10738.26,10618.38,1.13
1996-07-19,HSI,恒生指数,10792.67,10845.3,10867.99,10785.15,0.77
1996-07-22,HSI,恒生指数,10838.38,10798.29,10852.56,10768.95,0.77
1996-07-23,HSI,恒生指数,10799.97,10865.31,10875.28,10742.19,1.23
1996-07-24,HSI,恒生指数,10875.52,10699.86,10880.08,10655.33,2.07
1996-07-25,HSI,恒生指数,10710.75,10706.97,10757.32,10683.92,0.69
1996-07-26,HSI,恒生指数,10750.59,10705.57,10802.37,10673.72,1.2
1996-07-29,HSI,恒生指数,10722.5,10651.8,10752.65,10623.91,1.2
1996-07-30,HSI,恒生指数,10639.79,10585.86,10639.79,10533.7,1.0
1996-07-31,HSI,恒生指数,10610.62,10681.42,10681.42,10574.2,1.01
1996-08-01,HSI,恒生指数,10705.98,10789.87,10794.35,10705.98,0.83
1996-08-02,HSI,恒生指数,10845.49,10961.97,10966.56,10845.49,1.12
1996-08-05,HSI,恒生指数,11071.41,11071.43,11127.94,11037.19,0.83
1996-08-06,HSI,恒生指数,11193.23,11134.6,11218.21,11052.41,1.5
1996-08-07,HSI,恒生指数,11097.77,11127.54,11154.64,11051.17,0.93
1996-08-08,HSI,恒生指数,11135.96,11164.36,11178.75,11135.96,0.38
1996-08-09,HSI,恒生指数,11162.38,11104.03,11162.38,11072.84,0.8
1996-08-12,HSI,恒生指数,11101.98,11181.88,11212.33,11098.91,1.02
1996-08-13,HSI,恒生指数,11186.01,11165.67,11260.99,11152.31,0.97
1996-08-14,HSI,恒生指数,11127.44,11166.77,11172.82,11096.27,0.69
1996-08-15,HSI,恒生指数,11178.38,11158.39,11212.37,11130.88,0.73
1996-08-16,HSI,恒生指数,11159.0,11175.98,11195.07,11130.99,0.57
1996-08-19,HSI,恒生指数,11174.9,11213.48,11263.09,11174.9,0.79
1996-08-20,HSI,恒生指数,11219.06,11312.51,11312.51,11219.06,0.83
1996-08-21,HSI,恒生指数,11348.69,11436.5,11436.5,11334.75,0.9
1996-08-22,HSI,恒生指数,11428.69,11478.77,11478.77,11386.62,0.81
1996-08-23,HSI,恒生指数,11491.77,11424.64,11494.33,11390.33,0.91
1996-08-27,HSI,恒生指数,11390.51,11338.93,11390.51,11305.25,0.75
1996-08-28,HSI,恒生指数,11325.59,11379.49,11379.49,11295.53,0.74
1996-08-29,HSI,恒生指数,11397.79,11328.21,11451.37,11328.21,1.08
1996-08-30,HSI,恒生指数,11283.17,11159.02,11283.17,11153.11,1.15
1996-09-02,HSI,恒生指数,11123.67,11106.57,11123.67,11046.82,0.69
1996-09-03,HSI,恒生指数,11099.0,10957.18,11135.67,10937.58,1.78
1996-09-04,HSI,恒生指数,10990.89,11076.95,11087.38,10990.89,0.88
1996-09-05,HSI,恒生指数,11079.85,11040.51,11101.63,11017.21,0.76
1996-09-06,HSI,恒生指数,11010.08,11025.59,11025.59,10930.37,0.86
1996-09-09,HSI,恒生指数,11051.45,11212.6,11214.97,11051.45,1.48
1996-09-10,HSI,恒生指数,11262.11,11223.62,11334.4,11215.08,1.06
1996-09-11,HSI,恒生指数,11224.49,11236.36,11266.13,11180.12,0.77
1996-09-12,HSI,恒生指数,11256.29,11251.72,11292.24,11221.75,0.63
1996-09-13,HSI,恒生指数,11256.85,11369.04,11371.27,11255.32,1.03
1996-09-16,HSI,恒生指数,11484.97,11567.9,11584.27,11484.97,0.87
1996-09-17,HSI,恒生指数,11613.46,11621.61,11645.35,11559.38,0.74
1996-09-18,HSI,恒生指数,11601.92,11594.03,11625.9,11523.12,0.88
1996-09-19,HSI,恒生指数,11574.48,11586.68,11586.68,11534.22,0.45
1996-09-20,HSI,恒生指数,11600.76,11592.36,11642.54,11558.4,0.73
1996-09-23,HSI,恒生指数,11600.79,11622.13,11684.0,11600.79,0.72
1996-09-24,HSI,恒生指数,11586.6,11546.7,11615.45,11538.76,0.66
1996-09-25,HSI,恒生指数,11527.03,11603.53,11653.36,11512.84,1.22
1996-09-26,HSI,恒生指数,11635.59,11636.13,11668.7,11594.58,0.64
1996-09-27,HSI,恒生指数,11728.52,11759.39,11788.41,11690.51,0.84
1996-09-30,HSI,恒生指数,11783.26,11902.43,11906.02,11778.1,1.09
1996-10-01,HSI,恒生指数,11916.73,11921.22,11930.16,11857.43,0.61
1996-10-02,HSI,恒生指数,11932.62,11951.88,11956.16,11859.46,0.81
1996-10-03,HSI,恒生指数,11981.3,12014.56,12022.38,11938.29,0.7
1996-10-04,HSI,恒生指数,11984.99,11905.51,11993.99,11881.59,0.94
1996-10-07,HSI,恒生指数,12013.63,12133.07,12153.46,12013.63,1.17
1996-10-08,HSI,恒生指数,12127.75,12106.76,12179.04,12103.57,0.62
1996-10-09,HSI,恒生指数,12094.26,12250.57,12250.57,12059.93,1.57
1996-10-10,HSI,恒生指数,12264.25,12242.47,12398.28,12231.73,1.36
1996-10-11,HSI,恒生指数,12235.62,12218.4,12288.95,12201.12,0.72
1996-10-14,HSI,恒生指数,12275.12,12330.35,12354.74,12274.47,0.66
1996-10-15,HSI,恒生指数,12352.09,12490.7,12490.7,12337.56,1.24
1996-10-16,HSI,恒生指数,12517.3,12396.18,12602.34,12370.44,1.86
1996-10-17,HSI,恒生指数,12394.78,12436.8,12461.71,12325.75,1.1
1996-10-18,HSI,恒生指数,12473.49,12510.05,12543.79,12469.4,0.6
1996-10-22,HSI,恒生指数,12532.49,12444.66,12542.31,12423.17,0.95
1996-10-23,HSI,恒生指数,12418.45,12492.37,12492.37,12367.95,1.0
1996-10-24,HSI,恒生指数,12475.22,12473.56,12535.19,12431.18,0.83
1996-10-25,HSI,恒生指数,12410.93,12388.38,12420.36,12343.27,0.62
1996-10-28,HSI,恒生指数,12370.78,12262.77,12380.38,12244.93,1.09
1996-10-29,HSI,恒生指数,12229.33,12192.17,12244.83,12172.84,0.59
1996-10-30,HSI,恒生指数,12209.26,12405.47,12428.16,12209.26,1.8
1996-10-31,HSI,恒生指数,12414.45,12477.56,12496.57,12377.88,0.96
1996-11-01,HSI,恒生指数,12503.13,12529.27,12562.12,12494.48,0.54
1996-11-04,HSI,恒生指数,12537.84,12559.4,12582.7,12518.8,0.51
1996-11-05,HSI,恒生指数,12566.74,12502.7,12616.37,12502.7,0.91
1996-11-06,HSI,恒生指数,12552.53,12775.47,12779.11,12472.75,2.45
1996-11-07,HSI,恒生指数,12820.91,12735.26,12898.3,12730.72,1.31
1996-11-08,HSI,恒生指数,12721.51,12751.16,12776.49,12667.71,0.85
1996-11-11,HSI,恒生指数,12743.07,12771.86,12816.42,12670.67,1.14
1996-11-12,HSI,恒生指数,12778.54,12806.31,12817.95,12731.27,0.68
1996-11-13,HSI,恒生指数,12819.76,12943.69,12951.85,12819.76,1.03
1996-11-14,HSI,恒生指数,12939.42,13004.8,13009.74,12911.62,0.76
1996-11-15,HSI,恒生指数,13020.05,12889.37,13054.91,12887.52,1.29
1996-11-18,HSI,恒生指数,12899.3,13042.8,13094.42,12850.17,1.89
1996-11-19,HSI,恒生指数,13031.62,13056.93,13183.01,13006.07,1.36
1996-11-20,HSI,恒生指数,13112.8,13167.16,13229.15,13112.8,0.89
1996-11-21,HSI,恒生指数,13162.74,13099.56,13237.73,13028.03,1.59
1996-11-22,HSI,恒生指数,13142.36,13116.79,13189.28,13044.69,1.1
1996-11-25,HSI,恒生指数,13172.4,13239.39,13261.25,13138.81,0.93
1996-11-26,HSI,恒生指数,13310.7,13485.33,13495.38,13310.7,1.39
1996-11-27,HSI,恒生指数,13463.23,13530.95,13530.95,13347.62,1.36
1996-11-28,HSI,恒生指数,13672.21,13310.76,13744.3,13300.08,3.28
1996-11-29,HSI,恒生指数,13312.05,13393.93,13447.67,13291.56,1.17
1996-12-02,HSI,恒生指数,13446.72,13517.56,13517.56,13446.72,0.53
1996-12-03,HSI,恒生指数,13493.81,13456.26,13522.54,13422.1,0.74
1996-12-04,HSI,恒生指数,13406.03,13434.24,13435.24,13344.8,0.67
1996-12-05,HSI,恒生指数,13427.21,13491.56,13525.44,13416.09,0.81
1996-12-06,HSI,恒生指数,13466.02,13102.73,13466.02,12870.06,4.42
1996-12-09,HSI,恒生指数,13194.49,13144.23,13225.99,12980.54,1.87
1996-12-10,HSI,恒生指数,13237.72,13342.46,13360.45,13237.72,0.93
1996-12-11,HSI,恒生指数,13357.66,13189.6,13473.26,13125.93,2.6
1996-12-12,HSI,恒生指数,13048.28,13053.28,13125.81,13031.23,0.72
1996-12-13,HSI,恒生指数,12892.01,12784.07,12892.01,12736.4,1.19
1996-12-16,HSI,恒生指数,12814.36,12937.48,12937.48,12801.38,1.06
1996-12-17,HSI,恒生指数,12864.43,12815.37,12864.43,12747.91,0.9
1996-12-18,HSI,恒生指数,12843.45,12766.02,12942.63,12762.62,1.4
1996-12-19,HSI,恒生指数,12808.0,12846.56,12881.54,12781.32,0.79
1996-12-20,HSI,恒生指数,12979.29,13131.41,13145.35,12979.29,1.29
1996-12-23,HSI,恒生指数,13133.19,13331.48,13361.24,13103.16,1.97
1996-12-24,HSI,恒生指数,13333.96,13341.61,13414.0,13278.06,1.02
1996-12-27,HSI,恒生指数,13366.26,13404.14,13451.16,13362.21,0.67
1996-12-30,HSI,恒生指数,13406.97,13480.75,13503.18,13371.44,0.98
1996-12-31,HSI,恒生指数,13489.08,13451.45,13489.08,13364.35,0.93
1997-01-02,HSI,恒生指数,13362.5,13203.44,13362.5,13200.23,1.21
1997-01-03,HSI,恒生指数,13173.34,13222.79,13241.24,13147.26,0.71
1997-01-06,HSI,恒生指数,13282.33,13443.93,13443.93,13282.33,1.22
1997-01-07,HSI,恒生指数,13515.56,13420.16,13564.6,13371.78,1.43
1997-01-08,HSI,恒生指数,13442.08,13454.93,13501.19,13432.84,0.51
1997-01-09,HSI,恒生指数,13411.97,13198.11,13411.97,13086.17,2.42
1997-01-10,HSI,恒生指数,13290.33,13191.5,13335.54,13133.1,1.53
1997-01-13,HSI,恒生指数,13165.21,13289.21,13310.3,13103.94,1.56
1997-01-14,HSI,恒生指数,13280.16,13293.87,13327.97,13215.56,0.85
1997-01-15,HSI,恒生指数,13407.42,13766.65,13771.54,13407.42,2.74
1997-01-16,HSI,恒生指数,13749.69,13830.68,14004.93,13684.32,2.33
1997-01-17,HSI,恒生指数,13879.21,13856.4,13977.54,13794.4,1.32
1997-01-20,HSI,恒生指数,13928.7,13868.24,13994.86,13828.74,1.2
1997-01-21,HSI,恒生指数,13824.2,13732.79,13824.2,13712.11,0.81
1997-01-22,HSI,恒生指数,13800.33,13692.79,13898.27,13674.8,1.63
1997-01-23,HSI,恒生指数,13680.17,13610.33,13680.17,13591.35,0.65
1997-01-24,HSI,恒生指数,13471.54,13379.55,13493.51,13362.01,0.97
1997-01-27,HSI,恒生指数,13314.13,13294.9,13314.13,13210.59,0.77
1997-01-28,HSI,恒生指数,13279.21,13403.29,13450.56,13279.21,1.29
1997-01-29,HSI,恒生指数,13438.31,13285.43,13486.82,13182.47,2.27
1997-01-30,HSI,恒生指数,13353.83,13288.4,13405.54,13250.55,1.17
1997-01-31,HSI,恒生指数,13355.78,13321.79,13432.73,13292.46,1.06
1997-02-03,HSI,恒生指数,13340.7,13451.07,13499.47,13340.7,1.19
1997-02-04,HSI,恒生指数,13468.93,13548.43,13563.91,13435.46,0.95
1997-02-05,HSI,恒生指数,13567.28,13660.5,13660.5,13541.16,0.88
1997-02-10,HSI,恒生指数,13856.54,13643.54,13860.88,13616.57,1.79
1997-02-11,HSI,恒生指数,13617.94,13454.21,13617.94,13380.02,1.74
1997-02-12,HSI,恒生指数,13478.76,13462.61,13497.87,13364.08,0.99
1997-02-13,HSI,恒生指数,13541.25,13239.95,13589.7,13239.95,2.6
1997-02-14,HSI,恒生指数,13215.76,13113.26,13215.76,12962.15,1.92
1997-02-17,HSI,恒生指数,13153.7,13144.62,13256.51,13126.55,0.99
1997-02-18,HSI,恒生指数,13108.46,13102.94,13123.94,12933.98,1.45
1997-02-19,HSI,恒生指数,13145.43,13106.32,13145.43,13002.55,1.09
1997-02-20,HSI,恒生指数,13013.34,13411.33,13427.02,13013.34,3.16
1997-02-21,HSI,恒生指数,13352.81,13444.85,13452.21,13336.01,0.87
1997-02-24,HSI,恒生指数,13437.73,13375.69,13446.99,13347.78,0.74
1997-02-25,HSI,恒生指数,13431.93,13520.26,13539.38,13384.85,1.16
1997-02-26,HSI,恒生指数,13541.44,13541.83,13610.43,13524.43,0.64
1997-02-27,HSI,恒生指数,13455.15,13546.6,13561.68,13425.83,1.0
1997-02-28,HSI,恒生指数,13520.84,13398.72,13520.84,13347.42,1.28
1997-03-03,HSI,恒生指数,13426.31,13507.28,13543.5,13354.55,1.41
1997-03-04,HSI,恒生指数,13433.47,13450.08,13497.61,13405.2,0.68
1997-03-05,HSI,恒生指数,13474.41,13410.76,13498.64,13359.06,1.04
1997-03-06,HSI,恒生指数,13487.02,13416.36,13568.86,13381.26,1.4
1997-03-07,HSI,恒生指数,13424.71,13337.35,13424.71,13304.24,0.9
1997-03-10,HSI,恒生指数,13389.21,13268.76,13445.47,13240.77,1.53
1997-03-11,HSI,恒生指数,13304.36,13252.2,13342.46,13220.11,0.92
1997-03-12,HSI,恒生指数,13249.96,13119.13,13249.96,13073.96,1.33
1997-03-13,HSI,恒生指数,13056.25,12917.09,13056.25,12877.06,1.37
1997-03-14,HSI,恒生指数,12723.83,12736.53,12807.23,12630.15,1.37
1997-03-17,HSI,恒生指数,12759.35,12838.53,12870.33,12759.35,0.87
1997-03-18,HSI,恒生指数,12842.95,12748.91,12842.95,12687.44,1.21
1997-03-19,HSI,恒生指数,12695.75,12651.42,12735.58,12650.29,0.67
1997-03-20,HSI,恒生指数,12659.85,12472.33,12737.53,12460.46,2.19
1997-03-21,HSI,恒生指数,12381.25,12489.3,12548.18,12331.63,1.74
1997-03-24,HSI,恒生指数,12493.0,12749.14,12749.14,12493.0,2.05
1997-03-25,HSI,恒生指数,12834.72,12832.53,12914.89,12784.6,1.02
1997-03-26,HSI,恒生指数,12808.64,12776.39,12854.3,12740.03,0.89
1997-03-27,HSI,恒生指数,12779.73,12534.32,12779.73,12463.32,2.48
1997-04-01,HSI,恒生指数,12230.09,12074.19,12230.09,11951.94,2.22
1997-04-02,HSI,恒生指数,12167.81,12136.32,12176.95,12067.89,0.9
1997-04-03,HSI,恒生指数,12036.36,12055.17,12270.66,12013.51,2.12
1997-04-04,HSI,恒生指数,12059.95,12204.59,12213.52,12059.95,1.27
1997-04-07,HSI,恒生指数,12244.93,12287.84,12359.17,12244.93,0.94
1997-04-08,HSI,恒生指数,12316.5,12398.57,12398.57,12286.49,0.91
1997-04-09,HSI,恒生指数,12418.09,12426.68,12451.46,12353.1,0.79
1997-04-10,HSI,恒生指数,12408.97,12358.7,12408.97,12308.27,0.81
1997-04-11,HSI,恒生指数,12351.76,12516.6,12522.06,12351.76,1.38
1997-04-14,HSI,恒生指数,12347.3,12295.97,12396.04,12264.76,1.05
1997-04-15,HSI,恒生指数,12332.84,12342.02,12392.73,12315.36,0.63
1997-04-16,HSI,恒生指数,12485.94,12581.31,12613.86,12485.94,1.04
1997-04-17,HSI,恒生指数,12622.84,12516.23,12635.52,12474.22,1.28
1997-04-18,HSI,恒生指数,12496.11,12541.18,12568.42,12482.8,0.68
1997-04-21,HSI,恒生指数,12548.56,12626.04,12711.31,12548.56,1.3
1997-04-22,HSI,恒生指数,12614.59,12580.85,12648.31,12533.73,0.91
1997-04-23,HSI,恒生指数,12703.46,12707.04,12758.28,12687.0,0.57
1997-04-24,HSI,恒生指数,12688.01,12726.83,12729.06,12610.71,0.93
1997-04-25,HSI,恒生指数,12707.56,12645.76,12783.93,12643.28,1.11
1997-04-28,HSI,恒生指数,12645.11,12610.17,12649.18,12565.85,0.66
1997-04-29,HSI,恒生指数,12621.02,12600.42,12697.16,12571.62,1.0
1997-04-30,HSI,恒生指数,12819.5,12903.3,12924.27,12819.5,0.83
1997-05-01,HSI,恒生指数,12892.21,13020.78,13024.84,12845.44,1.39
1997-05-02,HSI,恒生指数,13026.58,13081.7,13145.93,13015.69,1.0
1997-05-05,HSI,恒生指数,13238.6,13399.34,13439.78,13238.6,1.54
1997-05-06,HSI,恒生指数,13520.42,13579.34,13679.92,13520.42,1.19
1997-05-07,HSI,恒生指数,13607.68,13605.91,13649.28,13533.08,0.86
1997-05-08,HSI,恒生指数,13471.33,13740.3,13740.3,13447.48,2.15
1997-05-09,HSI,恒生指数,13879.44,13930.8,14047.2,13866.94,1.31
1997-05-12,HSI,恒生指数,14062.39,13987.8,14130.07,13952.3,1.28
1997-05-13,HSI,恒生指数,14007.79,13906.46,14019.03,13875.89,1.02
1997-05-14,HSI,恒生指数,13912.02,14153.58,14153.58,13830.23,2.33
1997-05-15,HSI,恒生指数,14111.62,14041.9,14167.01,13936.45,1.63
1997-05-16,HSI,恒生指数,14020.96,14062.37,14133.66,13932.5,1.43
1997-05-19,HSI,恒生指数,13966.54,14108.82,14145.04,13946.94,1.41
1997-05-20,HSI,恒生指数,14092.96,14236.2,14253.97,14072.83,1.28
1997-05-21,HSI,恒生指数,14323.18,14235.52,14398.55,14207.92,1.34
1997-05-22,HSI,恒生指数,14198.45,14212.0,14323.97,14173.51,1.06
1997-05-23,HSI,恒生指数,14183.93,14331.68,14331.68,14157.32,1.23
1997-05-26,HSI,恒生指数,14356.55,14574.64,14581.35,14356.55,1.57
1997-05-27,HSI,恒生指数,14588.69,14540.16,14618.36,14505.94,0.77
1997-05-28,HSI,恒生指数,14555.78,14556.48,14688.47,14534.42,1.06
1997-05-29,HSI,恒生指数,14528.87,14416.57,14528.87,14299.01,1.58
1997-05-30,HSI,恒生指数,14389.73,14757.81,14757.81,14336.42,2.92
1997-06-02,HSI,恒生指数,14737.07,14990.9,14998.12,14737.07,1.77
1997-06-03,HSI,恒生指数,14935.59,14760.17,15020.96,14607.18,2.76
1997-06-04,HSI,恒生指数,14764.67,14831.58,14979.76,14755.27,1.52
1997-06-05,HSI,恒生指数,14799.55,14795.52,14914.28,14709.03,1.38
1997-06-06,HSI,恒生指数,14833.41,14655.13,14975.02,14609.16,2.47
1997-06-10,HSI,恒生指数,14808.4,14439.71,14856.77,14391.88,3.17
1997-06-11,HSI,恒生指数,14422.43,14421.52,14575.16,14213.95,2.5
1997-06-12,HSI,恒生指数,14339.88,13924.34,14383.65,13916.26,3.24
1997-06-13,HSI,恒生指数,14110.73,14112.55,14145.35,13795.96,2.51
1997-06-16,HSI,恒生指数,14163.24,14394.6,14426.55,14163.24,1.87
1997-06-17,HSI,恒生指数,14372.88,14307.15,14434.77,14284.34,1.05
1997-06-18,HSI,恒生指数,14210.34,14203.89,14260.41,13999.69,1.82
1997-06-19,HSI,恒生指数,14172.33,14506.49,14569.12,14137.15,3.04
1997-06-20,HSI,恒生指数,14624.91,15154.36,15154.36,14624.91,3.65
1997-06-23,HSI,恒生指数,15148.5,15021.23,15322.33,14993.72,2.17
1997-06-24,HSI,恒生指数,14825.81,14890.96,15028.73,14797.11,1.54
1997-06-25,HSI,恒生指数,15034.29,15065.02,15200.96,15034.29,1.12
1997-06-26,HSI,恒生指数,15014.48,15128.02,15275.41,14942.14,2.21
1997-06-27,HSI,恒生指数,15181.55,15196.79,15275.54,15095.28,1.19
1997-07-03,HSI,恒生指数,15345.99,15055.74,15363.61,15035.91,2.16
1997-07-04,HSI,恒生指数,15166.89,14822.97,15179.53,14727.48,3.0
1997-07-07,HSI,恒生指数,14844.81,14858.58,15003.02,14723.46,1.89
1997-07-08,HSI,恒生指数,14847.03,14792.17,14876.13,14686.15,1.28
1997-07-09,HSI,恒生指数,14820.33,14703.73,14931.59,14659.33,1.84
1997-07-10,HSI,恒生指数,14666.81,14839.23,14849.69,14549.91,2.04
1997-07-11,HSI,恒生指数,14870.81,15225.29,15225.29,14870.81,2.39
1997-07-14,HSI,恒生指数,15298.91,15370.94,15502.54,15298.91,1.34
1997-07-15,HSI,恒生指数,15388.83,15487.24,15508.96,15260.7,1.62
1997-07-16,HSI,恒生指数,15577.9,15446.02,15635.52,15392.47,1.57
1997-07-17,HSI,恒生指数,15606.27,15706.29,15783.27,15552.23,1.5
1997-07-18,HSI,恒生指数,15611.52,15570.4,15769.35,15554.12,1.37
1997-07-21,HSI,恒生指数,15424.43,15536.3,15710.55,15370.42,2.18
1997-07-22,HSI,恒生指数,15486.09,15446.78,15602.87,15397.71,1.32
1997-07-23,HSI,恒生指数,15551.21,15738.81,15738.81,15551.21,1.21
1997-07-24,HSI,恒生指数,15801.87,15709.23,15880.57,15691.37,1.2
1997-07-25,HSI,恒生指数,15720.83,15658.12,15769.88,15631.93,0.88
1997-07-28,HSI,恒生指数,15627.03,15666.59,15770.08,15627.03,0.91
1997-07-29,HSI,恒生指数,15681.94,15772.06,15782.91,15681.94,0.64
1997-07-30,HSI,恒生指数,15842.63,15983.18,16055.19,15842.63,1.35
1997-07-31,HSI,恒生指数,16144.58,16365.71,16365.71,16144.58,1.38
1997-08-01,HSI,恒生指数,16424.18,16379.22,16449.53,16336.2,0.69
1997-08-04,HSI,恒生指数,16342.03,16259.59,16430.26,16166.68,1.61
1997-08-05,HSI,恒生指数,16423.14,16371.52,16482.74,16305.78,1.09
1997-08-06,HSI,恒生指数,16418.19,16541.6,16600.59,16401.99,1.21
1997-08-07,HSI,恒生指数,16682.96,16673.27,16820.31,16615.42,1.24
1997-08-08,HSI,恒生指数,16667.98,16647.54,16686.28,16482.02,1.23
1997-08-11,HSI,恒生指数,16449.18,16460.47,16478.11,16328.72,0.9
1997-08-12,HSI,恒生指数,16571.96,16383.41,16660.76,16320.32,2.07
1997-08-13,HSI,恒生指数,16318.62,16482.93,16484.92,16176.32,1.88
1997-08-14,HSI,恒生指数,16464.96,16497.71,16541.01,16337.56,1.23
1997-08-15,HSI,恒生指数,16503.62,16096.88,16555.51,16002.9,3.35
1997-08-19,HSI,恒生指数,15559.66,15477.26,15848.82,15355.94,3.06
1997-08-20,HSI,恒生指数,15571.9,15855.67,15882.37,15571.9,2.01
1997-08-21,HSI,恒生指数,15921.59,15654.03,16184.3,15628.53,3.51
1997-08-22,HSI,恒生指数,15497.26,15429.75,15642.68,15300.83,2.18
1997-08-25,HSI,恒生指数,15411.29,15598.88,15604.71,15321.96,1.83
1997-08-26,HSI,恒生指数,15617.73,15547.22,15704.08,15500.01,1.31
1997-08-27,HSI,恒生指数,15470.05,15533.95,15533.95,15284.65,1.6
1997-08-28,HSI,恒生指数,15590.12,14876.1,15607.98,14820.26,5.07
1997-08-29,HSI,恒生指数,14360.43,14135.25,14420.68,14088.03,2.24
1997-09-01,HSI,恒生指数,14112.01,13425.65,14203.11,13425.65,5.5
1997-09-02,HSI,恒生指数,13777.29,13735.33,13810.84,12899.81,6.79
1997-09-03,HSI,恒生指数,14334.83,14713.99,14713.99,14287.08,3.11
1997-09-04,HSI,恒生指数,14609.69,14199.17,14609.69,14089.72,3.53
1997-09-05,HSI,恒生指数,14296.69,14563.55,14576.73,14200.99,2.65
1997-09-08,HSI,恒生指数,14639.84,14806.49,14909.97,14618.09,2.0
1997-09-09,HSI,恒生指数,14861.76,14996.66,15043.47,14827.28,1.46
1997-09-10,HSI,恒生指数,15031.58,14805.44,15042.87,14746.92,1.97
1997-09-11,HSI,恒生指数,14581.58,14308.3,14581.58,14238.31,2.32
1997-09-12,HSI,恒生指数,14193.99,14470.46,14485.45,14023.69,3.23
1997-09-15,HSI,恒生指数,14642.18,14630.65,14764.38,14600.66,1.13
1997-09-16,HSI,恒生指数,14600.64,14411.19,14607.11,14358.55,1.7
1997-09-18,HSI,恒生指数,14511.99,14419.45,14528.02,14034.22,3.43
1997-09-19,HSI,恒生指数,14499.38,14384.13,14569.73,14374.8,1.35
1997-09-22,HSI,恒生指数,14385.13,14108.08,14385.13,14015.75,2.57
1997-09-23,HSI,恒生指数,14144.1,14094.38,14202.18,13921.27,1.99
1997-09-24,HSI,恒生指数,14112.77,14205.44,14291.61,14095.44,1.39
1997-09-25,HSI,恒生指数,14285.61,14636.59,14660.64,14237.65,2.98
1997-09-26,HSI,恒生指数,14648.16,14710.87,14754.17,14537.68,1.48
1997-09-29,HSI,恒生指数,14874.09,14864.37,14940.97,14770.25,1.16
1997-09-30,HSI,恒生指数,14946.74,15049.3,15049.3,14835.16,1.44
1997-10-03,HSI,恒生指数,15133.27,15128.02,15184.99,15043.82,0.94
1997-10-06,HSI,恒生指数,15190.52,14776.78,15242.65,14776.78,3.08
1997-10-07,HSI,恒生指数,14762.34,14810.76,14903.31,14627.06,1.87
1997-10-08,HSI,恒生指数,14795.21,14838.52,14959.48,14734.98,1.52
1997-10-09,HSI,恒生指数,14713.19,14273.12,14713.19,14260.73,3.05
1997-10-13,HSI,恒生指数,14242.93,14072.9,14242.93,13886.64,2.5
1997-10-14,HSI,恒生指数,14147.64,13836.56,14259.95,13769.5,3.49
1997-10-15,HSI,恒生指数,13785.78,13384.24,13785.78,13148.15,4.61
1997-10-16,HSI,恒生指数,13317.16,13567.26,13574.7,13142.35,3.23
1997-10-17,HSI,恒生指数,13475.7,13601.01,13748.98,13270.4,3.53
1997-10-20,HSI,恒生指数,13473.65,12970.88,13473.65,12967.82,3.72
1997-10-21,HSI,恒生指数,13052.05,12403.1,13052.05,12353.12,5.39
1997-10-22,HSI,恒生指数,12242.08,11637.77,12412.43,11637.77,6.25
1997-10-23,HSI,恒生指数,11083.24,10426.3,11203.42,9766.72,12.35
1997-10-24,HSI,恒生指数,10226.84,11144.34,11147.82,10187.9,9.21
1997-10-27,HSI,恒生指数,10902.39,10498.2,10902.39,10377.21,4.71
1997-10-28,HSI,恒生指数,9649.06,9059.89,9649.06,8775.88,8.32
1997-10-29,HSI,恒生指数,10130.47,10765.3,10765.3,10130.47,7.01
1997-10-30,HSI,恒生指数,10444.45,10362.86,10510.46,9924.61,5.44
1997-10-31,HSI,恒生指数,10122.71,10623.78,10764.37,9907.22,8.27
1997-11-03,HSI,恒生指数,10901.92,11255.11,11350.37,10901.92,4.22
1997-11-04,HSI,恒生指数,11543.86,10780.78,11660.97,10747.47,8.12
1997-11-05,HSI,恒生指数,10663.21,10681.75,10818.13,10422.53,3.67
1997-11-06,HSI,恒生指数,10777.51,10412.56,10812.34,10364.89,4.19
1997-11-07,HSI,恒生指数,10346.76,10104.5,10346.76,9796.4,5.29
1997-11-10,HSI,恒生指数,9920.64,9992.84,10181.38,9836.1,3.42
1997-11-11,HSI,恒生指数,10006.16,10004.12,10251.65,9967.41,2.84
1997-11-12,HSI,恒生指数,9965.65,9607.91,9965.65,9510.08,4.55
1997-11-13,HSI,恒生指数,9522.04,9720.78,9873.0,9436.54,4.54
1997-11-14,HSI,恒生指数,9894.07,9957.33,10098.19,9805.94,3.01
1997-11-17,HSI,恒生指数,10180.66,10419.75,10512.41,10180.66,3.33
1997-11-18,HSI,恒生指数,10501.87,10245.17,10501.87,10188.62,3.01
1997-11-19,HSI,恒生指数,10103.09,10154.36,10154.36,9900.99,2.47
1997-11-20,HSI,恒生指数,10117.26,10050.67,10229.0,9977.95,2.47
1997-11-21,HSI,恒生指数,10308.01,10548.2,10602.5,10300.19,3.01
1997-11-24,HSI,恒生指数,10647.26,10586.36,10674.82,10462.82,2.01
1997-11-25,HSI,恒生指数,10392.45,10325.55,10473.23,10300.25,1.63
1997-11-26,HSI,恒生指数,10395.29,10590.11,10619.45,10395.29,2.17
1997-11-27,HSI,恒生指数,10621.03,10583.09,10636.71,10385.13,2.38
1997-11-28,HSI,恒生指数,10441.2,10526.91,10581.76,10378.71,1.92
1997-12-01,HSI,恒生指数,10510.82,10750.87,10769.09,10510.82,2.45
1997-12-02,HSI,恒生指数,10881.65,11216.34,11253.28,10881.65,3.46
1997-12-03,HSI,恒生指数,11193.75,11207.58,11297.62,11014.01,2.53
1997-12-04,HSI,恒生指数,11209.46,11474.94,11494.37,11183.37,2.77
1997-12-05,HSI,恒生指数,11589.9,11527.59,11638.26,11401.08,2.07
1997-12-08,HSI,恒生指数,11613.0,11722.94,11842.73,11573.05,2.34
1997-12-09,HSI,恒生指数,11704.4,11490.66,11704.4,11410.23,2.51
1997-12-10,HSI,恒生指数,11419.71,11022.41,11419.71,11022.41,3.46
1997-12-11,HSI,恒生指数,10765.87,10420.21,10765.87,10258.98,4.6
1997-12-12,HSI,恒生指数,10219.58,10614.66,10614.66,10114.79,4.8
1997-12-15,HSI,恒生指数,10599.37,10435.15,10665.94,10346.21,3.01
1997-12-16,HSI,恒生指数,10504.75,10346.37,10533.55,10305.91,2.18
1997-12-17,HSI,恒生指数,10463.75,10692.7,10723.12,10463.75,2.51
1997-12-18,HSI,恒生指数,10663.26,10754.11,10754.11,10627.45,1.18
1997-12-19,HSI,恒生指数,10573.5,10405.8,10573.5,10352.67,2.05
1997-12-22,HSI,恒生指数,10335.67,10172.46,10383.75,10058.51,3.13
1997-12-23,HSI,恒生指数,10240.71,10368.09,10441.8,10134.3,3.02
1997-12-24,HSI,恒生指数,10288.0,10342.44,10376.2,10250.79,1.21
1997-12-29,HSI,恒生指数,10350.29,10502.99,10556.46,10350.29,1.99
1997-12-30,HSI,恒生指数,10593.0,10755.21,10767.54,10593.0,1.66
1997-12-31,HSI,恒生指数,10831.87,10722.75,10935.58,10628.33,2.86
1998-01-02,HSI,恒生指数,10743.67,10680.57,10822.66,10594.05,2.13
1998-01-05,HSI,恒生指数,10673.91,10303.54,10698.33,10301.34,3.72
1998-01-06,HSI,恒生指数,10212.37,10135.5,10212.37,10056.41,1.51
1998-01-07,HSI,恒生指数,10084.16,9538.61,10084.16,9515.8,5.61
1998-01-08,HSI,恒生指数,9553.41,9254.53,9579.54,8928.86,6.82
1998-01-09,HSI,恒生指数,8971.67,8894.63,9073.94,8721.08,3.81
1998-01-12,HSI,恒生指数,8057.83,8121.06,8349.79,7909.12,4.95
1998-01-13,HSI,恒生指数,8333.74,8720.0,8741.5,8333.74,5.02
1998-01-14,HSI,恒生指数,8913.48,9226.54,9316.96,8913.48,4.63
1998-01-15,HSI,恒生指数,9056.78,8578.98,9056.78,8471.67,6.34
1998-01-16,HSI,恒生指数,8705.2,8900.04,9044.26,8700.78,4.0
1998-01-19,HSI,恒生指数,9304.91,9400.41,9510.67,9295.24,2.42
1998-01-20,HSI,恒生指数,9328.21,9433.7,9659.26,9212.12,4.76
1998-01-21,HSI,恒生指数,9558.7,9246.79,9572.37,9127.84,4.71
1998-01-22,HSI,恒生指数,9068.5,8883.73,9068.5,8773.87,3.19
1998-01-23,HSI,恒生指数,8849.25,8920.2,8943.76,8641.17,3.41
1998-01-26,HSI,恒生指数,9045.41,8973.86,9278.82,8948.11,3.71
1998-01-27,HSI,恒生指数,9047.83,9252.36,9253.96,9032.36,2.47
1998-02-02,HSI,恒生指数,9924.34,10578.59,10696.98,9823.38,9.44
1998-02-03,HSI,恒生指数,10705.4,10525.5,10743.19,10387.87,3.36
1998-02-04,HSI,恒生指数,10420.78,10302.61,10704.59,10302.61,3.82
1998-02-05,HSI,恒生指数,10228.4,10442.12,10508.15,10192.17,3.07
1998-02-06,HSI,恒生指数,10580.45,10485.86,10681.87,10485.86,1.88
1998-02-09,HSI,恒生指数,10530.62,10873.15,10894.66,10530.62,3.47
1998-02-10,HSI,恒生指数,10908.29,10859.66,10928.21,10581.5,3.19
1998-02-11,HSI,恒生指数,11101.71,10793.41,11189.79,10754.5,4.01
1998-02-12,HSI,恒生指数,10748.82,10620.03,10748.82,10511.48,2.2
1998-02-13,HSI,恒生指数,10510.61,10274.59,10510.61,10148.66,3.41
1998-02-16,HSI,恒生指数,10220.28,10124.03,10220.28,9918.23,2.94
1998-02-17,HSI,恒生指数,10169.29,10232.03,10358.28,10169.29,1.87
1998-02-18,HSI,恒生指数,10332.96,10670.95,10670.95,10327.41,3.36
1998-02-19,HSI,恒生指数,11002.12,10581.26,11081.36,10581.26,4.69
1998-02-20,HSI,恒生指数,10491.78,10599.79,10671.41,10348.95,3.05
1998-02-23,HSI,恒生指数,10795.99,10685.21,10871.03,10652.55,2.06
1998-02-24,HSI,恒生指数,10740.82,10683.33,10740.82,10491.2,2.34
1998-02-25,HSI,恒生指数,10676.42,10886.74,10886.74,10632.79,2.38
1998-02-26,HSI,恒生指数,11094.33,11224.78,11383.08,11014.62,3.38
1998-02-27,HSI,恒生指数,11294.54,11480.69,11480.69,11185.11,2.63
1998-03-02,HSI,恒生指数,11486.7,11318.83,11669.84,11302.8,3.2
1998-03-03,HSI,恒生指数,11343.15,11425.46,11447.58,11258.86,1.67
1998-03-04,HSI,恒生指数,11414.2,11350.8,11414.2,11192.74,1.94
1998-03-05,HSI,恒生指数,11161.49,10803.67,11161.49,10801.41,3.17
1998-03-06,HSI,恒生指数,10730.32,10919.53,10994.66,10708.19,2.65
1998-03-09,HSI,恒生指数,10892.83,10994.08,11006.87,10697.94,2.83
1998-03-10,HSI,恒生指数,10995.25,10898.57,11093.61,10898.57,1.77
1998-03-11,HSI,恒生指数,10984.42,11118.84,11166.08,10984.42,1.67
1998-03-12,HSI,恒生指数,11094.53,10902.46,11229.83,10827.3,3.62
1998-03-13,HSI,恒生指数,10889.86,11057.03,11076.07,10889.86,1.71
1998-03-16,HSI,恒生指数,11034.46,11181.54,11207.34,10986.3,2.0
1998-03-17,HSI,恒生指数,11268.01,11255.54,11349.28,11239.23,0.98
1998-03-18,HSI,恒生指数,11279.03,11121.65,11308.63,11011.55,2.64
1998-03-19,HSI,恒生指数,11162.75,11445.04,11459.09,11139.11,2.88
1998-03-20,HSI,恒生指数,11553.42,11564.23,11715.66,11550.99,1.44
1998-03-23,HSI,恒生指数,11633.26,11594.33,11672.8,11488.91,1.59
1998-03-24,HSI,恒生指数,11546.63,11645.42,11688.65,11516.75,1.48
1998-03-25,HSI,恒生指数,11745.62,11810.62,11891.48,11745.62,1.25
1998-03-26,HSI,恒生指数,11911.21,11757.87,11926.16,11717.24,1.77
1998-03-27,HSI,恒生指数,11703.65,11735.5,11868.66,11677.49,1.63
1998-03-30,HSI,恒生指数,11834.94,11503.75,11874.74,11503.05,3.17
1998-03-31,HSI,恒生指数,11447.67,11518.67,11578.44,11404.61,1.51
1998-04-01,HSI,恒生指数,11491.19,11331.41,11491.19,11291.78,1.73
1998-04-02,HSI,恒生指数,11352.66,11189.71,11372.37,11097.13,2.43
1998-04-03,HSI,恒生指数,11126.51,11052.67,11206.54,10952.51,2.27
1998-04-07,HSI,恒生指数,11178.07,11049.42,11214.88,10997.36,1.97
1998-04-08,HSI,恒生指数,11012.75,11314.46,11429.82,11011.91,3.78
1998-04-09,HSI,恒生指数,11261.67,11342.01,11405.88,11167.04,2.11
1998-04-14,HSI,恒生指数,11449.15,11420.33,11506.03,11296.36,1.85
1998-04-15,HSI,恒生指数,11470.96,11371.05,11490.29,11269.07,1.94
1998-04-16,HSI,恒生指数,11315.41,11187.78,11315.41,11110.58,1.8
1998-04-17,HSI,恒生指数,11054.99,11001.32,11054.99,10876.0,1.6
1998-04-20,HSI,恒生指数,11075.01,11151.62,11151.62,10999.21,1.39
1998-04-21,HSI,恒生指数,11125.42,10968.25,11191.91,10945.86,2.21
1998-04-22,HSI,恒生指数,10988.83,10977.46,11044.19,10889.45,1.41
1998-04-23,HSI,恒生指数,10966.4,10918.94,10970.21,10827.91,1.3
1998-04-24,HSI,恒生指数,10838.08,10879.92,10912.17,10767.32,1.33
1998-04-27,HSI,恒生指数,10812.11,10593.71,10812.11,10555.57,2.36
1998-04-28,HSI,恒生指数,10358.09,10678.61,10678.61,10302.58,3.55
1998-04-29,HSI,恒生指数,10668.86,10471.15,10668.86,10419.59,2.33
1998-04-30,HSI,恒生指数,10490.12,10383.67,10490.12,10267.23,2.13
1998-05-01,HSI,恒生指数,10538.7,10563.67,10613.29,10514.37,0.95
1998-05-04,HSI,恒生指数,10610.96,10439.41,10619.2,10403.04,2.05
1998-05-05,HSI,恒生指数,10460.21,10153.66,10475.87,10132.62,3.29
1998-05-06,HSI,恒生指数,10036.4,10109.13,10186.15,9983.33,2.0
1998-05-07,HSI,恒生指数,9992.75,9971.92,9994.08,9842.46,1.5
1998-05-08,HSI,恒生指数,9911.91,10060.37,10095.62,9908.12,1.88
1998-05-11,HSI,恒生指数,10106.44,10096.37,10135.33,9953.26,1.81
1998-05-12,HSI,恒生指数,10033.37,9841.5,10130.5,9819.16,3.08
1998-05-13,HSI,恒生指数,9710.73,9469.29,9710.73,9456.58,2.58
1998-05-14,HSI,恒生指数,9485.74,9591.95,9612.99,9303.03,3.27
1998-05-15,HSI,恒生指数,9573.08,9538.38,9716.95,9499.01,2.27
1998-05-18,HSI,恒生指数,9478.57,9411.96,9539.17,9368.42,1.79
1998-05-19,HSI,恒生指数,9344.42,9449.11,9486.57,9209.96,2.94
1998-05-20,HSI,恒生指数,9333.62,9549.17,9555.54,9264.29,3.08
1998-05-21,HSI,恒生指数,9693.58,9670.45,9725.11,9489.5,2.47
1998-05-22,HSI,恒生指数,9613.67,9555.98,9659.98,9535.53,1.29
1998-05-25,HSI,恒生指数,9519.95,9544.53,9558.58,9487.54,0.74
1998-05-26,HSI,恒生指数,9529.32,9482.21,9529.32,9421.62,1.13
1998-05-27,HSI,恒生指数,9357.91,8983.42,9357.91,8914.23,4.68
1998-05-28,HSI,恒生指数,8931.55,8877.94,9066.79,8853.05,2.38
1998-05-29,HSI,恒生指数,8853.62,8934.55,8949.46,8836.37,1.27
1998-06-01,HSI,恒生指数,9049.48,8612.0,9089.41,8607.88,5.39
1998-06-02,HSI,恒生指数,8618.66,8598.16,8618.66,8351.11,3.11
1998-06-03,HSI,恒生指数,8631.54,8819.21,8915.29,8537.76,4.39
1998-06-04,HSI,恒生指数,8805.41,8558.42,8805.41,8542.03,2.99
1998-06-05,HSI,恒生指数,8606.54,8569.46,8672.09,8546.34,1.47
1998-06-08,HSI,恒生指数,8623.05,8586.62,8666.25,8424.21,2.82
1998-06-09,HSI,恒生指数,8615.29,8391.46,8617.7,8347.98,3.14
1998-06-10,HSI,恒生指数,8261.75,7979.37,8261.75,7906.39,4.23
1998-06-11,HSI,恒生指数,7881.58,7886.06,7929.02,7673.25,3.21
1998-06-12,HSI,恒生指数,7749.49,7915.43,7970.52,7740.83,2.91
1998-06-15,HSI,恒生指数,7803.93,7462.5,7803.93,7438.72,4.61
1998-06-16,HSI,恒生指数,7426.6,7526.45,7642.66,7351.68,3.9
1998-06-17,HSI,恒生指数,7787.83,8004.35,8005.75,7745.27,3.46
1998-06-18,HSI,恒生指数,8526.62,8515.96,8644.13,8416.76,2.84
1998-06-19,HSI,恒生指数,8396.25,8591.91,8677.49,8350.45,3.84
1998-06-22,HSI,恒生指数,8531.29,8204.21,8531.29,8180.04,4.09
1998-06-23,HSI,恒生指数,8284.58,8219.66,8341.44,8048.81,3.57
1998-06-24,HSI,恒生指数,8221.17,8296.76,8312.16,8109.68,2.46
1998-06-25,HSI,恒生指数,8293.82,8665.83,8705.8,8272.96,5.22
1998-06-26,HSI,恒生指数,8635.99,8607.86,8702.25,8410.59,3.37
1998-06-29,HSI,恒生指数,8663.38,8460.71,8790.54,8444.25,4.02
1998-06-30,HSI,恒生指数,8547.41,8543.09,8660.12,8471.87,2.22
1998-07-02,HSI,恒生指数,8844.09,8866.16,8970.74,8844.09,1.48
1998-07-03,HSI,恒生指数,8766.37,8639.3,8766.37,8550.61,2.43
1998-07-06,HSI,恒生指数,8629.11,8484.12,8629.11,8451.83,2.05
1998-07-07,HSI,恒生指数,8503.08,8444.17,8560.75,8444.17,1.37
1998-07-08,HSI,恒生指数,8483.75,8629.17,8668.71,8483.75,2.19
1998-07-09,HSI,恒生指数,8639.09,8433.78,8655.41,8429.57,2.62
1998-07-10,HSI,恒生指数,8379.76,8205.76,8379.76,8129.56,2.97
1998-07-13,HSI,恒生指数,8109.68,8099.2,8113.79,7912.23,2.46
1998-07-14,HSI,恒生指数,8180.12,8178.93,8207.15,8072.06,1.67
1998-07-15,HSI,恒生指数,8343.91,8456.21,8501.82,8334.63,2.04
1998-07-16,HSI,恒生指数,8419.28,8586.57,8638.55,8371.63,3.16
1998-07-17,HSI,恒生指数,8624.46,8628.92,8664.08,8556.08,1.26
1998-07-20,HSI,恒生指数,8641.12,8493.25,8660.75,8480.65,2.09
1998-07-21,HSI,恒生指数,8512.23,8564.54,8661.66,8511.58,1.77
1998-07-22,HSI,恒生指数,8527.49,8420.71,8527.49,8392.01,1.58
1998-07-23,HSI,恒生指数,8380.49,8176.25,8380.49,8164.68,2.56
1998-07-24,HSI,恒生指数,8037.54,8257.46,8302.83,8018.89,3.47
1998-07-27,HSI,恒生指数,8184.08,7984.43,8197.09,7982.64,2.6
1998-07-28,HSI,恒生指数,8031.7,7926.1,8068.41,7869.18,2.5
1998-07-29,HSI,恒生指数,7873.97,7808.83,7995.18,7752.99,3.06
1998-07-30,HSI,恒生指数,7822.04,7906.16,7917.2,7750.75,2.13
1998-07-31,HSI,恒生指数,7980.35,7936.2,8010.77,7785.31,2.85
1998-08-03,HSI,恒生指数,7767.41,7552.77,7767.41,7537.25,2.9
1998-08-04,HSI,恒生指数,7499.14,7580.79,7623.12,7377.81,3.25
1998-08-05,HSI,恒生指数,7391.54,7466.43,7501.71,7366.43,1.78
1998-08-06,HSI,恒生指数,7476.52,7254.35,7522.56,7254.35,3.59
1998-08-07,HSI,恒生指数,7199.58,7018.41,7217.87,7000.0,3.0
1998-08-10,HSI,恒生指数,7065.22,7034.62,7100.18,6991.58,1.55
1998-08-11,HSI,恒生指数,7011.35,6779.95,7011.35,6725.58,4.06
1998-08-12,HSI,恒生指数,6761.83,6859.48,6891.54,6708.18,2.7
1998-08-13,HSI,恒生指数,6855.31,6660.41,6855.31,6544.79,4.53
1998-08-14,HSI,恒生指数,6649.45,7224.68,7271.75,6643.56,9.43
1998-08-18,HSI,恒生指数,7146.49,7210.91,7259.29,7146.49,1.56
1998-08-19,HSI,恒生指数,7300.43,7622.58,7731.5,7300.43,5.98
1998-08-20,HSI,恒生指数,7590.56,7742.52,7880.89,7586.93,3.86
1998-08-21,HSI,恒生指数,7647.72,7527.6,7703.24,7524.2,2.31
1998-08-24,HSI,恒生指数,7443.43,7845.48,7845.48,7438.83,5.4
1998-08-25,HSI,恒生指数,7783.93,7890.08,7899.18,7714.27,2.36
1998-08-26,HSI,恒生指数,7837.08,7834.39,7860.85,7679.48,2.3
1998-08-27,HSI,恒生指数,7840.95,7922.97,7926.35,7834.39,1.17
1998-08-28,HSI,恒生指数,7865.47,7829.74,7880.93,7829.37,0.65
1998-08-31,HSI,恒生指数,7686.66,7275.04,7686.66,7233.81,5.78
1998-09-01,HSI,恒生指数,7038.45,7062.47,7306.39,6982.43,4.45
1998-09-02,HSI,恒生指数,7308.0,7355.66,7501.37,7298.73,2.87
1998-09-03,HSI,恒生指数,7335.85,7318.58,7525.75,7201.43,4.41
1998-09-04,HSI,恒生指数,7168.83,7488.47,7538.29,7168.62,5.05
1998-09-07,HSI,恒生指数,7649.68,8076.75,8189.43,7649.68,7.21
1998-09-08,HSI,恒生指数,8127.48,8189.25,8331.69,8127.48,2.53
1998-09-09,HSI,恒生指数,8215.66,7905.45,8215.66,7899.98,3.85
1998-09-10,HSI,恒生指数,7828.85,7849.96,7950.27,7749.89,2.53
1998-09-11,HSI,恒生指数,7672.58,7578.48,7672.58,7538.6,1.71
1998-09-14,HSI,恒生指数,7607.73,7661.85,7712.14,7572.47,1.84
1998-09-15,HSI,恒生指数,7700.66,7733.47,7837.96,7672.64,2.16
1998-09-16,HSI,恒生指数,7716.6,7860.68,7904.99,7708.24,2.54
1998-09-17,HSI,恒生指数,7856.1,7576.56,7856.1,7555.54,3.82
1998-09-18,HSI,恒生指数,7450.81,7445.96,7469.29,7348.27,1.6
1998-09-21,HSI,恒生指数,7391.95,7170.23,7410.81,7142.18,3.61
1998-09-22,HSI,恒生指数,7192.95,7373.5,7438.33,7192.95,3.42
1998-09-23,HSI,恒生指数,7372.49,7504.39,7518.87,7348.18,2.31
1998-09-24,HSI,恒生指数,7705.47,7834.6,7907.39,7705.47,2.69
1998-09-25,HSI,恒生指数,7700.31,7701.6,7745.93,7553.29,2.46
1998-09-28,HSI,恒生指数,7760.71,7946.04,8011.5,7760.71,3.26
1998-09-29,HSI,恒生指数,7976.27,7837.6,7976.27,7813.29,2.05
1998-09-30,HSI,恒生指数,7811.25,7883.46,7900.72,7752.1,1.9
1998-10-05,HSI,恒生指数,7651.75,7564.54,7651.75,7540.79,1.41
1998-10-07,HSI,恒生指数,7577.18,7744.72,7829.58,7577.18,3.34
1998-10-08,HSI,恒生指数,7714.08,7939.5,8060.16,7714.08,4.47
1998-10-09,HSI,恒生指数,8026.16,8506.79,8527.0,8026.16,6.31
1998-10-12,HSI,恒生指数,8737.23,8990.26,9168.12,8737.23,5.07
1998-10-13,HSI,恒生指数,9022.9,9008.83,9114.01,8822.83,3.24
1998-10-14,HSI,恒生指数,8962.07,8840.0,9068.69,8807.16,2.9
1998-10-15,HSI,恒生指数,8838.63,8970.41,9037.98,8765.69,3.08
1998-10-16,HSI,恒生指数,9456.78,9777.0,9805.75,9456.78,3.89
1998-10-19,HSI,恒生指数,9661.01,9599.04,9815.62,9506.12,3.17
1998-10-20,HSI,恒生指数,9620.21,9642.75,9746.78,9571.33,1.83
1998-10-21,HSI,恒生指数,9790.74,9662.12,9894.73,9639.4,2.65
1998-10-22,HSI,恒生指数,9679.37,9658.58,9795.4,9628.95,1.72
1998-10-23,HSI,恒生指数,9557.86,9817.75,9866.36,9487.32,3.92
1998-10-26,HSI,恒生指数,9763.03,9778.91,9860.61,9743.24,1.2
1998-10-27,HSI,恒生指数,9744.42,9927.04,9985.54,9724.04,2.67
1998-10-29,HSI,恒生指数,9869.7,9931.46,9989.41,9578.19,4.14
1998-10-30,HSI,恒生指数,9966.73,10154.94,10254.34,9966.73,2.9
1998-11-02,HSI,恒生指数,10217.58,10170.08,10286.08,10094.91,1.88
1998-11-03,HSI,恒生指数,10298.91,10358.51,10401.38,10263.73,1.35
1998-11-04,HSI,恒生指数,10435.9,10508.25,10535.45,10267.54,2.59
1998-11-05,HSI,恒生指数,10558.37,10221.98,10565.37,10197.66,3.5
1998-11-06,HSI,恒生指数,10179.53,10139.75,10344.08,10100.58,2.38
1998-11-09,HSI,恒生指数,10086.25,9851.92,10086.25,9840.37,2.42
1998-11-10,HSI,恒生指数,9702.99,9721.33,9795.16,9637.55,1.6
1998-11-11,HSI,恒生指数,9698.5,10137.32,10137.32,9678.17,4.72
1998-11-12,HSI,恒生指数,10172.25,9948.17,10196.66,9914.26,2.79
1998-11-13,HSI,恒生指数,9932.34,9997.99,10067.25,9918.65,1.49
1998-11-16,HSI,恒生指数,10010.54,10298.08,10358.4,10010.54,3.48
1998-11-17,HSI,恒生指数,10320.96,10148.69,10351.78,10054.36,2.89
1998-11-18,HSI,恒生指数,10198.73,10213.41,10354.91,10194.55,1.58
1998-11-19,HSI,恒生指数,10219.87,10313.29,10352.75,10166.87,1.82
1998-11-20,HSI,恒生指数,10448.08,10233.36,10453.91,10227.98,2.19
1998-11-23,HSI,恒生指数,10411.12,10514.53,10514.53,10395.63,1.16
1998-11-24,HSI,恒生指数,10648.75,10851.71,10869.15,10636.54,2.21
1998-11-25,HSI,恒生指数,10767.4,10720.99,10979.3,10649.65,3.04
1998-11-26,HSI,恒生指数,10763.08,10778.91,10838.9,10656.25,1.7
1998-11-27,HSI,恒生指数,10788.41,10742.11,10819.04,10690.09,1.2
1998-11-30,HSI,恒生指数,10705.19,10402.32,10705.19,10393.53,2.9
1998-12-01,HSI,恒生指数,10258.13,9975.84,10258.13,9961.29,2.85
1998-12-02,HSI,恒生指数,10053.13,10055.78,10187.8,9980.87,2.07
1998-12-03,HSI,恒生指数,9967.48,10046.15,10140.71,9805.04,3.34
1998-12-04,HSI,恒生指数,10024.45,9963.13,10153.01,9890.34,2.61
1998-12-07,HSI,恒生指数,10288.08,10428.82,10433.88,10288.08,1.46
1998-12-08,HSI,恒生指数,10398.09,10351.08,10458.36,10300.23,1.52
1998-12-09,HSI,恒生指数,10293.66,10361.29,10372.32,10234.32,1.33
1998-12-10,HSI,恒生指数,10334.01,10315.44,10388.46,10281.23,1.03
1998-12-11,HSI,恒生指数,10146.28,9952.0,10146.28,9921.05,2.18
1998-12-14,HSI,恒生指数,9878.99,9825.21,9878.99,9714.0,1.66
1998-12-15,HSI,恒生指数,9804.73,9952.83,9964.71,9788.32,1.8
1998-12-16,HSI,恒生指数,9986.95,9939.38,10015.08,9927.83,0.88
1998-12-17,HSI,恒生指数,9933.17,10083.3,10101.99,9847.16,2.56
1998-12-18,HSI,恒生指数,10169.54,10226.23,10266.24,10153.82,1.11
1998-12-21,HSI,恒生指数,10469.55,10396.0,10469.55,10334.63,1.32
1998-12-22,HSI,恒生指数,10396.54,10322.55,10396.54,10296.83,0.96
1998-12-23,HSI,恒生指数,10263.69,10158.75,10263.69,10101.58,1.57
1998-12-24,HSI,恒生指数,10242.61,10292.2,10314.48,10224.91,0.88
1998-12-28,HSI,恒生指数,10263.62,10170.13,10281.59,10146.26,1.31
1998-12-29,HSI,恒生指数,10171.21,10225.96,10270.96,10171.21,0.98
1998-12-30,HSI,恒生指数,10262.7,10121.44,10266.21,10094.32,1.68
1998-12-31,HSI,恒生指数,10117.05,10048.58,10117.05,10048.58,0.68
1999-01-04,HSI,恒生指数,9865.2,9809.16,9982.25,9764.98,2.16
1999-01-05,HSI,恒生指数,9800.66,9891.05,9939.96,9790.0,1.53
1999-01-06,HSI,恒生指数,9967.42,10233.79,10233.79,9967.42,2.69
1999-01-07,HSI,恒生指数,10585.16,10693.57,10737.75,10565.08,1.69
1999-01-08,HSI,恒生指数,10713.15,10722.7,10898.25,10687.79,1.97
1999-01-11,HSI,恒生指数,10797.61,10634.26,10834.0,10565.49,2.5
1999-01-12,HSI,恒生指数,10530.62,10711.55,10735.33,10456.0,2.63
1999-01-13,HSI,恒生指数,10559.86,10273.76,10602.2,10273.76,3.07
1999-01-14,HSI,恒生指数,10058.16,10183.12,10283.88,9907.79,3.66
1999-01-15,HSI,恒生指数,9994.74,10147.4,10208.8,9959.82,2.45
1999-01-18,HSI,恒生指数,10356.05,10402.54,10422.12,10304.32,1.16
1999-01-19,HSI,恒生指数,10527.19,10290.11,10527.19,10258.23,2.59
1999-01-20,HSI,恒生指数,10288.04,10314.91,10337.23,10245.84,0.89
1999-01-21,HSI,恒生指数,10224.54,10048.57,10224.54,9992.66,2.25
1999-01-22,HSI,恒生指数,9904.65,9738.51,9904.65,9695.49,2.08
1999-01-25,HSI,恒生指数,9527.29,9499.5,9527.29,9316.04,2.17
1999-01-26,HSI,恒生指数,9640.05,9509.83,9655.79,9414.57,2.54
1999-01-27,HSI,恒生指数,9571.11,9719.66,9745.87,9514.58,2.43
1999-01-28,HSI,恒生指数,9643.59,9360.96,9643.59,9339.0,3.13
1999-01-29,HSI,恒生指数,9435.51,9506.9,9526.87,9341.99,1.98
1999-02-01,HSI,恒生指数,9485.49,9599.54,9633.15,9336.25,3.12
1999-02-02,HSI,恒生指数,9522.33,9502.71,9581.09,9436.42,1.51
1999-02-03,HSI,恒生指数,9455.37,9419.84,9547.32,9408.62,1.46
1999-02-04,HSI,恒生指数,9390.3,9438.65,9486.79,9368.75,1.25
1999-02-05,HSI,恒生指数,9378.54,9190.2,9378.54,9156.71,2.35
1999-02-08,HSI,恒生指数,9199.03,9139.59,9251.16,9109.62,1.54
1999-02-09,HSI,恒生指数,9082.33,9244.49,9244.49,9053.57,2.09
1999-02-10,HSI,恒生指数,9147.5,9076.33,9162.71,9000.24,1.76
1999-02-11,HSI,恒生指数,9103.21,9146.79,9237.53,9103.21,1.48
1999-02-12,HSI,恒生指数,9260.15,9425.41,9437.87,9245.38,2.1
1999-02-15,HSI,恒生指数,9459.0,9402.38,9470.28,9334.09,1.44
1999-02-19,HSI,恒生指数,9484.61,9254.12,9485.0,9235.25,2.66
1999-02-22,HSI,恒生指数,9218.54,9229.33,9279.37,9146.21,1.44
1999-02-23,HSI,恒生指数,9330.25,9433.99,9464.83,9330.25,1.46
1999-02-24,HSI,恒生指数,9425.78,9677.57,9737.08,9383.75,3.75
1999-02-25,HSI,恒生指数,9652.26,9658.07,9687.84,9547.41,1.45
1999-02-26,HSI,恒生指数,9803.33,9858.49,9891.62,9741.79,1.55
1999-03-01,HSI,恒生指数,9951.11,10020.46,10055.79,9951.11,1.06
1999-03-02,HSI,恒生指数,9964.75,9913.58,10154.36,9868.25,2.86
1999-03-03,HSI,恒生指数,9910.58,9922.4,10091.91,9865.41,2.28
1999-03-04,HSI,恒生指数,9969.0,9912.75,9977.08,9804.0,1.74
1999-03-05,HSI,恒生指数,10057.12,10241.12,10253.07,10037.53,2.17
1999-03-08,HSI,恒生指数,10401.25,10263.99,10500.86,10236.46,2.58
1999-03-09,HSI,恒生指数,10311.49,10532.95,10539.12,10311.49,2.22
1999-03-10,HSI,恒生指数,10550.19,10749.0,10813.61,10515.71,2.83
1999-03-11,HSI,恒生指数,10728.53,10662.8,10837.66,10598.37,2.23
1999-03-12,HSI,恒生指数,10812.53,10801.75,10918.42,10728.61,1.78
1999-03-15,HSI,恒生指数,10788.13,10836.86,10874.32,10738.8,1.25
1999-03-16,HSI,恒生指数,10869.46,10911.25,10963.21,10861.23,0.94
1999-03-17,HSI,恒生指数,10900.42,10940.07,10988.49,10853.37,1.24
1999-03-18,HSI,恒生指数,10884.5,10659.32,10889.21,10570.17,2.92
1999-03-19,HSI,恒生指数,10817.05,11082.91,11127.23,10815.19,2.93
1999-03-22,HSI,恒生指数,11013.16,11107.24,11161.0,10977.62,1.65
1999-03-23,HSI,恒生指数,11030.98,11041.0,11060.73,10905.04,1.4
1999-03-24,HSI,恒生指数,10839.78,10711.33,10859.75,10653.66,1.87
1999-03-25,HSI,恒生指数,10829.25,10826.12,10878.79,10769.21,1.02
1999-03-26,HSI,恒生指数,10895.62,10803.3,10896.53,10751.24,1.34
1999-03-29,HSI,恒生指数,10801.73,10688.46,10801.73,10628.05,1.61
1999-03-30,HSI,恒生指数,10810.23,10940.21,10972.08,10779.4,1.8
1999-03-31,HSI,恒生指数,10861.12,10942.2,11081.58,10858.86,2.04
1999-04-01,HSI,恒生指数,11017.45,11072.98,11072.98,10850.11,2.04
1999-04-07,HSI,恒生指数,11288.12,11614.87,11630.46,11288.12,3.09
1999-04-08,HSI,恒生指数,11781.55,11727.83,11889.33,11715.57,1.5
1999-04-09,HSI,恒生指数,11802.03,11914.09,11919.83,11757.58,1.38
1999-04-12,HSI,恒生指数,11738.11,11744.74,11806.28,11638.87,1.41
1999-04-13,HSI,恒生指数,11888.49,11899.69,11956.42,11858.37,0.83
1999-04-14,HSI,恒生指数,11853.87,11834.12,11963.91,11783.15,1.52
1999-04-15,HSI,恒生指数,11867.58,11962.23,11975.65,11785.65,1.61
1999-04-16,HSI,恒生指数,12068.36,12490.29,12490.29,12068.36,3.53
1999-04-19,HSI,恒生指数,12639.15,12766.44,13079.5,12639.15,3.53
1999-04-20,HSI,恒生指数,12696.95,12409.78,12811.29,12384.74,3.34
1999-04-21,HSI,恒生指数,12450.0,12543.75,12609.42,12382.42,1.83
1999-04-22,HSI,恒生指数,12722.99,12933.54,13010.19,12722.99,2.29
1999-04-23,HSI,恒生指数,13114.87,12905.29,13364.41,12905.29,3.55
1999-04-26,HSI,恒生指数,12854.44,13127.01,13173.37,12853.86,2.48
1999-04-27,HSI,恒生指数,13345.07,13364.79,13409.99,13236.04,1.33
1999-04-28,HSI,恒生指数,13568.21,13133.38,13628.25,13035.71,4.43
1999-04-29,HSI,恒生指数,13094.9,13179.7,13284.15,12881.59,3.07
1999-04-30,HSI,恒生指数,13176.74,13333.2,13342.78,13176.74,1.26
1999-05-03,HSI,恒生指数,13297.76,13337.07,13379.57,13081.45,2.24
1999-05-04,HSI,恒生指数,13618.29,13559.69,13690.37,13481.24,1.57
1999-05-05,HSI,恒生指数,13434.91,13586.21,13643.5,13366.76,2.04
1999-05-06,HSI,恒生指数,13679.76,13570.24,13719.08,13399.34,2.35
1999-05-07,HSI,恒生指数,13496.46,12997.42,13496.46,12966.41,3.91
1999-05-10,HSI,恒生指数,13075.83,13163.2,13181.0,12769.04,3.17
1999-05-11,HSI,恒生指数,13091.75,12874.37,13091.75,12771.62,2.43
1999-05-12,HSI,恒生指数,12824.76,13012.96,13162.75,12824.76,2.63
1999-05-13,HSI,恒生指数,13031.23,13053.66,13169.17,12993.5,1.35
1999-05-14,HSI,恒生指数,13141.49,12855.51,13167.01,12854.23,2.4
1999-05-17,HSI,恒生指数,12629.12,12588.59,12672.83,12521.95,1.17
1999-05-18,HSI,恒生指数,12589.75,12627.09,12660.82,12549.48,0.88
1999-05-19,HSI,恒生指数,12532.0,12403.13,12532.0,12321.87,1.66
1999-05-20,HSI,恒生指数,12431.57,12375.41,12515.13,12310.08,1.65
1999-05-21,HSI,恒生指数,12383.0,12272.13,12383.0,12224.98,1.28
1999-05-24,HSI,恒生指数,12307.86,12436.86,12436.86,12193.58,1.98
1999-05-25,HSI,恒生指数,12301.66,12346.91,12481.17,12259.58,1.78
1999-05-26,HSI,恒生指数,12233.05,12409.16,12452.49,12221.08,1.87
1999-05-27,HSI,恒生指数,12486.71,12308.53,12510.7,12282.42,1.84
1999-05-28,HSI,恒生指数,12179.12,12059.25,12179.12,11977.54,1.64
1999-05-31,HSI,恒生指数,12088.79,12147.12,12179.03,11964.63,1.78
1999-06-01,HSI,恒生指数,12139.96,12363.55,12363.55,12106.78,2.11
1999-06-02,HSI,恒生指数,12351.26,12458.63,12534.79,12317.25,1.76
1999-06-03,HSI,恒生指数,12414.32,12471.61,12480.41,12297.71,1.47
1999-06-04,HSI,恒生指数,12523.49,12415.54,12577.12,12359.49,1.75
1999-06-07,HSI,恒生指数,12562.71,12837.38,12837.38,12562.71,2.21
1999-06-08,HSI,恒生指数,12898.51,12864.86,13023.2,12840.78,1.42
1999-06-09,HSI,恒生指数,12776.75,12874.41,12905.75,12721.94,1.43
1999-06-10,HSI,恒生指数,13022.34,12839.21,13114.88,12805.86,2.4
1999-06-11,HSI,恒生指数,12883.76,12992.75,13030.53,12813.59,1.69
1999-06-14,HSI,恒生指数,13028.66,13007.57,13056.54,12915.21,1.09
1999-06-15,HSI,恒生指数,13051.19,12935.41,13067.04,12860.67,1.59
1999-06-16,HSI,恒生指数,12924.76,13155.12,13221.55,12916.79,2.36
1999-06-17,HSI,恒生指数,13370.46,13408.26,13453.79,13338.94,0.87
1999-06-21,HSI,恒生指数,13563.16,13994.23,13999.99,13538.88,3.44
1999-06-22,HSI,恒生指数,13995.07,14004.87,14124.41,13936.49,1.34
1999-06-23,HSI,恒生指数,13929.21,13976.04,14104.9,13791.54,2.24
1999-06-24,HSI,恒生指数,13894.15,13780.12,13953.75,13747.0,1.48
1999-06-25,HSI,恒生指数,13753.12,13784.5,13875.84,13716.87,1.15
1999-06-28,HSI,恒生指数,13768.16,13840.29,13862.79,13740.62,0.89
1999-06-29,HSI,恒生指数,13905.67,13765.49,13966.07,13745.65,1.59
1999-06-30,HSI,恒生指数,13687.12,13532.13,13825.86,13530.19,2.15
1999-07-02,HSI,恒生指数,13859.59,14184.58,14188.16,13815.67,2.75
1999-07-05,HSI,恒生指数,14369.71,14506.74,14531.62,14271.83,1.83
1999-07-06,HSI,恒生指数,14523.79,14372.61,14523.79,14321.7,1.39
1999-07-07,HSI,恒生指数,14273.08,14257.44,14408.04,14222.32,1.29
1999-07-08,HSI,恒生指数,14214.57,14226.29,14454.21,14059.54,2.77
1999-07-09,HSI,恒生指数,14136.05,14222.57,14308.58,14043.19,1.87
1999-07-12,HSI,恒生指数,14253.79,14061.83,14404.41,14059.5,2.43
1999-07-13,HSI,恒生指数,14057.25,13980.92,14069.12,13891.38,1.26
1999-07-14,HSI,恒生指数,13859.17,13575.57,13859.17,13466.9,2.81
1999-07-15,HSI,恒生指数,13631.79,13758.88,13758.88,13508.83,1.84
1999-07-16,HSI,恒生指数,13801.03,13545.24,13826.04,13397.79,3.11
1999-07-19,HSI,恒生指数,13515.19,13447.12,13550.63,13395.46,1.15
1999-07-20,HSI,恒生指数,13636.83,13600.4,13740.32,13560.98,1.33
1999-07-21,HSI,恒生指数,13417.92,13419.66,13472.75,13347.17,0.92
1999-07-22,HSI,恒生指数,13419.86,13369.05,13524.12,13326.74,1.47
1999-07-23,HSI,恒生指数,13335.25,13093.7,13335.25,12952.26,2.86
1999-07-26,HSI,恒生指数,12992.78,12866.51,13098.48,12819.48,2.13
1999-07-27,HSI,恒生指数,12761.62,13075.08,13136.54,12722.54,3.22
1999-07-28,HSI,恒生指数,13184.75,13140.41,13234.78,13039.63,1.49
1999-07-29,HSI,恒生指数,13125.03,13117.83,13184.75,13009.71,1.33
1999-07-30,HSI,恒生指数,12949.71,13186.86,13213.49,12832.49,2.9
1999-08-02,HSI,恒生指数,13202.38,13435.42,13451.5,13142.75,2.34
1999-08-03,HSI,恒生指数,13435.65,13473.83,13533.34,13370.74,1.21
1999-08-04,HSI,恒生指数,13532.95,13591.01,13631.91,13484.41,1.09
1999-08-05,HSI,恒生指数,13558.11,13254.33,13558.11,13201.62,2.62
1999-08-06,HSI,恒生指数,13206.45,13167.05,13250.49,13090.59,1.21
1999-08-09,HSI,恒生指数,13046.5,12945.46,13046.5,12886.12,1.22
1999-08-10,HSI,恒生指数,12922.04,12596.71,13061.88,12576.33,3.75
1999-08-11,HSI,恒生指数,12512.16,12437.79,12614.92,12422.78,1.53
1999-08-12,HSI,恒生指数,12634.28,12779.75,12803.33,12625.46,1.43
1999-08-13,HSI,恒生指数,12775.17,12608.17,12775.17,12473.87,2.36
1999-08-16,HSI,恒生指数,12882.73,12894.78,12997.12,12824.24,1.37
1999-08-17,HSI,恒生指数,12883.05,12783.16,12883.05,12740.05,1.11
1999-08-18,HSI,恒生指数,12947.88,12993.09,13088.66,12923.79,1.29
1999-08-19,HSI,恒生指数,12918.88,13403.58,13423.79,12855.73,4.37
1999-08-20,HSI,恒生指数,13444.51,13566.74,13638.4,13396.41,1.81
1999-08-23,HSI,恒生指数,13707.58,13573.66,13834.88,13573.66,1.93
1999-08-24,HSI,恒生指数,13730.63,13633.87,13744.24,13536.61,1.53
1999-08-25,HSI,恒生指数,13639.75,13479.12,13645.51,13369.46,2.02
1999-08-26,HSI,恒生指数,13567.84,13608.37,13683.37,13545.87,1.02
1999-08-27,HSI,恒生指数,13532.61,13383.12,13561.8,13370.76,1.4
1999-08-30,HSI,恒生指数,13434.79,13688.66,13784.4,13434.79,2.61
1999-08-31,HSI,恒生指数,13574.98,13482.76,13597.87,13451.23,1.07
1999-09-01,HSI,恒生指数,13561.08,13544.19,13682.96,13524.19,1.18
1999-09-02,HSI,恒生指数,13510.24,13367.55,13575.16,13256.51,2.35
1999-09-03,HSI,恒生指数,13255.91,13178.3,13255.91,13074.75,1.36
1999-09-06,HSI,恒生指数,13372.33,13385.16,13435.19,13346.59,0.67
1999-09-07,HSI,恒生指数,13416.0,13396.08,13522.46,13352.41,1.27
1999-09-08,HSI,恒生指数,13401.46,13356.62,13414.25,13342.98,0.53
1999-09-09,HSI,恒生指数,13323.29,13854.87,13854.96,13321.08,4.0
1999-09-10,HSI,恒生指数,13871.26,13855.92,14005.08,13820.4,1.33
1999-09-13,HSI,恒生指数,13941.08,13860.84,14075.05,13800.69,1.98
1999-09-14,HSI,恒生指数,13810.65,13804.03,13902.83,13733.92,1.22
1999-09-15,HSI,恒生指数,13703.5,13430.59,13703.5,13417.58,2.07
1999-09-17,HSI,恒生指数,13243.03,13484.83,13578.44,13185.8,2.92
1999-09-20,HSI,恒生指数,13554.62,13472.37,13569.94,13315.53,1.89
1999-09-21,HSI,恒生指数,13484.78,13420.46,13580.34,13419.8,1.19
1999-09-22,HSI,恒生指数,13200.57,13187.62,13265.75,13108.61,1.17
1999-09-23,HSI,恒生指数,13188.82,13214.44,13306.62,13177.75,0.98
1999-09-24,HSI,恒生指数,13063.8,13032.07,13125.92,12931.34,1.47
1999-09-27,HSI,恒生指数,13049.25,12760.46,13050.42,12686.58,2.79
1999-09-28,HSI,恒生指数,12920.0,12844.92,12981.7,12792.57,1.48
1999-09-29,HSI,恒生指数,12822.05,12834.88,12837.37,12652.87,1.44
1999-09-30,HSI,恒生指数,12798.67,12733.24,12876.41,12733.24,1.12
1999-10-04,HSI,恒生指数,12731.32,12875.86,13017.33,12731.32,2.25
1999-10-05,HSI,恒生指数,12872.87,12998.88,13038.0,12802.03,1.83
1999-10-06,HSI,恒生指数,13010.46,13017.98,13187.63,13010.07,1.37
1999-10-07,HSI,恒生指数,13132.08,13113.2,13260.12,13080.37,1.38
1999-10-08,HSI,恒生指数,13102.41,13112.41,13145.33,13050.03,0.73
1999-10-11,HSI,恒生指数,13123.4,12992.71,13150.03,12913.33,1.81
1999-10-12,HSI,恒生指数,12979.66,12759.34,12979.66,12743.15,1.82
1999-10-13,HSI,恒生指数,12706.28,12475.87,12706.28,12398.62,2.41
1999-10-14,HSI,恒生指数,12486.41,12486.82,12553.75,12354.54,1.6
1999-10-15,HSI,恒生指数,12486.15,12299.08,12486.15,12283.98,1.62
1999-10-19,HSI,恒生指数,12236.51,12134.12,12246.12,12066.65,1.46
1999-10-20,HSI,恒生指数,12262.29,12498.55,12573.71,12262.29,2.57
1999-10-21,HSI,恒生指数,12530.01,12523.0,12646.98,12483.71,1.31
1999-10-22,HSI,恒生指数,12539.5,12863.08,12867.91,12499.61,2.94
1999-10-25,HSI,恒生指数,12973.58,13034.17,13130.09,12965.54,1.28
1999-10-26,HSI,恒生指数,12932.96,12797.37,12959.29,12765.65,1.49
1999-10-27,HSI,恒生指数,12796.96,12709.07,12846.29,12687.66,1.24
1999-10-28,HSI,恒生指数,12780.96,12758.87,13019.08,12750.36,2.11
1999-10-29,HSI,恒生指数,13072.58,13256.95,13283.59,13072.58,1.65
1999-11-01,HSI,恒生指数,13309.4,13322.11,13398.83,13281.04,0.89
1999-11-02,HSI,恒生指数,13335.25,13335.83,13405.41,13278.16,0.96
1999-11-03,HSI,恒生指数,13366.12,13257.33,13497.36,13230.71,2.0
1999-11-04,HSI,恒生指数,13272.29,13651.5,13693.38,13272.29,3.18
1999-11-05,HSI,恒生指数,13705.01,13610.26,13730.88,13533.25,1.45
1999-11-08,HSI,恒生指数,13659.25,13521.11,13756.83,13513.66,1.79
1999-11-09,HSI,恒生指数,13585.65,13669.7,13735.07,13574.41,1.19
1999-11-10,HSI,恒生指数,13734.41,13975.54,14005.25,13734.41,1.98
1999-11-11,HSI,恒生指数,14053.46,14105.71,14217.36,13916.13,2.16
1999-11-12,HSI,恒生指数,14110.83,14189.66,14268.38,13977.95,2.06
1999-11-15,HSI,恒生指数,14251.29,14562.21,14634.99,14251.29,2.7
1999-11-16,HSI,恒生指数,14619.41,14689.46,14726.65,14491.38,1.62
1999-11-17,HSI,恒生指数,14997.21,14704.48,15072.65,14604.91,3.18
1999-11-18,HSI,恒生指数,14723.29,14721.74,14783.79,14606.54,1.21
1999-11-19,HSI,恒生指数,14745.46,15073.09,15127.13,14745.46,2.59
1999-11-22,HSI,恒生指数,15075.78,15285.03,15323.29,15057.29,1.76
1999-11-23,HSI,恒生指数,15339.96,15393.2,15521.46,15024.83,3.25
1999-11-24,HSI,恒生指数,15308.36,15307.28,15460.15,15113.65,2.25
1999-11-25,HSI,恒生指数,15121.26,14998.76,15308.46,14903.42,2.65
1999-11-26,HSI,恒生指数,15023.08,15274.53,15339.38,15023.08,2.11
1999-11-29,HSI,恒生指数,15255.67,15461.11,15581.96,15255.67,2.14
1999-11-30,HSI,恒生指数,15504.3,15377.19,15640.54,15173.2,3.02
1999-12-01,HSI,恒生指数,15277.3,15422.51,15519.61,15146.03,2.43
1999-12-02,HSI,恒生指数,15532.41,15603.04,15655.15,15369.38,1.85
1999-12-03,HSI,恒生指数,15635.44,15840.41,15875.96,15519.09,2.29
1999-12-06,HSI,恒生指数,15952.75,16168.62,16168.62,15873.54,1.86
1999-12-07,HSI,恒生指数,16190.96,16073.08,16237.5,15952.58,1.76
1999-12-08,HSI,恒生指数,16040.37,15989.37,16046.12,15833.11,1.33
1999-12-09,HSI,恒生指数,15963.67,16370.95,16455.0,15941.76,3.21
1999-12-10,HSI,恒生指数,16386.53,16380.21,16495.35,16321.82,1.06
1999-12-13,HSI,恒生指数,16505.34,16442.1,16635.51,16349.45,1.75
1999-12-14,HSI,恒生指数,16508.18,16282.7,16516.36,16121.55,2.4
1999-12-15,HSI,恒生指数,16250.46,15825.3,16277.09,15785.33,3.02
1999-12-16,HSI,恒生指数,15814.58,15571.36,15821.98,15512.29,1.96
1999-12-17,HSI,恒生指数,15737.49,15986.34,16003.24,15737.49,1.71
1999-12-20,HSI,恒生指数,15999.99,16212.38,16260.76,15885.21,2.35
1999-12-21,HSI,恒生指数,16228.51,16248.74,16334.88,15964.71,2.28
1999-12-22,HSI,恒生指数,16323.29,16192.4,16437.85,16137.59,1.85
1999-12-23,HSI,恒生指数,16216.96,16296.08,16336.5,16166.15,1.05
1999-12-24,HSI,恒生指数,16404.46,16833.27,16833.27,16404.46,2.63
1999-12-28,HSI,恒生指数,16820.86,16928.28,16979.43,16810.86,1.0
1999-12-29,HSI,恒生指数,16997.85,16660.82,17138.1,16577.07,3.31
1999-12-30,HSI,恒生指数,16772.94,16962.09,17050.4,16737.9,1.88
2000-01-03,HSI,恒生指数,17057.69,17369.63,17426.16,17057.69,2.17
2000-01-04,HSI,恒生指数,17303.0,17072.82,17303.0,16933.51,2.13
2000-01-05,HSI,恒生指数,16608.55,15846.71,16608.55,15688.49,5.39
2000-01-06,HSI,恒生指数,15942.07,15153.23,15971.03,14763.96,7.62
2000-01-07,HSI,恒生指数,15329.33,15405.62,15513.88,15108.75,2.67
2000-01-10,HSI,恒生指数,15631.0,15848.15,16065.08,15631.0,2.82
2000-01-11,HSI,恒生指数,15981.12,15862.09,16196.08,15736.16,2.9
2000-01-12,HSI,恒生指数,15691.73,15714.2,15744.04,15545.66,1.25
2000-01-13,HSI,恒生指数,15763.25,15633.96,15861.16,15458.62,2.56
2000-01-14,HSI,恒生指数,15741.54,15542.23,15863.48,15322.19,3.46
2000-01-17,HSI,恒生指数,15666.05,15574.55,15827.5,15474.38,2.27
2000-01-18,HSI,恒生指数,15575.67,15789.2,15801.07,15508.08,1.88
2000-01-19,HSI,恒生指数,15719.04,15275.33,15719.04,15192.28,3.34
2000-01-20,HSI,恒生指数,15347.7,15215.3,15347.7,15078.03,1.77
2000-01-21,HSI,恒生指数,15094.9,15108.41,15120.36,14903.7,1.42
2000-01-24,HSI,恒生指数,15233.79,15167.54,15413.75,15020.16,2.61
2000-01-25,HSI,恒生指数,15093.53,15103.04,15150.21,14910.29,1.58
2000-01-26,HSI,恒生指数,15164.79,15427.71,15452.71,15164.79,1.91
2000-01-27,HSI,恒生指数,15460.21,15917.8,15925.17,15460.21,3.01
2000-01-28,HSI,恒生指数,16052.07,16185.94,16315.74,16023.37,1.84
2000-01-31,HSI,恒生指数,15889.04,15532.33,15889.04,15444.82,2.74
2000-02-01,HSI,恒生指数,15600.25,15653.86,15764.4,15580.46,1.18
2000-02-02,HSI,恒生指数,15747.55,15789.82,15957.91,15747.55,1.34
2000-02-03,HSI,恒生指数,15795.58,15968.12,16010.03,15702.84,1.95
2000-02-08,HSI,恒生指数,16079.88,16228.73,16285.92,15940.3,2.16
2000-02-09,HSI,恒生指数,16456.86,16819.46,16967.9,16456.86,3.15
2000-02-10,HSI,恒生指数,16679.78,16845.16,16874.08,16525.56,2.07
2000-02-11,HSI,恒生指数,17024.36,17380.3,17653.65,17024.36,3.74
2000-02-14,HSI,恒生指数,17546.47,17188.96,17939.26,17107.9,4.78
2000-02-15,HSI,恒生指数,17257.36,16688.16,17296.97,16548.75,4.35
2000-02-16,HSI,恒生指数,16771.09,17043.39,17144.94,16732.81,2.47
2000-02-17,HSI,恒生指数,17075.9,16981.23,17229.15,16770.14,2.69
2000-02-18,HSI,恒生指数,16985.3,16599.16,17027.94,16468.94,3.29
2000-02-21,HSI,恒生指数,16412.63,16322.37,16477.09,16136.5,2.05
2000-02-22,HSI,恒生指数,16294.94,16255.16,16442.58,15776.34,4.08
2000-02-23,HSI,恒生指数,16313.96,16376.79,16523.65,16297.12,1.39
2000-02-24,HSI,恒生指数,16512.57,17058.66,17083.3,16512.57,3.48
2000-02-25,HSI,恒生指数,17279.5,17200.98,17414.46,16905.4,2.98
2000-02-28,HSI,恒生指数,17434.72,16984.43,17746.76,16638.46,6.44
2000-02-29,HSI,恒生指数,17140.21,17169.43,17290.07,17021.72,1.58
2000-03-01,HSI,恒生指数,17267.26,16843.58,17275.43,16617.94,3.83
2000-03-02,HSI,恒生指数,16996.06,16936.81,17118.4,16769.57,2.07
2000-03-03,HSI,恒生指数,16903.55,17285.24,17361.91,16795.8,3.34
2000-03-06,HSI,恒生指数,17500.97,17758.75,17855.21,17500.97,2.05
2000-03-07,HSI,恒生指数,17656.47,17865.35,17876.77,17471.74,2.28
2000-03-08,HSI,恒生指数,17687.58,17951.42,18058.97,17323.75,4.12
2000-03-09,HSI,恒生指数,18031.77,17637.02,18249.85,17613.8,3.54
2000-03-10,HSI,恒生指数,17727.96,17831.85,18001.53,17574.06,2.42
2000-03-13,HSI,恒生指数,17650.61,17096.67,17786.27,16892.65,5.01
2000-03-14,HSI,恒生指数,17125.9,16929.16,17220.25,16837.01,2.24
2000-03-15,HSI,恒生指数,16847.3,16747.19,16901.31,16553.16,2.06
2000-03-16,HSI,恒生指数,16775.23,16359.0,16826.25,16315.04,3.05
2000-03-17,HSI,恒生指数,16688.03,17082.99,17096.0,16617.17,2.93
2000-03-20,HSI,恒生指数,16878.81,17234.46,17325.15,16708.72,3.61
2000-03-21,HSI,恒生指数,17253.03,17199.98,17345.71,16896.69,2.61
2000-03-22,HSI,恒生指数,17418.91,17547.03,17560.68,17274.56,1.66
2000-03-23,HSI,恒生指数,17705.25,17710.58,17856.35,17391.97,2.65
2000-03-24,HSI,恒生指数,17768.06,17784.57,17879.36,17577.71,1.7
2000-03-27,HSI,恒生指数,17827.71,18292.85,18350.6,17815.67,3.01
2000-03-28,HSI,恒生指数,18272.8,18301.68,18397.57,18188.26,1.14
2000-03-29,HSI,恒生指数,18249.26,18096.36,18249.26,17950.19,1.63
2000-03-30,HSI,恒生指数,18011.14,17467.15,18038.47,17456.56,3.22
2000-03-31,HSI,恒生指数,17383.63,17406.53,17537.13,17107.43,2.46
2000-04-03,HSI,恒生指数,17444.48,16892.92,17458.06,16872.82,3.36
2000-04-05,HSI,恒生指数,16599.07,16318.44,16736.22,16246.53,2.9
2000-04-06,HSI,恒生指数,16416.48,16491.39,16528.58,16283.2,1.5
2000-04-07,HSI,恒生指数,16657.83,16941.67,16992.52,16657.83,2.03
2000-04-10,HSI,恒生指数,17038.22,16850.74,17083.26,16676.07,2.4
2000-04-11,HSI,恒生指数,16683.4,16487.66,16683.4,16422.26,1.55
2000-04-12,HSI,恒生指数,16391.11,16577.08,16762.85,16267.71,3.0
2000-04-13,HSI,恒生指数,16345.25,16352.55,16470.38,16043.84,2.57
2000-04-14,HSI,恒生指数,16254.25,16142.75,16270.76,15906.29,2.23
2000-04-17,HSI,恒生指数,15306.04,14762.37,15306.04,14624.33,4.22
2000-04-18,HSI,恒生指数,15158.15,15278.32,15409.66,15158.15,1.7
2000-04-19,HSI,恒生指数,15558.51,15427.2,15667.16,15338.09,2.15
2000-04-20,HSI,恒生指数,15425.82,15367.13,15453.65,15213.01,1.56
2000-04-25,HSI,恒生指数,15335.88,15380.0,15531.21,15212.91,2.07
2000-04-26,HSI,恒生指数,15581.45,15227.38,15629.51,15140.34,3.18
2000-04-27,HSI,恒生指数,15225.16,15192.87,15253.51,15068.66,1.21
2000-04-28,HSI,恒生指数,15291.05,15519.29,15541.37,15291.05,1.65
2000-05-02,HSI,恒生指数,15751.03,15817.75,15912.26,15654.41,1.66
2000-05-03,HSI,恒生指数,15695.08,15577.46,15695.08,15511.74,1.16
2000-05-04,HSI,恒生指数,15438.96,15314.07,15438.96,15171.11,1.72
2000-05-05,HSI,恒生指数,15298.57,15268.63,15328.98,15173.2,1.02
2000-05-08,HSI,恒生指数,15337.66,14901.0,15443.33,14827.36,4.03
2000-05-09,HSI,恒生指数,14854.63,14776.9,14854.63,14644.61,1.41
2000-05-10,HSI,恒生指数,14652.66,14492.91,14681.05,14380.78,2.03
2000-05-12,HSI,恒生指数,14438.66,15111.94,15168.48,14288.33,6.07
2000-05-15,HSI,恒生指数,15117.75,14881.29,15165.69,14835.79,2.18
2000-05-16,HSI,恒生指数,14961.51,15160.29,15184.33,14806.25,2.54
2000-05-17,HSI,恒生指数,15293.25,14827.8,15293.25,14721.4,3.77
2000-05-18,HSI,恒生指数,14688.74,14322.59,14688.74,14210.49,3.23
2000-05-19,HSI,恒生指数,14338.75,14478.25,14699.41,14166.36,3.72
2000-05-22,HSI,恒生指数,14278.5,14140.73,14278.5,13981.44,2.05
2000-05-23,HSI,恒生指数,14117.12,14257.17,14311.7,13980.94,2.34
2000-05-24,HSI,恒生指数,14115.54,13933.98,14115.54,13878.62,1.66
2000-05-25,HSI,恒生指数,14082.04,13921.05,14250.71,13852.86,2.86
2000-05-26,HSI,恒生指数,13845.44,13722.7,13845.44,13596.62,1.79
2000-05-29,HSI,恒生指数,13735.07,13975.07,14024.15,13606.19,3.05
2000-05-30,HSI,恒生指数,14044.04,13990.9,14181.49,13734.59,3.2
2000-05-31,HSI,恒生指数,14438.38,14713.86,14913.25,14438.38,3.39
2000-06-01,HSI,恒生指数,14652.9,14941.19,15002.53,14652.9,2.38
2000-06-02,HSI,恒生指数,15165.58,15284.09,15344.12,15142.95,1.35
2000-06-05,HSI,恒生指数,15643.79,15861.67,15971.24,15643.79,2.14
2000-06-07,HSI,恒生指数,15782.87,15900.05,16033.87,15668.12,2.31
2000-06-08,HSI,恒生指数,15912.21,15876.92,15980.94,15786.36,1.22
2000-06-09,HSI,恒生指数,15841.19,16120.25,16154.79,15723.33,2.72
2000-06-12,HSI,恒生指数,16125.75,16055.04,16250.63,16047.51,1.26
2000-06-13,HSI,恒生指数,15947.87,15692.94,15947.87,15657.82,1.81
2000-06-14,HSI,恒生指数,15761.42,15857.07,15887.78,15621.29,1.7
2000-06-15,HSI,恒生指数,15941.82,16080.33,16222.5,15894.7,2.07
2000-06-16,HSI,恒生指数,16088.74,16434.38,16483.91,16002.28,3.0
2000-06-19,HSI,恒生指数,16332.69,16267.46,16364.21,16168.79,1.19
2000-06-20,HSI,恒生指数,16467.14,16086.74,16525.01,15968.66,3.42
2000-06-21,HSI,恒生指数,16071.19,16238.13,16338.91,15935.53,2.51
2000-06-22,HSI,恒生指数,16227.46,15952.36,16266.46,15860.96,2.5
2000-06-23,HSI,恒生指数,15827.28,15738.08,15904.38,15667.34,1.49
2000-06-26,HSI,恒生指数,15726.12,15978.91,16048.69,15644.61,2.57
2000-06-27,HSI,恒生指数,16147.13,16155.76,16274.23,16031.58,1.52
2000-06-28,HSI,恒生指数,16202.16,16438.41,16511.24,16132.53,2.34
2000-06-29,HSI,恒生指数,16474.4,16286.79,16534.48,16226.55,1.87
2000-06-30,HSI,恒生指数,16142.34,16155.78,16310.04,16015.51,1.81
2000-07-03,HSI,恒生指数,16177.05,16124.96,16179.9,15928.91,1.55
2000-07-04,HSI,恒生指数,16131.76,16235.75,16242.29,16086.25,0.97
2000-07-05,HSI,恒生指数,16275.33,16474.26,16540.64,16275.33,1.63
2000-07-06,HSI,恒生指数,16396.08,16489.58,16681.33,16365.66,1.92
2000-07-07,HSI,恒生指数,16631.85,16829.96,16861.58,16565.39,1.8
2000-07-10,HSI,恒生指数,17024.46,17238.66,17274.01,17024.46,1.48
2000-07-11,HSI,恒生指数,17259.94,17359.66,17380.58,17126.44,1.47
2000-07-12,HSI,恒生指数,17466.98,17552.25,17667.49,17451.61,1.24
2000-07-13,HSI,恒生指数,17808.69,17449.5,17834.94,17413.26,2.4
2000-07-14,HSI,恒生指数,17508.61,17586.16,17643.81,17372.63,1.55
2000-07-17,HSI,恒生指数,17736.61,17834.77,17913.48,17729.99,1.04
2000-07-18,HSI,恒生指数,17766.46,17440.83,17766.46,17404.05,2.03
2000-07-19,HSI,恒生指数,17462.11,17710.07,17730.57,17388.63,1.96
2000-07-20,HSI,恒生指数,17702.68,17758.5,17818.56,17518.68,1.69
2000-07-21,HSI,恒生指数,18022.81,17920.85,18125.57,17765.49,2.03
2000-07-24,HSI,恒生指数,17866.27,17659.68,18028.65,17638.55,2.18
2000-07-25,HSI,恒生指数,17574.32,17375.33,17574.32,17306.89,1.51
2000-07-26,HSI,恒生指数,17476.41,17620.23,17730.08,17476.41,1.46
2000-07-27,HSI,恒生指数,17442.1,17450.08,17463.28,17285.86,1.01
2000-07-28,HSI,恒生指数,17429.73,17183.92,17429.73,16994.36,2.49
2000-07-31,HSI,恒生指数,16977.69,16840.98,16981.83,16729.98,1.47
2000-08-01,HSI,恒生指数,17014.43,16897.44,17133.08,16787.46,2.05
2000-08-02,HSI,恒生指数,16899.22,17277.39,17322.19,16866.15,2.7
2000-08-03,HSI,恒生指数,17272.43,17274.27,17379.66,17171.83,1.2
2000-08-04,HSI,恒生指数,17330.58,17425.69,17555.19,17330.58,1.3
2000-08-07,HSI,恒生指数,17538.81,17727.25,17761.94,17538.81,1.28
2000-08-08,HSI,恒生指数,17728.41,17211.83,17759.58,17179.75,3.27
2000-08-09,HSI,恒生指数,17306.18,17181.99,17446.66,16951.03,2.88
2000-08-10,HSI,恒生指数,17234.58,17333.21,17417.89,17149.68,1.56
2000-08-11,HSI,恒生指数,17363.6,17214.41,17363.6,17144.66,1.26
2000-08-14,HSI,恒生指数,17245.33,16998.06,17296.19,16945.43,2.04
2000-08-15,HSI,恒生指数,17029.72,17463.52,17536.41,17029.72,2.98
2000-08-16,HSI,恒生指数,17440.42,17734.15,17794.32,17408.17,2.21
2000-08-17,HSI,恒生指数,17710.42,17622.0,17784.65,17560.24,1.27
2000-08-18,HSI,恒生指数,17698.35,17440.0,17717.76,17359.0,2.04
2000-08-21,HSI,恒生指数,17432.41,17501.48,17596.31,17334.92,1.5
2000-08-22,HSI,恒生指数,17568.1,17668.27,17724.82,17481.64,1.39
2000-08-23,HSI,恒生指数,17709.08,17427.4,17785.08,17386.86,2.25
2000-08-24,HSI,恒生指数,17463.33,17439.69,17548.52,17331.69,1.24
2000-08-25,HSI,恒生指数,17348.11,17236.74,17441.3,17058.33,2.2
2000-08-28,HSI,恒生指数,17220.78,17019.75,17265.77,17015.01,1.45
2000-08-29,HSI,恒生指数,17062.0,17240.1,17390.48,17062.0,1.93
2000-08-30,HSI,恒生指数,17211.34,17095.88,17302.63,16929.64,2.16
2000-08-31,HSI,恒生指数,17083.46,17097.5,17263.0,16957.23,1.79
2000-09-01,HSI,恒生指数,17210.33,17333.6,17391.0,17210.33,1.06
2000-09-04,HSI,恒生指数,17421.33,17726.16,17787.59,17421.33,2.11
2000-09-05,HSI,恒生指数,17734.35,17595.22,17803.19,17556.05,1.39
2000-09-06,HSI,恒生指数,17586.23,17605.23,17735.09,17525.1,1.19
2000-09-07,HSI,恒生指数,17557.02,17431.94,17609.32,17418.09,1.09
2000-09-08,HSI,恒生指数,17441.25,17275.44,17512.31,17228.51,1.63
2000-09-11,HSI,恒生指数,17199.27,17007.98,17199.27,16924.73,1.59
2000-09-12,HSI,恒生指数,16941.52,16629.77,16941.52,16541.68,2.35
2000-09-14,HSI,恒生指数,16542.91,16395.42,16623.09,16322.58,1.81
2000-09-15,HSI,恒生指数,16381.7,16249.53,16510.67,16195.69,1.92
2000-09-18,HSI,恒生指数,16010.69,15560.16,16010.69,15525.46,2.99
2000-09-19,HSI,恒生指数,15353.82,15677.2,15764.83,15091.41,4.33
2000-09-20,HSI,恒生指数,15757.63,15665.62,15874.62,15572.58,1.93
2000-09-21,HSI,恒生指数,15444.67,15164.45,15447.91,15092.49,2.27
2000-09-22,HSI,恒生指数,14966.76,14612.87,14966.76,14538.87,2.82
2000-09-25,HSI,恒生指数,14894.08,15428.95,15448.99,14894.08,3.8
2000-09-26,HSI,恒生指数,15304.67,15290.84,15426.32,15152.87,1.77
2000-09-27,HSI,恒生指数,15074.3,15444.12,15489.29,14978.58,3.34
2000-09-28,HSI,恒生指数,15464.55,15415.75,15660.46,15328.01,2.15
2000-09-29,HSI,恒生指数,15632.99,15648.98,15772.55,15574.79,1.28
2000-10-03,HSI,恒生指数,15586.03,15725.96,15728.41,15469.38,1.66
2000-10-04,HSI,恒生指数,15670.53,15878.88,15917.57,15582.83,2.13
2000-10-05,HSI,恒生指数,16054.58,16184.67,16245.61,16014.91,1.45
2000-10-09,HSI,恒生指数,16046.87,15693.5,16057.4,15668.5,2.4
2000-10-10,HSI,恒生指数,15739.38,15554.11,15739.38,15434.74,1.94
2000-10-11,HSI,恒生指数,15376.62,15127.0,15376.62,15073.95,1.95
2000-10-12,HSI,恒生指数,15071.91,15074.79,15244.65,14883.32,2.39
2000-10-13,HSI,恒生指数,14679.99,14680.5,14786.04,14494.37,1.93
2000-10-16,HSI,恒生指数,15185.67,14973.4,15284.65,14956.87,2.23
2000-10-17,HSI,恒生指数,15081.75,14873.42,15134.53,14794.8,2.27
2000-10-18,HSI,恒生指数,14751.94,14458.51,14751.94,14356.05,2.66
2000-10-19,HSI,恒生指数,14352.41,14422.51,14422.51,14107.74,2.18
2000-10-20,HSI,恒生指数,14822.42,15044.53,15105.45,14822.42,1.96
2000-10-23,HSI,恒生指数,15038.25,15102.36,15161.03,14864.83,1.97
2000-10-24,HSI,恒生指数,15125.83,14925.92,15209.33,14885.65,2.14
2000-10-25,HSI,恒生指数,14987.36,15061.13,15152.58,14980.04,1.16
2000-10-26,HSI,恒生指数,14904.29,14996.24,15166.21,14764.5,2.67
2000-10-27,HSI,恒生指数,15065.08,14902.46,15182.62,14820.99,2.41
2000-10-30,HSI,恒生指数,14936.19,14799.9,14958.96,14763.67,1.31
2000-10-31,HSI,恒生指数,14791.41,14895.33,15090.59,14729.21,2.44
2000-11-01,HSI,恒生指数,14943.42,15349.0,15387.08,14942.61,2.98
2000-11-02,HSI,恒生指数,15292.58,15291.54,15524.03,15223.99,1.95
2000-11-03,HSI,恒生指数,15486.41,15594.12,15693.03,15449.12,1.6
2000-11-06,HSI,恒生指数,15625.42,15671.15,15779.73,15593.04,1.2
2000-11-07,HSI,恒生指数,15691.75,15820.79,15837.62,15531.29,1.95
2000-11-08,HSI,恒生指数,15779.57,15654.12,16023.41,15631.13,2.48
2000-11-09,HSI,恒生指数,15473.58,15504.79,15623.78,15404.58,1.4
2000-11-10,HSI,恒生指数,15458.41,15389.38,15544.83,15324.12,1.42
2000-11-13,HSI,恒生指数,15078.75,14815.69,15078.75,14802.48,1.8
2000-11-14,HSI,恒生指数,14827.2,15177.51,15186.25,14825.99,2.43
2000-11-15,HSI,恒生指数,15368.84,15127.4,15473.75,15084.66,2.56
2000-11-16,HSI,恒生指数,15132.57,15298.34,15319.21,15087.48,1.53
2000-11-17,HSI,恒生指数,15192.62,15180.84,15218.01,15057.41,1.05
2000-11-20,HSI,恒生指数,15154.04,15346.66,15379.38,15140.0,1.58
2000-11-21,HSI,恒生指数,15185.9,15188.29,15212.79,15013.82,1.3
2000-11-22,HSI,恒生指数,15168.8,14772.5,15246.61,14730.42,3.4
2000-11-23,HSI,恒生指数,14416.67,14563.5,14579.9,14257.54,2.18
2000-11-24,HSI,恒生指数,14585.19,14376.9,14647.61,14353.98,2.02
2000-11-27,HSI,恒生指数,14491.37,14602.75,14669.25,14354.62,2.19
2000-11-28,HSI,恒生指数,14550.28,14566.21,14691.07,14492.58,1.36
2000-11-29,HSI,恒生指数,14336.83,14169.05,14353.91,14133.84,1.51
2000-11-30,HSI,恒生指数,14130.48,13984.38,14289.12,13894.19,2.79
2000-12-01,HSI,恒生指数,14026.21,14441.42,14522.38,13920.11,4.31
2000-12-04,HSI,恒生指数,14470.49,14559.24,14632.07,14403.37,1.58
2000-12-05,HSI,恒生指数,14602.25,14573.21,14701.98,14507.5,1.34
2000-12-06,HSI,恒生指数,14914.54,15098.95,15178.26,14914.54,1.81
2000-12-07,HSI,恒生指数,14982.91,15011.51,15032.26,14839.37,1.28
2000-12-08,HSI,恒生指数,15008.79,15189.33,15281.8,14968.63,2.09
2000-12-11,HSI,恒生指数,15274.07,15408.54,15438.88,15193.49,1.62
2000-12-12,HSI,恒生指数,15498.45,15329.59,15548.25,15319.83,1.48
2000-12-13,HSI,恒生指数,14986.08,15621.73,15637.78,14986.08,4.25
2000-12-14,HSI,恒生指数,15543.84,15496.99,15597.62,15441.58,1.0
2000-12-15,HSI,恒生指数,15290.59,14975.53,15290.59,14914.04,2.43
2000-12-18,HSI,恒生指数,14901.42,15024.53,15039.46,14766.84,1.82
2000-12-19,HSI,恒生指数,15074.36,15188.04,15192.21,15014.76,1.18
2000-12-20,HSI,恒生指数,15048.5,14930.71,15048.5,14839.49,1.38
2000-12-21,HSI,恒生指数,14637.03,14659.32,14775.96,14476.79,2.0
2000-12-22,HSI,恒生指数,14730.5,14738.21,14851.86,14707.75,0.98
2000-12-27,HSI,恒生指数,14811.95,14748.36,14941.23,14727.45,1.45
2000-12-28,HSI,恒生指数,14785.15,14796.54,14900.13,14737.95,1.1
2000-12-29,HSI,恒生指数,14864.04,15095.53,15154.91,14785.0,2.5
2001-01-02,HSI,恒生指数,15089.84,14869.94,15089.84,14865.66,1.49
2001-01-03,HSI,恒生指数,14751.33,14589.58,14751.33,14512.71,1.6
2001-01-04,HSI,恒生指数,15060.59,15235.03,15312.61,15060.59,1.73
2001-01-05,HSI,恒生指数,15354.16,15447.61,15494.55,15275.9,1.44
2001-01-08,HSI,恒生指数,15328.12,15436.53,15451.71,15200.51,1.63
2001-01-09,HSI,恒生指数,15438.29,15500.58,15555.96,15336.62,1.42
2001-01-10,HSI,恒生指数,15395.96,15435.79,15539.29,15327.7,1.37
2001-01-11,HSI,恒生指数,15441.29,15090.76,15481.75,15060.8,2.73
2001-01-12,HSI,恒生指数,15157.37,15295.41,15330.15,15157.37,1.14
2001-01-15,HSI,恒生指数,15288.8,15293.75,15388.01,15146.65,1.58
2001-01-16,HSI,恒生指数,15290.7,15363.15,15430.95,15241.9,1.24
2001-01-17,HSI,恒生指数,15400.63,15261.48,15451.38,15154.01,1.94
2001-01-18,HSI,恒生指数,15292.83,15528.75,15553.5,15292.83,1.71
2001-01-19,HSI,恒生指数,15682.34,15933.54,15964.92,15682.34,1.82
2001-01-22,HSI,恒生指数,15967.66,16099.26,16106.16,15906.58,1.25
2001-01-23,HSI,恒生指数,16053.21,16044.21,16099.05,15940.25,0.99
2001-01-29,HSI,恒生指数,16176.09,16099.82,16255.11,15980.5,1.71
2001-01-30,HSI,恒生指数,16145.28,15893.07,16167.95,15877.23,1.81
2001-01-31,HSI,恒生指数,15916.41,16102.34,16106.71,15905.5,1.27
2001-02-01,HSI,恒生指数,16055.63,16163.99,16193.16,15913.07,1.74
2001-02-02,HSI,恒生指数,16165.42,16071.29,16274.66,16056.2,1.35
2001-02-05,HSI,恒生指数,16013.46,15830.83,16013.46,15753.96,1.61
2001-02-06,HSI,恒生指数,15864.46,15913.24,15936.48,15819.63,0.74
2001-02-07,HSI,恒生指数,15909.01,16049.46,16060.32,15871.37,1.19
2001-02-08,HSI,恒生指数,15987.57,15909.4,15987.57,15794.44,1.2
2001-02-09,HSI,恒生指数,15882.92,15873.28,15899.24,15782.87,0.73
2001-02-12,HSI,恒生指数,15807.63,15693.11,15807.63,15586.46,1.39
2001-02-13,HSI,恒生指数,15801.69,15842.71,15915.05,15792.75,0.78
2001-02-14,HSI,恒生指数,15821.79,15860.41,16021.21,15750.96,1.71
2001-02-15,HSI,恒生指数,15865.46,15756.37,15870.98,15714.76,0.98
2001-02-16,HSI,恒生指数,15777.4,15630.3,15813.15,15544.62,1.7
2001-02-19,HSI,恒生指数,15552.94,15490.96,15573.74,15458.42,0.74
2001-02-20,HSI,恒生指数,15499.01,15527.36,15613.44,15437.5,1.14
2001-02-21,HSI,恒生指数,15484.34,15351.5,15484.34,15298.75,1.2
2001-02-22,HSI,恒生指数,15202.16,15098.63,15202.16,15039.08,1.06
2001-02-23,HSI,恒生指数,15135.29,15280.55,15302.7,15042.8,1.72
2001-02-26,HSI,恒生指数,15278.15,15230.21,15304.66,15177.79,0.83
2001-02-27,HSI,恒生指数,14933.58,14834.73,15059.16,14771.08,1.89
2001-02-28,HSI,恒生指数,14702.96,14787.87,14842.69,14573.54,1.81
2001-03-01,HSI,恒生指数,14696.46,14360.55,14696.46,14330.57,2.47
2001-03-02,HSI,恒生指数,14285.29,13966.42,14285.29,13951.42,2.32
2001-03-05,HSI,恒生指数,14011.29,14135.25,14200.9,13908.07,2.1
2001-03-06,HSI,恒生指数,14229.16,14321.04,14346.69,14165.66,1.28
2001-03-07,HSI,恒生指数,14369.5,14177.36,14432.21,14141.41,2.03
2001-03-08,HSI,恒生指数,14177.86,14208.95,14247.16,13966.96,1.98
2001-03-09,HSI,恒生指数,14216.99,14194.34,14288.58,14148.73,0.98
2001-03-12,HSI,恒生指数,13969.04,13776.71,13969.04,13671.99,2.09
2001-03-13,HSI,恒生指数,13419.91,13493.03,13517.08,13277.51,1.74
2001-03-14,HSI,恒生指数,13485.75,13330.83,13616.67,13306.94,2.3
2001-03-15,HSI,恒生指数,13056.92,13504.16,13553.21,12947.58,4.54
2001-03-16,HSI,恒生指数,13506.73,13522.04,13560.3,13321.08,1.77
2001-03-19,HSI,恒生指数,13383.8,13457.69,13537.75,13308.41,1.7
2001-03-20,HSI,恒生指数,13516.84,13223.86,13565.96,13200.54,2.72
2001-03-21,HSI,恒生指数,13160.37,13154.44,13243.65,12866.4,2.85
2001-03-22,HSI,恒生指数,12992.29,12621.84,12992.29,12585.76,3.09
2001-03-23,HSI,恒生指数,12570.45,12583.36,12705.12,12396.96,2.44
2001-03-26,HSI,恒生指数,12678.9,12950.49,12991.87,12678.9,2.49
2001-03-27,HSI,恒生指数,12959.54,12707.9,13056.32,12662.57,3.04
2001-03-28,HSI,恒生指数,12824.21,12851.41,13015.73,12779.33,1.86
2001-03-29,HSI,恒生指数,12729.79,12677.88,12768.66,12523.61,1.91
2001-03-30,HSI,恒生指数,12689.11,12760.63,12802.51,12578.36,1.77
2001-04-02,HSI,恒生指数,12750.3,12727.29,12843.9,12634.28,1.64
2001-04-03,HSI,恒生指数,12688.21,12584.21,12688.21,12532.53,1.22
2001-04-04,HSI,恒生指数,12427.79,12063.71,12427.79,12062.83,2.9
2001-04-06,HSI,恒生指数,12446.24,12386.61,12606.15,12374.53,1.92
2001-04-09,HSI,恒生指数,12355.61,12202.09,12355.61,12061.54,2.37
2001-04-10,HSI,恒生指数,12263.58,12213.66,12321.5,12110.0,1.73
2001-04-11,HSI,恒生指数,12429.87,12706.42,12728.59,12429.87,2.45
2001-04-12,HSI,恒生指数,12778.66,12989.46,13018.57,12769.25,1.96
2001-04-17,HSI,恒生指数,12827.19,12606.45,12881.51,12597.36,2.19
2001-04-18,HSI,恒生指数,12761.41,12972.79,12988.15,12761.41,1.8
2001-04-19,HSI,恒生指数,13446.05,13548.95,13621.79,13425.55,1.51
2001-04-20,HSI,恒生指数,13570.69,13448.12,13570.69,13412.29,1.17
2001-04-23,HSI,恒生指数,13444.41,13311.5,13444.41,13282.96,1.2
2001-04-24,HSI,恒生指数,13251.0,13275.0,13279.0,13157.0,0.92
2001-04-25,HSI,恒生指数,13275.59,13249.55,13338.96,13215.82,0.93
2001-04-26,HSI,恒生指数,13324.55,13293.11,13408.7,13237.18,1.29
2001-04-27,HSI,恒生指数,13282.34,13386.04,13391.47,13125.36,2.0
2001-05-02,HSI,恒生指数,13745.5,13814.24,13841.41,13596.27,1.83
2001-05-03,HSI,恒生指数,13768.57,13718.14,13844.36,13646.22,1.43
2001-05-04,HSI,恒生指数,13599.47,13390.99,13599.47,13319.39,2.04
2001-05-07,HSI,恒生指数,13464.34,13600.78,13652.15,13437.02,1.61
2001-05-08,HSI,恒生指数,13599.63,13540.81,13599.63,13445.98,1.13
2001-05-09,HSI,恒生指数,13527.0,13585.14,13643.49,13408.99,1.73
2001-05-10,HSI,恒生指数,13540.87,13604.8,13726.45,13462.24,1.94
2001-05-11,HSI,恒生指数,13602.15,13636.61,13689.68,13579.21,0.81
2001-05-14,HSI,恒生指数,13608.84,13259.17,13608.84,13239.15,2.71
2001-05-15,HSI,恒生指数,13232.76,13250.09,13350.59,13209.55,1.06
2001-05-16,HSI,恒生指数,13257.77,13335.95,13566.38,13228.92,2.55
2001-05-17,HSI,恒生指数,13550.78,13637.87,13713.06,13550.78,1.22
2001-05-18,HSI,恒生指数,13631.4,13459.18,13631.4,13449.04,1.34
2001-05-21,HSI,恒生指数,13465.72,13721.27,13732.4,13465.72,1.98
2001-05-22,HSI,恒生指数,13775.35,13877.95,13929.47,13775.35,1.12
2001-05-23,HSI,恒生指数,13873.22,13839.1,13989.16,13798.32,1.38
2001-05-24,HSI,恒生指数,13770.01,13810.6,13813.26,13649.71,1.18
2001-05-25,HSI,恒生指数,13853.5,13753.99,13956.69,13732.89,1.62
2001-05-28,HSI,恒生指数,13737.52,13739.07,13756.81,13674.73,0.6
2001-05-29,HSI,恒生指数,13739.07,13629.61,13767.45,13506.45,1.9
2001-05-30,HSI,恒生指数,13567.54,13420.13,13567.54,13348.4,1.61
2001-05-31,HSI,恒生指数,13310.42,13174.41,13310.42,13091.51,1.63
2001-06-01,HSI,恒生指数,13244.1,13141.38,13282.86,13121.21,1.23
2001-06-04,HSI,恒生指数,13167.02,13207.49,13272.1,13167.02,0.8
2001-06-05,HSI,恒生指数,13232.22,13451.87,13482.89,13146.72,2.55
2001-06-06,HSI,恒生指数,13490.89,13576.01,13670.83,13490.89,1.34
2001-06-07,HSI,恒生指数,13537.7,13703.43,13714.65,13478.74,1.74
2001-06-08,HSI,恒生指数,13716.97,13808.89,13900.68,13716.97,1.34
2001-06-11,HSI,恒生指数,13748.43,13675.49,13846.33,13628.31,1.58
2001-06-12,HSI,恒生指数,13628.21,13526.68,13628.21,13443.66,1.35
2001-06-13,HSI,恒生指数,13515.54,13523.31,13598.18,13429.23,1.25
2001-06-14,HSI,恒生指数,13511.82,13248.89,13519.24,13223.1,2.19
2001-06-15,HSI,恒生指数,13132.14,13102.5,13135.69,12949.07,1.41
2001-06-18,HSI,恒生指数,13092.77,12948.78,13092.77,12891.2,1.54
2001-06-19,HSI,恒生指数,12980.06,13133.66,13149.89,12900.66,1.92
2001-06-20,HSI,恒生指数,13127.83,12918.71,13127.83,12895.82,1.77
2001-06-21,HSI,恒生指数,13024.28,13187.45,13253.34,12977.4,2.14
2001-06-22,HSI,恒生指数,13193.13,13174.02,13243.34,13126.98,0.88
2001-06-26,HSI,恒生指数,13142.43,12961.97,13142.43,12942.56,1.52
2001-06-27,HSI,恒生指数,12956.17,13004.21,13019.99,12890.62,1.0
2001-06-28,HSI,恒生指数,12967.68,12827.82,12967.68,12787.01,1.39
2001-06-29,HSI,恒生指数,12966.68,13042.53,13088.75,12966.68,0.95
2001-07-03,HSI,恒生指数,13068.3,13184.75,13198.19,13068.3,1.0
2001-07-04,HSI,恒生指数,13201.78,13207.53,13208.75,13090.46,0.9
2001-07-05,HSI,恒生指数,13209.36,12999.48,13236.98,12986.59,1.9
2001-07-09,HSI,恒生指数,12768.62,12690.68,12768.62,12583.33,1.43
2001-07-10,HSI,恒生指数,12701.14,12713.9,12731.97,12634.99,0.76
2001-07-11,HSI,恒生指数,12625.45,12527.9,12625.45,12457.51,1.32
2001-07-12,HSI,恒生指数,12533.39,12660.2,12693.3,12533.39,1.28
2001-07-13,HSI,恒生指数,12779.72,12612.79,12820.85,12518.19,2.39
2001-07-16,HSI,恒生指数,12624.53,12624.53,12692.09,12582.01,0.87
2001-07-17,HSI,恒生指数,12462.92,12495.25,12591.29,12433.18,1.25
2001-07-18,HSI,恒生指数,12480.91,12427.19,12554.19,12338.94,1.72
2001-07-19,HSI,恒生指数,12376.44,12279.82,12381.41,12191.57,1.53
2001-07-20,HSI,恒生指数,12305.12,12301.68,12359.62,12238.02,0.99
2001-07-23,HSI,恒生指数,12232.75,12236.45,12257.58,12171.93,0.7
2001-07-24,HSI,恒生指数,12213.93,12214.1,12238.71,12137.32,0.83
2001-07-26,HSI,恒生指数,12195.95,12039.82,12229.59,12003.16,1.85
2001-07-27,HSI,恒生指数,12069.53,12182.17,12191.67,12069.53,1.01
2001-07-30,HSI,恒生指数,12103.56,12086.66,12110.77,12007.67,0.85
2001-07-31,HSI,恒生指数,12125.96,12316.69,12317.12,12125.96,1.58
2001-08-01,HSI,恒生指数,12376.31,12478.74,12481.89,12277.88,1.66
2001-08-02,HSI,恒生指数,12493.43,12466.37,12544.64,12438.5,0.85
2001-08-03,HSI,恒生指数,12487.99,12269.08,12515.5,12256.78,2.08
2001-08-06,HSI,恒生指数,12255.53,12148.81,12255.53,12091.21,1.34
2001-08-07,HSI,恒生指数,12260.23,12007.19,12260.23,11924.96,2.76
2001-08-08,HSI,恒生指数,12035.98,11958.01,12082.18,11942.78,1.16
2001-08-09,HSI,恒生指数,11822.26,11716.77,11822.26,11605.0,1.82
2001-08-10,HSI,恒生指数,11746.85,11765.81,11794.48,11662.82,1.12
2001-08-13,HSI,恒生指数,11779.46,11694.29,11779.86,11624.99,1.32
2001-08-14,HSI,恒生指数,11718.19,11991.01,12007.76,11718.19,2.48
2001-08-15,HSI,恒生指数,12031.09,12141.63,12156.88,11897.47,2.16
2001-08-16,HSI,恒生指数,12071.71,11827.02,12195.08,11827.02,3.03
2001-08-17,HSI,恒生指数,11713.4,11754.81,11809.76,11643.84,1.4
2001-08-20,HSI,恒生指数,11573.46,11458.7,11573.46,11375.46,1.68
2001-08-21,HSI,恒生指数,11495.21,11440.35,11512.28,11363.82,1.3
2001-08-22,HSI,恒生指数,11339.52,11188.57,11365.61,11161.51,1.78
2001-08-23,HSI,恒生指数,11259.02,11345.38,11370.08,11220.11,1.34
2001-08-24,HSI,恒生指数,11372.4,11110.3,11372.4,11049.45,2.85
2001-08-27,HSI,恒生指数,11284.65,11234.72,11342.93,11212.83,1.17
2001-08-28,HSI,恒生指数,11213.66,11300.53,11372.29,11046.82,2.9
2001-08-29,HSI,恒生指数,11228.86,11242.41,11258.27,11173.8,0.75
2001-08-30,HSI,恒生指数,11241.63,11315.63,11335.16,11115.44,1.95
2001-08-31,HSI,恒生指数,11204.47,11090.48,11229.77,11003.95,2.0
2001-09-03,HSI,恒生指数,11058.8,10902.64,11071.73,10897.84,1.57
2001-09-04,HSI,恒生指数,10941.95,11136.86,11180.79,10772.1,3.75
2001-09-05,HSI,恒生指数,11053.65,10943.14,11053.65,10859.75,1.74
2001-09-06,HSI,恒生指数,10929.28,10664.32,10932.22,10652.04,2.56
2001-09-07,HSI,恒生指数,10556.18,10384.2,10556.18,10346.88,1.96
2001-09-10,HSI,恒生指数,10227.47,10366.32,10413.51,10177.51,2.27
2001-09-11,HSI,恒生指数,10282.65,10417.36,10427.29,10272.25,1.5
2001-09-12,HSI,恒生指数,9687.38,9493.62,9704.18,9170.24,5.13
2001-09-13,HSI,恒生指数,9565.47,9569.21,9700.8,9548.42,1.61
2001-09-14,HSI,恒生指数,9622.86,9655.45,9696.44,9478.67,2.28
2001-09-17,HSI,恒生指数,9397.24,9319.35,9411.65,9251.71,1.66
2001-09-18,HSI,恒生指数,9509.08,9307.9,9608.51,9224.05,4.13
2001-09-19,HSI,恒生指数,9402.65,9558.15,9560.94,9377.56,1.97
2001-09-20,HSI,恒生指数,9415.1,9317.98,9415.1,9249.16,1.74
2001-09-21,HSI,恒生指数,9039.65,8934.2,9039.65,8894.36,1.56
2001-09-24,HSI,恒生指数,8971.47,9284.5,9292.27,8971.47,3.59
2001-09-25,HSI,恒生指数,9411.35,9210.06,9440.27,9166.12,2.95
2001-09-26,HSI,恒生指数,9307.76,9371.75,9416.95,9251.31,1.8
2001-09-27,HSI,恒生指数,9387.8,9600.79,9602.35,9302.0,3.2
2001-09-28,HSI,恒生指数,9682.35,9950.7,9959.35,9663.08,3.09
2001-10-03,HSI,恒生指数,10040.12,9897.14,10098.69,9883.76,2.16
2001-10-04,HSI,恒生指数,10082.75,10286.39,10293.64,10082.75,2.13
2001-10-05,HSI,恒生指数,10221.76,10277.38,10315.01,10120.28,1.89
2001-10-08,HSI,恒生指数,10153.56,9967.83,10153.56,9904.93,2.42
2001-10-09,HSI,恒生指数,10053.88,10358.93,10361.97,10053.88,3.09
2001-10-10,HSI,恒生指数,10335.57,10298.24,10425.38,10184.6,2.32
2001-10-11,HSI,恒生指数,10475.36,10522.61,10638.58,10475.36,1.58
2001-10-12,HSI,恒生指数,10614.69,10274.13,10614.69,10243.68,3.53
2001-10-15,HSI,恒生指数,10195.64,10130.59,10232.07,10081.28,1.47
2001-10-16,HSI,恒生指数,10164.64,10148.49,10229.16,10056.83,1.7
2001-10-17,HSI,恒生指数,10118.14,10260.81,10331.82,10091.94,2.36
2001-10-18,HSI,恒生指数,10101.9,9880.61,10101.9,9817.92,2.77
2001-10-19,HSI,恒生指数,9894.42,9825.84,9948.0,9801.63,1.48
2001-10-22,HSI,恒生指数,9832.11,9797.54,9874.39,9758.98,1.17
2001-10-23,HSI,恒生指数,9935.9,10219.84,10224.12,9935.9,2.94
2001-10-24,HSI,恒生指数,10231.39,10243.46,10280.09,10158.73,1.19
2001-10-26,HSI,恒生指数,10330.44,10404.74,10475.19,10330.44,1.41
2001-10-29,HSI,恒生指数,10406.93,10178.09,10406.93,10079.03,3.15
2001-10-30,HSI,恒生指数,10064.07,10076.43,10139.71,9927.41,2.09
2001-10-31,HSI,恒生指数,10025.82,10073.97,10091.65,9945.54,1.45
2001-11-01,HSI,恒生指数,10110.92,10158.85,10189.56,10107.09,0.82
2001-11-02,HSI,恒生指数,10238.1,10186.06,10333.88,10097.64,2.33
2001-11-05,HSI,恒生指数,10202.3,10430.72,10434.78,10165.51,2.64
2001-11-06,HSI,恒生指数,10528.17,10356.05,10556.72,10303.06,2.43
2001-11-07,HSI,恒生指数,10419.24,10269.79,10454.69,10216.51,2.3
2001-11-08,HSI,恒生指数,10295.96,10538.62,10594.55,10280.86,3.05
2001-11-09,HSI,恒生指数,10516.46,10609.25,10716.55,10465.67,2.38
2001-11-12,HSI,恒生指数,10618.07,10592.45,10699.54,10541.02,1.49
2001-11-13,HSI,恒生指数,10536.59,10662.84,10713.61,10462.02,2.38
2001-11-14,HSI,恒生指数,10781.71,10950.04,10954.74,10781.71,1.62
2001-11-15,HSI,恒生指数,10958.66,11239.39,11280.27,10936.71,3.14
2001-11-16,HSI,恒生指数,11220.12,11287.37,11393.49,11170.3,1.99
2001-11-19,HSI,恒生指数,11292.98,11360.26,11396.36,11292.98,0.92
2001-11-20,HSI,恒生指数,11347.31,11225.79,11501.04,11148.26,3.11
2001-11-21,HSI,恒生指数,11208.28,11173.92,11311.8,11149.51,1.45
2001-11-22,HSI,恒生指数,11162.82,11253.3,11261.77,11114.54,1.32
2001-11-23,HSI,恒生指数,11289.34,11322.36,11346.33,11271.03,0.67
2001-11-26,HSI,恒生指数,11380.0,11391.96,11525.26,11316.74,1.84
2001-11-27,HSI,恒生指数,11402.03,11261.54,11428.49,11216.53,1.86
2001-11-28,HSI,恒生指数,11225.41,11066.19,11225.41,11012.47,1.89
2001-11-29,HSI,恒生指数,10974.66,11090.74,11120.74,10905.04,1.95
2001-11-30,HSI,恒生指数,11116.34,11279.25,11359.12,11116.34,2.19
2001-12-03,HSI,恒生指数,11253.98,11155.15,11257.71,11049.15,1.85
2001-12-04,HSI,恒生指数,11169.26,11427.28,11429.68,11076.32,3.17
2001-12-05,HSI,恒生指数,11505.11,11678.44,11706.09,11505.11,1.76
2001-12-06,HSI,恒生指数,11818.99,11745.84,11957.83,11672.55,2.44
2001-12-07,HSI,恒生指数,11782.47,11832.18,11848.09,11697.09,1.29
2001-12-10,HSI,恒生指数,11786.91,11784.92,11836.21,11709.37,1.07
2001-12-11,HSI,恒生指数,11756.53,11693.05,11756.53,11633.22,1.05
2001-12-12,HSI,恒生指数,11698.71,11847.06,11865.17,11592.47,2.33
2001-12-13,HSI,恒生指数,11803.02,11529.54,11875.03,11515.13,3.04
2001-12-14,HSI,恒生指数,11497.59,11466.11,11521.04,11349.51,1.49
2001-12-17,HSI,恒生指数,11464.38,11465.78,11576.31,11361.35,1.87
2001-12-18,HSI,恒生指数,11521.68,11486.93,11599.57,11391.33,1.82
2001-12-19,HSI,恒生指数,11523.92,11565.23,11597.13,11523.92,0.64
2001-12-20,HSI,恒生指数,11547.92,11601.14,11639.22,11447.73,1.66
2001-12-21,HSI,恒生指数,11500.29,11158.1,11500.29,11122.2,3.26
2001-12-24,HSI,恒生指数,11189.52,11209.78,11249.9,11182.45,0.6
2001-12-27,HSI,恒生指数,11250.05,11359.5,11415.04,11208.47,1.84
2001-12-28,HSI,恒生指数,11359.5,11431.59,11432.29,11309.02,1.09
2001-12-31,HSI,恒生指数,11431.59,11397.21,11451.79,11347.79,0.91
2002-01-02,HSI,恒生指数,11368.13,11350.85,11368.13,11241.63,1.11
2002-01-03,HSI,恒生指数,11348.8,11423.52,11447.0,11348.8,0.87
2002-01-04,HSI,恒生指数,11547.01,11702.15,11727.81,11547.01,1.58
2002-01-07,HSI,恒生指数,11687.43,11892.64,11919.41,11687.43,1.98
2002-01-08,HSI,恒生指数,11781.19,11713.71,11806.25,11678.06,1.08
2002-01-09,HSI,恒生指数,11711.77,11440.72,11783.7,11369.63,3.53
2002-01-10,HSI,恒生指数,11361.09,11256.07,11361.09,11168.89,1.68
2002-01-11,HSI,恒生指数,11278.86,11166.46,11351.75,11085.47,2.37
2002-01-14,HSI,恒生指数,11081.38,11209.43,11213.86,11029.22,1.65
2002-01-15,HSI,恒生指数,11071.49,11013.59,11071.49,10965.24,0.95
2002-01-16,HSI,恒生指数,11035.49,10964.09,11080.55,10910.75,1.54
2002-01-17,HSI,恒生指数,10888.11,11013.84,11020.21,10808.0,1.94
2002-01-18,HSI,恒生指数,11023.79,10972.96,11065.53,10934.01,1.19
2002-01-21,HSI,恒生指数,10967.09,11000.25,11083.17,10941.47,1.29
2002-01-22,HSI,恒生指数,10991.4,10797.69,10997.9,10778.78,1.99
2002-01-23,HSI,恒生指数,10750.98,10762.14,10793.07,10689.06,0.96
2002-01-24,HSI,恒生指数,10796.81,10741.46,10847.53,10690.63,1.46
2002-01-25,HSI,恒生指数,10789.0,10772.96,10842.47,10718.27,1.16
2002-01-28,HSI,恒生指数,10749.08,10767.46,10891.59,10748.1,1.33
2002-01-29,HSI,恒生指数,10774.61,11014.24,11041.82,10744.14,2.76
2002-01-30,HSI,恒生指数,10756.96,10756.96,10756.96,10756.96,0.0
2002-01-31,HSI,恒生指数,10921.56,10725.3,10953.57,10671.77,2.62
2002-02-01,HSI,恒生指数,10764.03,10691.25,10826.54,10673.66,1.43
2002-02-04,HSI,恒生指数,10750.36,10721.32,10774.33,10706.74,0.63
2002-02-05,HSI,恒生指数,10599.36,10609.19,10636.23,10549.63,0.81
2002-02-06,HSI,恒生指数,10590.26,10592.39,10633.12,10542.29,0.86
2002-02-07,HSI,恒生指数,10556.29,10409.68,10601.3,10393.83,1.96
2002-02-08,HSI,恒生指数,10441.19,10518.99,10526.75,10421.48,1.01
2002-02-11,HSI,恒生指数,10596.06,10832.74,10843.26,10596.06,2.35
2002-02-15,HSI,恒生指数,11005.85,10961.88,11108.48,10914.71,1.79
2002-02-18,HSI,恒生指数,10905.49,11002.81,11007.0,10867.82,1.27
2002-02-19,HSI,恒生指数,10997.9,10840.49,10997.9,10794.2,1.85
2002-02-20,HSI,恒生指数,10755.48,10749.06,10755.48,10685.38,0.65
2002-02-21,HSI,恒生指数,10788.9,10788.9,10871.1,10732.63,1.29
2002-02-22,HSI,恒生指数,10730.21,10664.94,10730.21,10579.81,1.39
2002-02-25,HSI,恒生指数,10679.0,10496.02,10683.64,10468.95,2.01
2002-02-26,HSI,恒生指数,10602.38,10547.13,10667.57,10536.74,1.25
2002-02-27,HSI,恒生指数,10623.73,10648.71,10757.11,10614.72,1.35
2002-02-28,HSI,恒生指数,10660.76,10482.55,10677.16,10415.65,2.46
2002-03-01,HSI,恒生指数,10404.92,10425.31,10448.81,10397.15,0.49
2002-03-04,HSI,恒生指数,10593.81,10704.12,10720.12,10561.38,1.52
2002-03-05,HSI,恒生指数,10883.29,10985.84,11004.04,10883.29,1.13
2002-03-06,HSI,恒生指数,10954.75,11003.0,11040.75,10933.43,0.98
2002-03-07,HSI,恒生指数,11102.36,11188.07,11246.31,11102.36,1.31
2002-03-08,HSI,恒生指数,11201.28,11233.23,11331.36,11201.28,1.16
2002-03-11,HSI,恒生指数,11234.53,11318.87,11334.31,11178.68,1.39
2002-03-12,HSI,恒生指数,11304.91,11273.86,11381.85,11242.23,1.23
2002-03-13,HSI,恒生指数,11214.85,11217.5,11306.89,11185.51,1.08
2002-03-14,HSI,恒生指数,11203.0,11303.7,11334.0,11163.0,1.52
2002-03-15,HSI,恒生指数,11280.99,11210.25,11363.71,11150.5,1.89
2002-03-18,HSI,恒生指数,11224.32,11230.64,11317.75,11168.32,1.33
2002-03-19,HSI,恒生指数,11242.25,11222.83,11302.39,11195.07,0.96
2002-03-20,HSI,恒生指数,11136.3,11036.6,11176.59,10996.36,1.61
2002-03-21,HSI,恒生指数,10950.78,10829.73,10950.78,10810.9,1.27
2002-03-22,HSI,恒生指数,10839.87,10863.07,10919.46,10811.88,0.99
2002-03-25,HSI,恒生指数,10855.23,10836.64,10867.02,10785.62,0.75
2002-03-26,HSI,恒生指数,10781.16,10786.92,10792.83,10715.05,0.72
2002-03-27,HSI,恒生指数,10819.85,10987.88,11022.83,10819.85,1.88
2002-04-02,HSI,恒生指数,11032.36,10878.04,11055.98,10816.73,2.18
2002-04-03,HSI,恒生指数,10831.23,10833.96,10853.88,10783.0,0.65
2002-04-08,HSI,恒生指数,10729.43,10723.68,10751.65,10702.44,0.45
2002-04-09,HSI,恒生指数,10711.08,10733.69,10791.09,10688.69,0.95
2002-04-10,HSI,恒生指数,10692.95,10643.14,10692.95,10610.76,0.77
2002-04-11,HSI,恒生指数,10748.45,10744.91,10829.04,10720.66,1.02
2002-04-12,HSI,恒生指数,10653.82,10710.48,10717.55,10630.41,0.81
2002-04-15,HSI,恒生指数,10720.41,10727.98,10764.48,10697.47,0.63
2002-04-16,HSI,恒生指数,10745.2,10788.53,10797.14,10690.47,0.99
2002-04-17,HSI,恒生指数,10938.69,11090.58,11090.58,10929.07,1.5
2002-04-18,HSI,恒生指数,11102.68,11217.15,11222.39,11070.8,1.37
2002-04-19,HSI,恒生指数,11166.5,11252.18,11285.05,11135.04,1.34
2002-04-22,HSI,恒生指数,11259.04,11139.42,11301.67,11134.17,1.49
2002-04-23,HSI,恒生指数,11109.7,11345.18,11355.11,11106.64,2.23
2002-04-24,HSI,恒生指数,11362.65,11396.57,11417.47,11305.65,0.99
2002-04-25,HSI,恒生指数,11394.04,11409.29,11439.59,11351.79,0.77
2002-04-26,HSI,恒生指数,11449.4,11385.08,11461.59,11348.81,0.99
2002-04-29,HSI,恒生指数,11329.91,11361.49,11371.12,11260.88,0.97
2002-04-30,HSI,恒生指数,11337.89,11497.58,11497.58,11317.66,1.58
2002-05-02,HSI,恒生指数,11577.57,11780.11,11800.83,11577.57,1.94
2002-05-03,HSI,恒生指数,11855.9,11797.22,11863.62,11729.85,1.14
2002-05-06,HSI,恒生指数,11771.08,11736.2,11845.1,11671.38,1.47
2002-05-07,HSI,恒生指数,11639.51,11795.98,11813.9,11591.26,1.9
2002-05-08,HSI,恒生指数,11873.25,11768.31,11890.72,11699.33,1.62
2002-05-09,HSI,恒生指数,11957.16,11700.76,11962.1,11677.55,2.42
2002-05-10,HSI,恒生指数,11720.46,11645.9,11752.96,11630.04,1.05
2002-05-13,HSI,恒生指数,11653.55,11733.43,11772.93,11650.62,1.05
2002-05-14,HSI,恒生指数,11824.93,11690.31,11824.93,11662.01,1.39
2002-05-15,HSI,恒生指数,11791.53,11838.36,11902.71,11738.08,1.41
2002-05-16,HSI,恒生指数,11838.53,11832.77,11839.57,11762.25,0.65
2002-05-17,HSI,恒生指数,11924.62,11974.61,12021.72,11867.39,1.3
2002-05-21,HSI,恒生指数,11959.65,11753.29,12006.92,11687.27,2.67
2002-05-22,HSI,恒生指数,11745.76,11795.2,11797.85,11698.12,0.85
2002-05-23,HSI,恒生指数,11754.46,11624.75,11761.68,11586.52,1.49
2002-05-24,HSI,恒生指数,11636.86,11626.78,11672.99,11595.59,0.67
2002-05-27,HSI,恒生指数,11608.38,11564.73,11612.53,11526.59,0.74
2002-05-28,HSI,恒生指数,11568.74,11581.58,11610.97,11544.1,0.58
2002-05-29,HSI,恒生指数,11480.95,11430.66,11581.67,11404.3,1.53
2002-05-30,HSI,恒生指数,11413.85,11380.61,11413.85,11268.54,1.27
2002-05-31,HSI,恒生指数,11385.19,11301.94,11429.06,11260.2,1.48
2002-06-03,HSI,恒生指数,11339.2,11359.8,11397.37,11282.76,1.01
2002-06-04,HSI,恒生指数,11279.05,11312.55,11317.56,11243.24,0.65
2002-06-05,HSI,恒生指数,11346.3,11402.38,11407.59,11297.96,0.97
2002-06-06,HSI,恒生指数,11438.61,11380.77,11475.19,11345.61,1.14
2002-06-07,HSI,恒生指数,11274.59,11284.71,11325.54,11236.19,0.79
2002-06-10,HSI,恒生指数,11270.1,11288.84,11326.43,11228.99,0.86
2002-06-11,HSI,恒生指数,11304.73,11215.02,11306.43,11176.0,1.16
2002-06-12,HSI,恒生指数,11167.18,11147.97,11167.18,11117.3,0.44
2002-06-13,HSI,恒生指数,11173.77,11119.33,11191.49,11105.4,0.77
2002-06-14,HSI,恒生指数,11024.59,10955.52,11066.75,10940.23,1.14
2002-06-17,HSI,恒生指数,10871.51,10832.26,10900.48,10811.62,0.81
2002-06-18,HSI,恒生指数,10963.37,10852.04,10983.72,10838.86,1.34
2002-06-19,HSI,恒生指数,10843.01,10673.11,10865.04,10612.03,2.33
2002-06-20,HSI,恒生指数,10668.77,10754.41,10768.03,10583.28,1.73
2002-06-21,HSI,恒生指数,10608.94,10591.86,10639.46,10574.03,0.61
2002-06-24,HSI,恒生指数,10544.45,10657.34,10674.52,10509.23,1.56
2002-06-25,HSI,恒生指数,10633.56,10608.98,10687.04,10553.54,1.25
2002-06-26,HSI,恒生指数,10493.13,10355.92,10493.13,10291.16,1.9
2002-06-27,HSI,恒生指数,10472.85,10518.09,10531.51,10411.15,1.16
2002-06-28,HSI,恒生指数,10615.14,10598.55,10699.32,10584.03,1.1
2002-07-02,HSI,恒生指数,10511.12,10491.76,10511.12,10436.46,0.7
2002-07-03,HSI,恒生指数,10407.58,10579.19,10627.07,10407.58,2.09
2002-07-04,HSI,恒生指数,10578.2,10765.58,10769.53,10566.55,1.92
2002-07-05,HSI,恒生指数,10810.39,10806.16,10845.88,10754.28,0.85
2002-07-08,HSI,恒生指数,10923.5,10803.45,10939.56,10766.98,1.6
2002-07-09,HSI,恒生指数,10831.12,10843.15,10860.64,10786.37,0.69
2002-07-10,HSI,恒生指数,10774.35,10787.54,10829.54,10747.92,0.75
2002-07-11,HSI,恒生指数,10637.6,10558.81,10655.23,10482.73,1.6
2002-07-12,HSI,恒生指数,10582.57,10648.3,10655.28,10529.92,1.19
2002-07-15,HSI,恒生指数,10556.5,10581.66,10597.35,10499.1,0.92
2002-07-16,HSI,恒生指数,10516.64,10421.49,10573.07,10399.67,1.64
2002-07-17,HSI,恒生指数,10336.78,10335.12,10362.46,10213.02,1.43
2002-07-18,HSI,恒生指数,10414.58,10452.55,10461.33,10350.25,1.07
2002-07-19,HSI,恒生指数,10370.82,10325.46,10377.4,10280.46,0.93
2002-07-22,HSI,恒生指数,10166.26,10110.25,10182.2,10080.12,0.99
2002-07-23,HSI,恒生指数,9980.29,10313.89,10322.49,9977.77,3.41
2002-07-24,HSI,恒生指数,10134.0,9971.99,10134.0,9913.0,2.14
2002-07-25,HSI,恒生指数,10143.02,9884.78,10165.83,9872.29,2.94
2002-07-26,HSI,恒生指数,9801.59,9773.12,9894.64,9687.5,2.1
2002-07-29,HSI,恒生指数,9873.44,9975.99,9983.04,9829.55,1.57
2002-07-30,HSI,恒生指数,10240.42,10155.25,10285.48,10151.61,1.34
2002-07-31,HSI,恒生指数,10169.28,10267.36,10290.07,10123.2,1.64
2002-08-01,HSI,恒生指数,10244.53,10180.02,10329.05,10175.08,1.5
2002-08-02,HSI,恒生指数,10026.65,9991.72,10058.48,9968.92,0.88
2002-08-05,HSI,恒生指数,9913.08,9862.33,9976.69,9823.95,1.53
2002-08-06,HSI,恒生指数,9780.18,9700.69,9782.89,9632.98,1.52
2002-08-07,HSI,恒生指数,9883.68,9977.74,10007.95,9851.28,1.62
2002-08-08,HSI,恒生指数,9960.68,9962.24,9997.18,9895.28,1.02
2002-08-09,HSI,恒生指数,10128.71,10014.06,10149.9,10007.43,1.43
2002-08-12,HSI,恒生指数,10039.77,9959.92,10039.77,9929.38,1.1
2002-08-13,HSI,恒生指数,9962.58,10100.06,10132.4,9958.06,1.75
2002-08-14,HSI,恒生指数,10064.63,9961.35,10064.63,9883.09,1.8
2002-08-15,HSI,恒生指数,10123.07,10219.71,10264.66,10123.07,1.42
2002-08-16,HSI,恒生指数,10240.6,10265.04,10299.72,10205.52,0.92
2002-08-19,HSI,恒生指数,10250.4,10246.96,10279.25,10166.54,1.1
2002-08-20,HSI,恒生指数,10390.31,10408.01,10431.77,10373.51,0.57
2002-08-21,HSI,恒生指数,10317.72,10402.26,10409.31,10293.71,1.11
2002-08-22,HSI,恒生指数,10452.5,10424.0,10456.61,10367.0,0.86
2002-08-23,HSI,恒生指数,10472.7,10245.69,10478.65,10241.18,2.28
2002-08-26,HSI,恒生指数,10232.88,10226.33,10263.83,10192.01,0.7
2002-08-27,HSI,恒生指数,10233.72,10185.52,10266.76,10125.2,1.38
2002-08-28,HSI,恒生指数,10130.38,10130.25,10158.69,10070.28,0.87
2002-08-29,HSI,恒生指数,10034.18,10061.15,10075.27,9988.86,0.85
2002-08-30,HSI,恒生指数,10034.22,10043.87,10089.69,10004.87,0.84
2002-09-02,HSI,恒生指数,10039.67,9896.98,10044.57,9861.87,1.82
2002-09-03,HSI,恒生指数,9862.39,9790.68,9873.11,9748.18,1.26
2002-09-04,HSI,恒生指数,9643.19,9820.33,9830.45,9629.22,2.06
2002-09-05,HSI,恒生指数,9823.74,9726.03,9833.68,9710.29,1.26
2002-09-06,HSI,恒生指数,9650.94,9720.86,9750.9,9631.73,1.23
2002-09-09,HSI,恒生指数,9781.54,9723.67,9783.44,9672.19,1.14
2002-09-10,HSI,恒生指数,9762.84,9885.77,9906.85,9761.1,1.5
2002-09-11,HSI,恒生指数,9927.73,9882.35,9946.01,9845.0,1.02
2002-09-12,HSI,恒生指数,9871.32,9896.33,9954.82,9807.54,1.49
2002-09-13,HSI,恒生指数,9773.62,9650.97,9784.0,9609.77,1.76
2002-09-16,HSI,恒生指数,9624.84,9505.13,9639.47,9454.92,1.91
2002-09-17,HSI,恒生指数,9605.32,9707.25,9732.33,9563.19,1.78
2002-09-18,HSI,恒生指数,9517.42,9474.07,9517.42,9401.49,1.19
2002-09-19,HSI,恒生指数,9485.55,9427.79,9511.29,9389.87,1.28
2002-09-20,HSI,恒生指数,9260.47,9328.22,9337.86,9210.94,1.35
2002-09-23,HSI,恒生指数,9295.69,9314.87,9322.36,9219.08,1.11
2002-09-24,HSI,恒生指数,9167.76,9197.68,9213.28,9141.12,0.77
2002-09-25,HSI,恒生指数,9076.83,9124.91,9193.81,9014.58,1.95
2002-09-26,HSI,恒生指数,9251.24,9270.71,9286.27,9206.9,0.87
2002-09-27,HSI,恒生指数,9338.66,9294.46,9368.14,9245.88,1.32
2002-09-30,HSI,恒生指数,9098.93,9072.21,9125.93,9046.96,0.85
2002-10-02,HSI,恒生指数,9227.38,9109.35,9241.86,9062.49,1.98
2002-10-03,HSI,恒生指数,9054.57,8984.32,9106.9,8915.0,2.11
2002-10-04,HSI,恒生指数,8989.65,9051.37,9065.52,8971.92,1.04
2002-10-07,HSI,恒生指数,8844.69,8931.4,8936.34,8844.11,1.02
2002-10-08,HSI,恒生指数,8910.08,8977.41,8989.68,8883.16,1.19
2002-10-09,HSI,恒生指数,8945.96,8977.35,8986.01,8876.62,1.22
2002-10-10,HSI,恒生指数,8808.35,8858.69,8863.46,8772.48,1.01
2002-10-11,HSI,恒生指数,8956.33,8965.73,8990.76,8863.46,1.44
2002-10-15,HSI,恒生指数,9153.25,9336.39,9349.0,9131.0,2.43
2002-10-16,HSI,恒生指数,9515.07,9459.14,9515.07,9416.82,1.05
2002-10-17,HSI,恒生指数,9465.61,9576.15,9598.49,9465.61,1.4
2002-10-18,HSI,恒生指数,9741.05,9613.07,9744.64,9603.73,1.47
2002-10-21,HSI,恒生指数,9593.65,9570.36,9641.08,9549.09,0.96
2002-10-22,HSI,恒生指数,9633.51,9548.94,9656.9,9507.99,1.56
2002-10-23,HSI,恒生指数,9545.66,9804.65,9809.51,9545.66,2.76
2002-10-24,HSI,恒生指数,9774.78,9787.49,9803.3,9712.9,0.92
2002-10-25,HSI,恒生指数,9715.67,9722.54,9728.56,9655.0,0.75
2002-10-28,HSI,恒生指数,9732.6,9853.74,9860.87,9730.0,1.35
2002-10-29,HSI,恒生指数,9799.87,9634.67,9812.15,9626.99,1.88
2002-10-30,HSI,恒生指数,9605.64,9560.46,9652.15,9546.58,1.1
2002-10-31,HSI,恒生指数,9609.16,9441.25,9625.72,9418.88,2.16
2002-11-01,HSI,恒生指数,9467.89,9407.68,9495.15,9388.35,1.13
2002-11-04,HSI,恒生指数,9587.97,9720.83,9739.13,9565.79,1.84
2002-11-05,HSI,恒生指数,9751.93,9655.36,9751.93,9606.68,1.49
2002-11-06,HSI,恒生指数,9788.31,9773.98,9822.07,9751.68,0.73
2002-11-07,HSI,恒生指数,9758.66,9844.38,9880.13,9719.64,1.64
2002-11-08,HSI,恒生指数,9714.19,9770.68,9796.47,9708.19,0.9
2002-11-11,HSI,恒生指数,9699.75,9580.88,9699.75,9527.83,1.76
2002-11-12,HSI,恒生指数,9530.46,9613.84,9650.09,9522.45,1.33
2002-11-13,HSI,恒生指数,9645.88,9616.62,9645.88,9533.5,1.17
2002-11-14,HSI,恒生指数,9644.21,9740.84,9806.08,9644.21,1.68
2002-11-15,HSI,恒生指数,9721.86,9865.65,9885.98,9721.86,1.68
2002-11-18,HSI,恒生指数,9994.29,9920.09,10006.07,9843.09,1.65
2002-11-19,HSI,恒生指数,9882.39,9965.03,9996.89,9856.95,1.41
2002-11-20,HSI,恒生指数,9952.45,9971.15,10011.53,9947.54,0.64
2002-11-21,HSI,恒生指数,10081.02,10003.54,10081.02,9989.79,0.91
2002-11-22,HSI,恒生指数,10112.51,10065.32,10128.69,10038.01,0.91
2002-11-25,HSI,恒生指数,10031.33,10100.77,10118.87,10028.98,0.89
2002-11-26,HSI,恒生指数,10052.44,9995.52,10057.76,9976.45,0.8
2002-11-27,HSI,恒生指数,9912.84,9944.59,10013.65,9912.02,1.02
2002-11-28,HSI,恒生指数,10090.43,10147.84,10168.91,10082.69,0.87
2002-11-29,HSI,恒生指数,10170.3,10069.87,10170.3,10061.89,1.07
2002-12-02,HSI,恒生指数,10107.96,10205.16,10205.16,10079.51,1.25
2002-12-03,HSI,恒生指数,10187.85,10227.01,10246.86,10179.64,0.66
2002-12-04,HSI,恒生指数,10123.26,9995.73,10123.26,9941.93,1.77
2002-12-05,HSI,恒生指数,9997.62,10009.88,10036.52,9940.25,0.96
2002-12-06,HSI,恒生指数,9940.6,9973.75,9978.85,9890.62,0.88
2002-12-09,HSI,恒生指数,9988.69,9868.48,9999.39,9821.56,1.78
2002-12-10,HSI,恒生指数,9763.79,9857.99,9868.74,9763.79,1.06
2002-12-11,HSI,恒生指数,9874.93,9784.57,9884.16,9742.0,1.44
2002-12-12,HSI,恒生指数,9816.99,9813.78,9852.57,9772.8,0.82
2002-12-13,HSI,恒生指数,9743.19,9728.43,9754.86,9695.74,0.6
2002-12-16,HSI,恒生指数,9644.64,9656.46,9677.85,9627.71,0.52
2002-12-17,HSI,恒生指数,9787.24,9715.74,9787.64,9682.02,1.09
2002-12-18,HSI,恒生指数,9652.77,9548.65,9657.45,9527.49,1.34
2002-12-19,HSI,恒生指数,9544.9,9557.86,9590.21,9477.82,1.18
2002-12-20,HSI,恒生指数,9499.77,9628.69,9631.53,9478.92,1.6
2002-12-23,HSI,恒生指数,9640.92,9570.93,9640.92,9552.07,0.92
2002-12-24,HSI,恒生指数,9586.26,9561.63,9593.93,9554.31,0.41
2002-12-27,HSI,恒生指数,9542.49,9445.26,9550.59,9426.06,1.3
2002-12-30,HSI,恒生指数,9345.67,9272.33,9362.7,9244.9,1.25
2002-12-31,HSI,恒生指数,9298.78,9321.29,9332.02,9291.77,0.43
2003-01-02,HSI,恒生指数,9333.64,9365.52,9378.35,9294.53,0.9
2003-01-03,HSI,恒生指数,9523.25,9583.85,9585.66,9520.85,0.69
2003-01-06,HSI,恒生指数,9605.09,9665.96,9683.86,9560.82,1.28
2003-01-07,HSI,恒生指数,9710.79,9652.4,9710.79,9592.29,1.23
2003-01-08,HSI,恒生指数,9632.36,9688.21,9781.08,9624.04,1.63
2003-01-09,HSI,恒生指数,9626.14,9675.41,9677.59,9599.24,0.81
2003-01-10,HSI,恒生指数,9711.76,9721.5,9778.28,9688.99,0.92
2003-01-13,HSI,恒生指数,9752.3,9834.08,9834.08,9752.3,0.84
2003-01-14,HSI,恒生指数,9812.91,9796.31,9843.81,9780.54,0.64
2003-01-15,HSI,恒生指数,9807.43,9873.49,9892.7,9807.43,0.87
2003-01-16,HSI,恒生指数,9798.16,9743.23,9823.63,9727.3,0.98
2003-01-17,HSI,恒生指数,9730.55,9614.59,9733.44,9597.23,1.4
2003-01-20,HSI,恒生指数,9551.56,9552.02,9560.39,9501.52,0.61
2003-01-21,HSI,恒生指数,9558.2,9568.47,9595.26,9548.14,0.49
2003-01-22,HSI,恒生指数,9484.89,9560.29,9581.24,9456.66,1.3
2003-01-23,HSI,恒生指数,9513.58,9584.7,9606.87,9513.58,0.98
2003-01-24,HSI,恒生指数,9558.48,9460.6,9575.27,9416.12,1.66
2003-01-27,HSI,恒生指数,9326.76,9298.67,9326.76,9253.36,0.78
2003-01-28,HSI,恒生指数,9244.3,9325.6,9341.11,9237.45,1.11
2003-01-29,HSI,恒生指数,9272.28,9240.79,9281.99,9203.68,0.84
2003-01-30,HSI,恒生指数,9251.94,9258.95,9266.15,9179.24,0.94
2003-02-04,HSI,恒生指数,9331.95,9252.71,9331.95,9208.23,1.34
2003-02-05,HSI,恒生指数,9214.64,9180.47,9238.92,9156.31,0.89
2003-02-06,HSI,恒生指数,9178.26,9126.15,9184.76,9094.86,0.98
2003-02-07,HSI,恒生指数,9099.41,9150.95,9163.67,9072.67,1.0
2003-02-10,HSI,恒生指数,9135.1,9232.14,9232.14,9131.62,1.1
2003-02-11,HSI,恒生指数,9237.19,9194.91,9285.06,9151.22,1.45
2003-02-12,HSI,恒生指数,9169.86,9314.9,9334.9,9162.52,1.87
2003-02-13,HSI,恒生指数,9273.38,9173.43,9283.23,9142.94,1.51
2003-02-14,HSI,恒生指数,9201.11,9201.76,9253.87,9191.01,0.69
2003-02-17,HSI,恒生指数,9311.65,9383.68,9392.86,9311.65,0.88
2003-02-18,HSI,恒生指数,9367.94,9397.05,9417.7,9342.05,0.81
2003-02-19,HSI,恒生指数,9461.13,9427.63,9463.99,9389.4,0.79
2003-02-20,HSI,恒生指数,9415.21,9390.48,9460.89,9381.14,0.85
2003-02-21,HSI,恒生指数,9361.05,9250.86,9364.83,9231.37,1.42
2003-02-24,HSI,恒生指数,9302.73,9239.47,9313.81,9231.01,0.9
2003-02-25,HSI,恒生指数,9140.06,9148.48,9154.42,9103.29,0.55
2003-02-26,HSI,恒生指数,9156.8,9116.28,9163.33,9097.49,0.72
2003-02-27,HSI,恒生指数,9072.87,9134.24,9175.32,9029.95,1.59
2003-02-28,HSI,恒生指数,9146.63,9122.66,9185.81,9111.17,0.82
2003-03-03,HSI,恒生指数,9141.46,9268.77,9316.27,9141.46,1.92
2003-03-04,HSI,恒生指数,9218.37,9181.89,9247.83,9164.1,0.9
2003-03-05,HSI,恒生指数,9096.51,9109.18,9135.01,9059.07,0.83
2003-03-06,HSI,恒生指数,9097.45,8962.26,9103.56,8952.02,1.66
2003-03-07,HSI,恒生指数,8917.12,8907.1,8941.23,8869.61,0.8
2003-03-10,HSI,恒生指数,8894.04,8861.87,8901.66,8821.67,0.9
2003-03-11,HSI,恒生指数,8776.99,8859.93,8860.51,8757.22,1.17
2003-03-12,HSI,恒生指数,8825.44,8874.99,8914.58,8825.44,1.01
2003-03-13,HSI,恒生指数,8857.31,8787.45,8863.64,8764.4,1.12
2003-03-14,HSI,恒生指数,8976.76,8956.17,8996.05,8933.24,0.71
2003-03-17,HSI,恒生指数,8901.22,8804.16,8901.22,8795.08,1.19
2003-03-18,HSI,恒生指数,9003.96,9041.51,9045.18,8976.58,0.78
2003-03-19,HSI,恒生指数,8973.19,9158.59,9197.93,8913.05,3.15
2003-03-20,HSI,恒生指数,9243.9,9194.56,9281.6,9127.59,1.68
2003-03-21,HSI,恒生指数,9220.95,9179.19,9227.2,9146.29,0.88
2003-03-24,HSI,恒生指数,9214.65,9108.45,9262.77,9087.64,1.91
2003-03-25,HSI,恒生指数,9012.04,9062.15,9081.39,9008.62,0.8
2003-03-26,HSI,恒生指数,9096.08,9047.09,9096.08,9027.61,0.76
2003-03-27,HSI,恒生指数,9027.99,8872.32,9027.99,8850.43,1.96
2003-03-28,HSI,恒生指数,8864.12,8863.36,8893.57,8812.32,0.92
2003-03-31,HSI,恒生指数,8755.81,8634.45,8755.81,8586.7,1.91
2003-04-01,HSI,恒生指数,8608.79,8596.89,8612.42,8465.79,1.7
2003-04-02,HSI,恒生指数,8586.69,8706.19,8716.1,8550.46,1.93
2003-04-03,HSI,恒生指数,8769.41,8648.16,8774.58,8639.09,1.56
2003-04-04,HSI,恒生指数,8669.73,8822.45,8845.8,8662.81,2.12
2003-04-07,HSI,恒生指数,8838.83,8962.21,8973.81,8754.51,2.49
2003-04-08,HSI,恒生指数,8885.62,8806.66,8906.99,8786.36,1.35
2003-04-09,HSI,恒生指数,8755.15,8636.85,8755.15,8588.45,1.89
2003-04-10,HSI,恒生指数,8597.86,8625.72,8647.75,8559.77,1.02
2003-04-11,HSI,恒生指数,8627.57,8645.65,8660.88,8552.68,1.25
2003-04-14,HSI,恒生指数,8598.08,8533.55,8598.08,8493.46,1.21
2003-04-15,HSI,恒生指数,8600.5,8632.1,8639.36,8549.84,1.05
2003-04-16,HSI,恒生指数,8653.59,8675.14,8705.27,8609.46,1.11
2003-04-17,HSI,恒生指数,8600.05,8579.14,8603.3,8558.72,0.51
2003-04-22,HSI,恒生指数,8531.11,8571.91,8574.79,8479.38,1.11
2003-04-23,HSI,恒生指数,8641.4,8519.6,8654.62,8493.95,1.87
2003-04-24,HSI,恒生指数,8482.6,8442.11,8490.08,8403.49,1.02
2003-04-25,HSI,恒生指数,8351.59,8409.01,8430.62,8331.87,1.17
2003-04-28,HSI,恒生指数,8354.66,8435.04,8453.69,8354.66,1.18
2003-04-29,HSI,恒生指数,8577.73,8744.22,8757.59,8577.73,2.13
2003-04-30,HSI,恒生指数,8758.24,8717.22,8777.08,8700.12,0.88
2003-05-02,HSI,恒生指数,8707.43,8808.18,8817.74,8707.43,1.27
2003-05-05,HSI,恒生指数,8895.39,8916.49,8925.19,8875.15,0.57
2003-05-06,HSI,恒生指数,8906.69,8889.22,8949.06,8863.21,0.96
2003-05-07,HSI,恒生指数,8946.34,8901.05,8950.34,8834.69,1.3
2003-05-09,HSI,恒生指数,8903.66,9084.16,9084.16,8878.59,2.31
2003-05-12,HSI,恒生指数,9164.1,9155.57,9209.76,9150.94,0.65
2003-05-13,HSI,恒生指数,9165.54,9119.04,9175.69,9101.39,0.81
2003-05-14,HSI,恒生指数,9135.51,9103.69,9217.26,9069.24,1.62
2003-05-15,HSI,恒生指数,9068.3,9126.07,9166.55,9055.72,1.22
2003-05-16,HSI,恒生指数,9148.1,9093.18,9190.73,9052.25,1.52
2003-05-19,HSI,恒生指数,9074.34,9087.37,9106.94,9029.8,0.85
2003-05-20,HSI,恒生指数,8980.27,9050.4,9068.98,8973.66,1.05
2003-05-21,HSI,恒生指数,9069.34,9059.8,9086.36,9020.77,0.72
2003-05-22,HSI,恒生指数,9045.84,9131.49,9148.14,9025.3,1.36
2003-05-23,HSI,恒生指数,9217.21,9303.73,9313.98,9208.74,1.15
2003-05-26,HSI,恒生指数,9412.73,9492.71,9505.79,9411.32,1.02
2003-05-27,HSI,恒生指数,9490.57,9420.81,9490.57,9417.04,0.77
2003-05-28,HSI,恒生指数,9558.22,9510.62,9560.86,9483.09,0.83
2003-05-29,HSI,恒生指数,9520.81,9508.55,9587.17,9483.62,1.09
2003-05-30,HSI,恒生指数,9482.1,9487.38,9557.54,9461.84,1.01
2003-06-02,HSI,恒生指数,9582.01,9637.53,9647.36,9580.09,0.71
2003-06-03,HSI,恒生指数,9633.43,9662.82,9683.01,9563.72,1.24
2003-06-05,HSI,恒生指数,9779.18,9639.01,9780.85,9634.93,1.51
2003-06-06,HSI,恒生指数,9662.69,9694.63,9752.77,9610.85,1.47
2003-06-09,HSI,恒生指数,9698.29,9733.51,9734.35,9660.67,0.76
2003-06-10,HSI,恒生指数,9642.46,9703.72,9714.73,9625.47,0.92
2003-06-11,HSI,恒生指数,9756.5,9662.06,9773.54,9645.25,1.32
2003-06-12,HSI,恒生指数,9734.77,9736.84,9754.63,9684.41,0.73
2003-06-13,HSI,恒生指数,9728.2,9855.64,9866.66,9692.83,1.79
2003-06-16,HSI,恒生指数,9821.39,9862.28,9883.19,9819.88,0.64
2003-06-17,HSI,恒生指数,10026.82,10030.37,10041.96,9975.44,0.67
2003-06-18,HSI,恒生指数,10057.75,9970.3,10067.86,9935.63,1.32
2003-06-19,HSI,恒生指数,9981.71,9980.11,10015.45,9935.61,0.8
2003-06-20,HSI,恒生指数,9907.08,9930.31,9931.58,9885.53,0.46
2003-06-23,HSI,恒生指数,9918.77,9734.29,9935.85,9727.77,2.1
2003-06-24,HSI,恒生指数,9686.67,9629.35,9686.67,9571.55,1.18
2003-06-25,HSI,恒生指数,9637.2,9628.99,9670.49,9605.99,0.67
2003-06-26,HSI,恒生指数,9551.04,9606.11,9614.73,9526.92,0.91
2003-06-27,HSI,恒生指数,9626.86,9657.21,9711.22,9613.64,1.02
2003-06-30,HSI,恒生指数,9594.94,9577.12,9641.62,9564.07,0.8
2003-07-02,HSI,恒生指数,9613.57,9602.62,9650.39,9512.2,1.44
2003-07-03,HSI,恒生指数,9689.14,9646.1,9705.63,9593.42,1.17
2003-07-04,HSI,恒生指数,9628.39,9636.81,9670.42,9569.85,1.04
2003-07-07,HSI,恒生指数,9683.81,9892.4,9905.47,9637.9,2.78
2003-07-08,HSI,恒生指数,10010.46,9992.87,10086.45,9983.76,1.04
2003-07-09,HSI,恒生指数,10028.23,10027.41,10069.71,9997.67,0.72
2003-07-10,HSI,恒生指数,10035.96,9983.31,10051.75,9946.46,1.05
2003-07-11,HSI,恒生指数,9883.52,9911.5,9936.18,9854.03,0.82
2003-07-14,HSI,恒生指数,9990.89,10122.4,10122.57,9980.25,1.44
2003-07-15,HSI,恒生指数,10163.27,10135.55,10179.61,10030.76,1.47
2003-07-16,HSI,恒生指数,10116.01,10207.17,10236.89,10093.71,1.41
2003-07-17,HSI,恒生指数,10136.71,10096.72,10198.95,10035.2,1.6
2003-07-18,HSI,恒生指数,10022.47,10140.84,10145.52,10012.32,1.32
2003-07-21,HSI,恒生指数,10189.15,10102.86,10203.35,10081.14,1.21
2003-07-22,HSI,恒生指数,10059.25,10008.71,10062.87,9957.98,1.04
2003-07-23,HSI,恒生指数,10018.07,9900.56,10031.15,9897.69,1.33
2003-07-24,HSI,恒生指数,9900.56,9923.14,10008.41,9900.56,1.09
2003-07-25,HSI,恒生指数,9885.46,9939.2,9952.19,9864.45,0.88
2003-07-28,HSI,恒生指数,10031.24,10134.88,10164.79,10031.24,1.34
2003-07-29,HSI,恒生指数,10133.72,10198.6,10222.83,10125.81,0.96
2003-07-30,HSI,恒生指数,10180.87,10121.22,10206.44,10055.51,1.48
2003-07-31,HSI,恒生指数,10103.16,10134.83,10171.28,10065.31,1.05
2003-08-01,HSI,恒生指数,10184.43,10248.6,10292.77,10183.37,1.08
2003-08-04,HSI,恒生指数,10210.07,10183.14,10291.0,10153.33,1.34
2003-08-05,HSI,恒生指数,10283.87,10177.38,10285.68,10174.6,1.09
2003-08-06,HSI,恒生指数,10084.42,9987.54,10084.42,9966.7,1.16
2003-08-07,HSI,恒生指数,9998.6,9958.05,10011.16,9937.97,0.73
2003-08-08,HSI,恒生指数,9997.94,9945.22,10026.69,9924.14,1.03
2003-08-11,HSI,恒生指数,9983.88,10093.54,10099.96,9978.99,1.22
2003-08-12,HSI,恒生指数,10125.81,10184.17,10187.04,10104.5,0.82
2003-08-13,HSI,恒生指数,10273.03,10301.47,10365.42,10257.18,1.06
2003-08-14,HSI,恒生指数,10352.09,10374.02,10374.23,10283.93,0.88
2003-08-15,HSI,恒生指数,10427.15,10424.56,10434.49,10312.52,1.18
2003-08-18,HSI,恒生指数,10457.35,10525.04,10527.35,10424.39,0.99
2003-08-19,HSI,恒生指数,10569.05,10509.29,10617.72,10477.58,1.33
2003-08-20,HSI,恒生指数,10462.27,10475.33,10576.19,10447.74,1.22
2003-08-21,HSI,恒生指数,10490.57,10643.63,10655.21,10474.28,1.73
2003-08-22,HSI,恒生指数,10665.56,10760.73,10768.64,10623.69,1.36
2003-08-25,HSI,恒生指数,10733.12,10764.22,10845.76,10718.88,1.18
2003-08-26,HSI,恒生指数,10709.6,10753.93,10753.93,10629.89,1.15
2003-08-27,HSI,恒生指数,10749.88,10678.55,10797.96,10659.0,1.29
2003-08-28,HSI,恒生指数,10693.54,10760.12,10770.44,10675.98,0.88
2003-08-29,HSI,恒生指数,10812.87,10908.99,10934.52,10804.46,1.21
2003-09-01,HSI,恒生指数,10937.79,10903.4,11039.43,10899.93,1.28
2003-09-02,HSI,恒生指数,10940.34,10939.94,10967.52,10879.44,0.81
2003-09-03,HSI,恒生指数,11027.56,11102.36,11114.5,10989.75,1.14
2003-09-04,HSI,恒生指数,11145.73,11138.62,11196.18,11062.23,1.21
2003-09-05,HSI,恒生指数,11164.65,11170.61,11198.96,11104.32,0.85
2003-09-08,HSI,恒生指数,11126.31,11165.28,11177.4,11076.71,0.9
2003-09-09,HSI,恒生指数,11219.72,11046.82,11242.15,11029.45,1.91
2003-09-10,HSI,恒生指数,10948.03,10810.31,10948.03,10784.86,1.48
2003-09-11,HSI,恒生指数,10762.03,10883.52,10889.05,10762.03,1.17
2003-09-15,HSI,恒生指数,10952.58,10992.73,11008.88,10871.59,1.26
2003-09-16,HSI,恒生指数,10908.71,11071.38,11074.94,10873.38,1.83
2003-09-17,HSI,恒生指数,11165.81,11140.05,11189.91,11075.64,1.03
2003-09-18,HSI,恒生指数,11104.32,11069.22,11129.95,10984.78,1.3
2003-09-19,HSI,恒生指数,11170.35,10968.42,11204.87,10949.23,2.31
2003-09-22,HSI,恒生指数,10920.03,10873.27,11010.14,10822.56,1.71
2003-09-23,HSI,恒生指数,10877.95,10944.36,10998.19,10841.71,1.44
2003-09-24,HSI,恒生指数,11008.43,11295.89,11298.96,11008.43,2.65
2003-09-25,HSI,恒生指数,11273.12,11286.52,11444.72,11230.24,1.9
2003-09-26,HSI,恒生指数,11302.15,11290.15,11345.0,11215.71,1.15
2003-09-29,HSI,恒生指数,11256.06,11141.28,11256.06,11104.34,1.34
2003-09-30,HSI,恒生指数,11227.04,11229.87,11325.96,11196.98,1.16
2003-10-02,HSI,恒生指数,11372.53,11546.12,11548.44,11372.53,1.57
2003-10-03,HSI,恒生指数,11581.51,11608.72,11652.4,11541.68,0.96
2003-10-06,HSI,恒生指数,11715.91,11734.48,11838.24,11715.6,1.06
2003-10-07,HSI,恒生指数,11709.24,11723.92,11737.03,11624.37,0.96
2003-10-08,HSI,恒生指数,11754.71,11720.8,11885.24,11648.61,2.02
2003-10-09,HSI,恒生指数,11762.26,11800.37,11821.18,11710.08,0.95
2003-10-10,HSI,恒生指数,11943.51,11935.83,11958.39,11831.96,1.07
2003-10-13,HSI,恒生指数,11957.38,11961.97,11992.91,11831.58,1.35
2003-10-14,HSI,恒生指数,12065.35,11856.02,12065.35,11834.21,1.93
2003-10-15,HSI,恒生指数,11900.0,12056.18,12056.75,11884.71,1.45
2003-10-16,HSI,恒生指数,12041.83,12027.57,12104.89,11952.02,1.27
2003-10-17,HSI,恒生指数,12070.72,12044.49,12088.62,11915.41,1.44
2003-10-20,HSI,恒生指数,11985.4,12147.89,12156.75,11958.47,1.65
2003-10-21,HSI,恒生指数,12190.08,12250.69,12297.46,12161.25,1.12
2003-10-22,HSI,恒生指数,12240.54,12238.63,12283.88,12199.23,0.69
2003-10-23,HSI,恒生指数,12027.91,11737.18,12051.14,11712.14,2.77
2003-10-24,HSI,恒生指数,11792.87,11736.37,11819.2,11558.11,2.22
2003-10-27,HSI,恒生指数,11749.87,11749.72,11803.18,11678.2,1.06
2003-10-28,HSI,恒生指数,11844.02,12091.88,12123.73,11844.02,2.38
2003-10-29,HSI,恒生指数,12294.91,12130.51,12304.57,12117.0,1.55
2003-10-30,HSI,恒生指数,12202.46,12143.35,12202.46,11989.01,1.76
2003-10-31,HSI,恒生指数,12139.97,12190.1,12205.84,12065.64,1.15
2003-11-03,HSI,恒生指数,12222.44,12386.81,12412.18,12222.44,1.56
2003-11-04,HSI,恒生指数,12503.58,12440.72,12537.19,12406.64,1.05
2003-11-05,HSI,恒生指数,12391.74,12438.92,12470.91,12330.57,1.13
2003-11-06,HSI,恒生指数,12341.04,12150.09,12381.23,12059.97,2.58
2003-11-07,HSI,恒生指数,12205.19,12215.17,12256.42,12129.16,1.05
2003-11-10,HSI,恒生指数,12224.79,12156.68,12281.35,12070.01,1.73
2003-11-11,HSI,恒生指数,12011.36,12003.62,12105.27,11946.53,1.31
2003-11-12,HSI,恒生指数,12021.36,11971.48,12060.14,11872.44,1.56
2003-11-13,HSI,恒生指数,12116.86,12227.57,12234.85,12082.52,1.27
2003-11-14,HSI,恒生指数,12219.58,12203.53,12267.09,12164.27,0.84
2003-11-17,HSI,恒生指数,11950.48,11997.02,12010.42,11911.85,0.81
2003-11-18,HSI,恒生指数,11966.96,12027.26,12049.53,11828.65,1.84
2003-11-19,HSI,恒生指数,11839.3,11872.99,11913.35,11797.67,0.96
2003-11-20,HSI,恒生指数,11926.04,11845.41,11949.29,11807.3,1.2
2003-11-21,HSI,恒生指数,11718.51,11839.8,11840.19,11661.47,1.51
2003-11-24,HSI,恒生指数,11854.97,11848.56,11889.47,11793.82,0.81
2003-11-25,HSI,恒生指数,12006.31,12008.07,12064.75,11974.01,0.77
2003-11-26,HSI,恒生指数,12010.71,12086.67,12099.15,11943.94,1.29
2003-11-27,HSI,恒生指数,12075.97,12075.99,12131.69,12015.39,0.96
2003-11-28,HSI,恒生指数,12108.79,12317.47,12339.94,12091.53,2.06
2003-12-01,HSI,恒生指数,12306.26,12456.99,12481.28,12306.26,1.42
2003-12-02,HSI,恒生指数,12526.23,12412.23,12539.0,12403.68,1.09
2003-12-03,HSI,恒生指数,12386.01,12361.18,12480.6,12334.05,1.18
2003-12-04,HSI,恒生指数,12379.94,12342.65,12400.6,12286.65,0.92
2003-12-05,HSI,恒生指数,12309.57,12314.73,12367.15,12236.24,1.06
2003-12-08,HSI,恒生指数,12214.19,12177.44,12214.61,12124.0,0.74
2003-12-09,HSI,恒生指数,12244.66,12393.64,12418.78,12227.84,1.57
2003-12-10,HSI,恒生指数,12321.59,12398.38,12428.49,12310.09,0.96
2003-12-11,HSI,恒生指数,12343.89,12554.58,12590.23,12337.82,2.04
2003-12-12,HSI,恒生指数,12631.63,12594.42,12674.08,12566.28,0.86
2003-12-15,HSI,恒生指数,12705.42,12520.17,12740.5,12504.29,1.88
2003-12-16,HSI,恒生指数,12400.85,12260.33,12456.01,12166.98,2.31
2003-12-17,HSI,恒生指数,12315.23,12193.12,12337.57,12111.23,1.85
2003-12-18,HSI,恒生指数,12225.78,12240.25,12310.44,12163.2,1.21
2003-12-19,HSI,恒生指数,12385.19,12371.75,12443.97,12299.7,1.18
2003-12-22,HSI,恒生指数,12422.32,12487.99,12498.88,12405.64,0.75
2003-12-23,HSI,恒生指数,12515.5,12420.51,12545.04,12416.01,1.03
2003-12-24,HSI,恒生指数,12468.73,12456.7,12507.28,12446.61,0.49
2003-12-29,HSI,恒生指数,12443.56,12464.29,12466.4,12336.73,1.04
2003-12-30,HSI,恒生指数,12560.34,12526.74,12643.8,12504.97,1.11
2003-12-31,HSI,恒生指数,12529.83,12575.94,12631.69,12529.43,0.82
2004-01-02,HSI,恒生指数,12664.99,12801.48,12815.08,12664.99,1.19
2004-01-05,HSI,恒生指数,12844.59,13005.33,13009.4,12763.1,1.92
2004-01-06,HSI,恒生指数,13063.45,13036.32,13128.73,12975.5,1.18
2004-01-07,HSI,恒生指数,13122.99,13157.68,13216.36,13095.59,0.93
2004-01-08,HSI,恒生指数,13184.44,13203.59,13255.81,13063.27,1.46
2004-01-09,HSI,恒生指数,13326.05,13385.8,13405.34,13233.27,1.3
2004-01-12,HSI,恒生指数,13315.29,13352.22,13414.65,13263.61,1.13
2004-01-13,HSI,恒生指数,13384.3,13396.65,13446.76,13162.49,2.13
2004-01-14,HSI,恒生指数,13289.11,13320.88,13398.63,13282.11,0.87
2004-01-15,HSI,恒生指数,13336.18,13249.81,13385.25,13198.92,1.4
2004-01-16,HSI,恒生指数,13229.89,13167.76,13290.39,13136.92,1.16
2004-01-19,HSI,恒生指数,13187.0,13253.31,13253.31,13098.26,1.18
2004-01-20,HSI,恒生指数,13280.27,13570.43,13584.12,13268.63,2.38
2004-01-21,HSI,恒生指数,13631.42,13750.58,13776.85,13631.42,1.07
2004-01-26,HSI,恒生指数,13756.76,13727.27,13764.54,13666.09,0.72
2004-01-27,HSI,恒生指数,13737.56,13761.88,13780.71,13550.77,1.68
2004-01-28,HSI,恒生指数,13668.43,13431.78,13669.88,13400.29,1.96
2004-01-29,HSI,恒生指数,13226.88,13334.01,13340.91,13168.43,1.28
2004-01-30,HSI,恒生指数,13315.02,13289.37,13353.85,13225.33,0.96
2004-02-02,HSI,恒生指数,13158.26,12999.98,13158.26,12985.7,1.3
2004-02-03,HSI,恒生指数,12921.78,13090.01,13094.88,12877.09,1.68
2004-02-04,HSI,恒生指数,13058.07,13086.73,13168.5,13036.11,1.01
2004-02-05,HSI,恒生指数,13063.0,13030.94,13116.98,12982.75,1.03
2004-02-06,HSI,恒生指数,13070.22,13309.6,13320.85,13070.22,1.92
2004-02-09,HSI,恒生指数,13437.21,13576.68,13586.26,13437.21,1.12
2004-02-10,HSI,恒生指数,13558.28,13515.66,13623.3,13490.35,0.98
2004-02-11,HSI,恒生指数,13592.69,13524.76,13659.36,13478.69,1.34
2004-02-12,HSI,恒生指数,13680.55,13625.13,13680.55,13585.41,0.7
2004-02-13,HSI,恒生指数,13587.41,13739.8,13744.38,13526.16,1.6
2004-02-16,HSI,恒生指数,13727.97,13831.53,13857.98,13712.6,1.06
2004-02-17,HSI,恒生指数,13854.49,13815.44,13887.66,13713.71,1.26
2004-02-18,HSI,恒生指数,13954.89,13928.38,13984.38,13879.53,0.76
2004-02-19,HSI,恒生指数,13871.33,13867.22,13940.22,13813.37,0.91
2004-02-20,HSI,恒生指数,13889.68,13868.37,13925.58,13810.34,0.83
2004-02-23,HSI,恒生指数,13849.68,13765.07,13851.82,13691.09,1.16
2004-02-24,HSI,恒生指数,13743.07,13756.41,13889.82,13692.89,1.43
2004-02-25,HSI,恒生指数,13773.12,13599.47,13810.22,13560.85,1.81
2004-02-26,HSI,恒生指数,13618.06,13674.64,13714.76,13601.93,0.83
2004-02-27,HSI,恒生指数,13722.71,13907.03,13934.75,13674.29,1.9
2004-03-01,HSI,恒生指数,14021.36,13918.65,14058.21,13896.57,1.16
2004-03-02,HSI,恒生指数,13906.44,13731.35,13906.44,13706.1,1.44
2004-03-03,HSI,恒生指数,13553.09,13454.09,13567.21,13418.39,1.08
2004-03-04,HSI,恒生指数,13472.89,13451.56,13526.68,13402.67,0.92
2004-03-05,HSI,恒生指数,13434.44,13454.76,13499.92,13402.82,0.72
2004-03-08,HSI,恒生指数,13549.94,13573.54,13677.68,13541.47,1.01
2004-03-09,HSI,恒生指数,13544.67,13397.25,13544.67,13360.13,1.36
2004-03-10,HSI,恒生指数,13312.0,13214.2,13312.0,13129.2,1.36
2004-03-11,HSI,恒生指数,12996.76,13024.06,13079.73,12979.76,0.76
2004-03-12,HSI,恒生指数,12809.67,12932.23,12932.75,12730.49,1.55
2004-03-15,HSI,恒生指数,13002.32,12919.41,13075.96,12912.55,1.26
2004-03-16,HSI,恒生指数,12820.37,12932.62,12947.5,12791.41,1.21
2004-03-17,HSI,恒生指数,12948.49,12975.72,13033.75,12889.37,1.12
2004-03-18,HSI,恒生指数,12998.69,12816.19,13017.06,12787.32,1.77
2004-03-19,HSI,恒生指数,12792.67,12790.58,12851.12,12715.97,1.05
2004-03-22,HSI,恒生指数,12586.39,12550.91,12631.27,12529.48,0.8
2004-03-23,HSI,恒生指数,12437.17,12588.36,12665.99,12424.38,1.93
2004-03-24,HSI,恒生指数,12618.87,12678.13,12699.34,12612.78,0.69
2004-03-25,HSI,恒生指数,12579.92,12520.21,12611.59,12480.59,1.03
2004-03-26,HSI,恒生指数,12647.72,12483.24,12650.92,12470.87,1.44
2004-03-29,HSI,恒生指数,12493.36,12427.34,12505.85,12400.35,0.85
2004-03-30,HSI,恒生指数,12555.93,12641.39,12695.63,12469.85,1.82
2004-03-31,HSI,恒生指数,12706.7,12681.67,12740.22,12580.52,1.26
2004-04-01,HSI,恒生指数,12679.43,12676.25,12701.61,12609.79,0.72
2004-04-02,HSI,恒生指数,12727.13,12731.76,12763.05,12680.17,0.65
2004-04-06,HSI,恒生指数,12886.11,12886.97,12941.91,12833.28,0.85
2004-04-07,HSI,恒生指数,12909.73,12920.05,12946.87,12869.62,0.6
2004-04-08,HSI,恒生指数,12919.04,12909.37,12979.74,12858.88,0.94
2004-04-13,HSI,恒生指数,13015.24,13031.81,13126.15,13014.5,0.86
2004-04-14,HSI,恒生指数,12891.68,12669.86,12912.75,12664.24,1.91
2004-04-15,HSI,恒生指数,12648.64,12479.26,12657.01,12358.46,2.36
2004-04-16,HSI,恒生指数,12422.17,12458.38,12510.1,12404.16,0.85
2004-04-19,HSI,恒生指数,12452.0,12450.0,12458.22,12324.81,1.07
2004-04-20,HSI,恒生指数,12492.99,12394.37,12514.85,12346.86,1.35
2004-04-21,HSI,恒生指数,12290.9,12227.3,12303.17,12182.82,0.97
2004-04-22,HSI,恒生指数,12235.99,12167.7,12318.86,12091.26,1.86
2004-04-23,HSI,恒生指数,12296.72,12383.94,12386.14,12243.58,1.17
2004-04-26,HSI,恒生指数,12304.87,12132.68,12309.46,12091.02,1.76
2004-04-27,HSI,恒生指数,12141.82,12154.91,12245.76,12064.55,1.49
2004-04-28,HSI,恒生指数,12148.5,12165.31,12245.37,12143.67,0.84
2004-04-29,HSI,恒生指数,11969.41,12005.58,12042.07,11898.18,1.18
2004-04-30,HSI,恒生指数,11898.53,11942.96,11987.15,11856.34,1.09
2004-05-03,HSI,恒生指数,11876.2,11950.62,11970.05,11871.28,0.83
2004-05-04,HSI,恒生指数,11988.74,12098.3,12154.18,11988.74,1.38
2004-05-05,HSI,恒生指数,12115.23,11950.46,12115.23,11860.27,2.11
2004-05-06,HSI,恒生指数,11985.72,12010.31,12128.9,11954.97,1.46
2004-05-07,HSI,恒生指数,11902.87,11910.76,11955.35,11835.26,1.0
2004-05-10,HSI,恒生指数,11704.25,11485.5,11704.25,11448.75,2.15
2004-05-11,HSI,恒生指数,11420.75,11508.09,11530.42,11331.69,1.73
2004-05-12,HSI,恒生指数,11590.91,11528.18,11662.21,11495.38,1.45
2004-05-13,HSI,恒生指数,11498.03,11396.94,11535.99,11354.36,1.58
2004-05-14,HSI,恒生指数,11421.92,11276.86,11450.89,11245.66,1.8
2004-05-17,HSI,恒生指数,11207.25,10967.65,11265.27,10917.65,3.08
2004-05-18,HSI,恒生指数,11033.42,11072.39,11132.69,10981.29,1.38
2004-05-19,HSI,恒生指数,11227.47,11469.41,11478.07,11227.47,2.26
2004-05-20,HSI,恒生指数,11414.75,11339.62,11495.61,11235.79,2.27
2004-05-21,HSI,恒生指数,11350.2,11576.01,11602.27,11334.07,2.37
2004-05-24,HSI,恒生指数,11584.43,11662.97,11687.38,11563.54,1.07
2004-05-25,HSI,恒生指数,11616.56,11692.56,11700.59,11512.61,1.61
2004-05-27,HSI,恒生指数,11904.75,11983.9,11993.58,11839.29,1.32
2004-05-28,HSI,恒生指数,12089.54,12116.87,12222.26,11999.61,1.86
2004-05-31,HSI,恒生指数,12081.68,12198.24,12199.4,11990.63,1.72
2004-06-01,HSI,恒生指数,12172.23,12105.55,12253.26,12076.92,1.45
2004-06-02,HSI,恒生指数,12075.03,12201.75,12234.71,12064.14,1.41
2004-06-03,HSI,恒生指数,12200.52,11929.93,12236.2,11844.71,3.21
2004-06-04,HSI,恒生指数,11952.07,12022.64,12034.51,11908.73,1.05
2004-06-07,HSI,恒生指数,12258.72,12326.85,12360.81,12233.89,1.06
2004-06-08,HSI,恒生指数,12412.13,12344.16,12463.26,12319.92,1.16
2004-06-09,HSI,恒生指数,12356.38,12339.94,12426.69,12283.57,1.16
2004-06-10,HSI,恒生指数,12283.7,12422.87,12458.96,12235.54,1.81
2004-06-11,HSI,恒生指数,12439.19,12396.39,12440.84,12336.55,0.84
2004-06-14,HSI,恒生指数,12430.2,12076.57,12538.65,12053.65,3.91
2004-06-15,HSI,恒生指数,12039.24,12050.69,12165.91,12001.91,1.36
2004-06-16,HSI,恒生指数,12245.71,12161.78,12260.38,12095.7,1.37
2004-06-17,HSI,恒生指数,12135.57,12082.86,12201.83,12036.72,1.36
2004-06-18,HSI,恒生指数,11960.05,11855.55,11960.05,11789.45,1.41
2004-06-21,HSI,恒生指数,11997.32,11845.59,11999.48,11781.82,1.84
2004-06-23,HSI,恒生指数,11860.23,11849.77,11919.68,11786.64,1.12
2004-06-24,HSI,恒生指数,11923.99,12163.68,12177.35,11904.42,2.3
2004-06-25,HSI,恒生指数,12159.87,12185.52,12207.12,12070.76,1.12
2004-06-28,HSI,恒生指数,12142.36,12194.6,12229.8,12092.82,1.12
2004-06-29,HSI,恒生指数,12167.82,12116.3,12190.57,12037.96,1.25
2004-06-30,HSI,恒生指数,12199.18,12285.75,12328.48,12199.18,1.07
2004-07-02,HSI,恒生指数,12052.36,12220.13,12246.75,12051.05,1.59
2004-07-05,HSI,恒生指数,12160.22,12252.11,12258.1,12130.02,1.05
2004-07-06,HSI,恒生指数,12274.11,12284.08,12336.62,12210.38,1.03
2004-07-07,HSI,恒生指数,12174.6,12320.26,12343.69,12166.06,1.45
2004-07-08,HSI,恒生指数,12295.47,12119.75,12345.18,12114.91,1.87
2004-07-09,HSI,恒生指数,12157.25,12202.26,12213.91,12117.46,0.8
2004-07-12,HSI,恒生指数,12227.55,12191.01,12267.91,12170.17,0.8
2004-07-13,HSI,恒生指数,12191.72,12078.33,12191.72,12012.74,1.47
2004-07-14,HSI,恒生指数,12062.41,11932.83,12133.22,11915.47,1.8
2004-07-15,HSI,恒生指数,11931.89,11939.41,11957.05,11883.93,0.61
2004-07-16,HSI,恒生指数,11868.2,12059.2,12109.59,11862.68,2.07
2004-07-19,HSI,恒生指数,12079.43,12166.95,12172.97,12033.22,1.16
2004-07-20,HSI,恒生指数,12098.11,12123.63,12137.88,12051.97,0.71
2004-07-21,HSI,恒生指数,12248.1,12395.11,12399.37,12248.1,1.25
2004-07-22,HSI,恒生指数,12295.2,12320.21,12344.78,12245.82,0.8
2004-07-23,HSI,恒生指数,12286.02,12352.99,12387.96,12286.02,0.83
2004-07-26,HSI,恒生指数,12242.6,12319.83,12322.34,12218.59,0.84
2004-07-27,HSI,恒生指数,12273.65,12301.32,12358.61,12250.17,0.88
2004-07-28,HSI,恒生指数,12378.09,12320.27,12382.03,12292.34,0.73
2004-07-29,HSI,恒生指数,12265.52,12183.1,12284.32,12084.68,1.62
2004-07-30,HSI,恒生指数,12290.57,12238.03,12344.96,12223.87,0.99
2004-08-02,HSI,恒生指数,12233.63,12201.39,12236.83,12131.76,0.86
2004-08-03,HSI,恒生指数,12405.3,12357.12,12425.43,12279.64,1.19
2004-08-04,HSI,恒生指数,12269.98,12280.26,12322.34,12174.09,1.2
2004-08-05,HSI,恒生指数,12319.33,12491.92,12518.55,12315.64,1.65
2004-08-06,HSI,恒生指数,12403.0,12478.68,12503.22,12391.87,0.89
2004-08-09,HSI,恒生指数,12420.73,12467.41,12534.64,12415.1,0.96
2004-08-10,HSI,恒生指数,12455.49,12408.04,12503.47,12367.68,1.09
2004-08-11,HSI,恒生指数,12477.41,12343.13,12482.79,12324.02,1.28
2004-08-12,HSI,恒生指数,12342.32,12413.43,12431.02,12271.89,1.29
2004-08-13,HSI,恒生指数,12347.36,12359.83,12367.34,12278.93,0.71
2004-08-16,HSI,恒生指数,12320.77,12219.75,12338.86,12150.71,1.52
2004-08-17,HSI,恒生指数,12278.69,12256.12,12319.57,12220.57,0.81
2004-08-18,HSI,恒生指数,12209.52,12228.54,12269.36,12194.41,0.61
2004-08-19,HSI,恒生指数,12296.58,12396.67,12428.77,12289.88,1.14
2004-08-20,HSI,恒生指数,12358.56,12376.9,12418.31,12320.42,0.79
2004-08-23,HSI,恒生指数,12413.77,12431.77,12452.07,12385.75,0.54
2004-08-24,HSI,恒生指数,12424.34,12646.49,12657.41,12409.38,2.0
2004-08-25,HSI,恒生指数,12666.76,12793.03,12819.64,12666.76,1.21
2004-08-26,HSI,恒生指数,12793.08,12784.39,12843.86,12720.77,0.96
2004-08-27,HSI,恒生指数,12765.08,12818.42,12898.02,12765.08,1.04
2004-08-30,HSI,恒生指数,12806.64,12877.78,12901.09,12802.13,0.77
2004-08-31,HSI,恒生指数,12833.35,12850.28,12904.24,12806.85,0.76
2004-09-01,HSI,恒生指数,12924.13,13023.87,13042.59,12924.13,0.92
2004-09-02,HSI,恒生指数,13026.71,12999.07,13088.42,12979.87,0.83
2004-09-03,HSI,恒生指数,13060.56,12948.1,13074.85,12934.92,1.08
2004-09-06,HSI,恒生指数,12964.7,13104.34,13107.37,12942.67,1.27
2004-09-07,HSI,恒生指数,13102.97,13136.04,13146.42,13058.02,0.67
2004-09-08,HSI,恒生指数,13161.81,13049.96,13190.39,13013.65,1.35
2004-09-09,HSI,恒生指数,13019.96,12942.2,13080.7,12905.85,1.34
2004-09-10,HSI,恒生指数,12945.5,13003.99,13008.0,12865.06,1.1
2004-09-13,HSI,恒生指数,13079.39,13139.57,13143.45,13059.18,0.65
2004-09-14,HSI,恒生指数,13147.95,13148.06,13172.07,13090.23,0.62
2004-09-15,HSI,恒生指数,13127.39,13084.4,13127.94,13007.63,0.92
2004-09-16,HSI,恒生指数,13044.42,13209.84,13223.51,13044.42,1.37
2004-09-17,HSI,恒生指数,13243.15,13224.93,13254.21,13184.38,0.53
2004-09-20,HSI,恒生指数,13236.48,13221.33,13284.01,13173.52,0.84
2004-09-21,HSI,恒生指数,13212.35,13304.48,13311.36,13154.99,1.18
2004-09-22,HSI,恒生指数,13314.08,13272.23,13356.88,13265.17,0.69
2004-09-23,HSI,恒生指数,13198.79,13280.43,13282.86,13179.13,0.78
2004-09-24,HSI,恒生指数,13236.25,13066.84,13253.33,13035.16,1.64
2004-09-27,HSI,恒生指数,13053.6,13021.9,13067.76,12908.1,1.22
2004-09-28,HSI,恒生指数,12933.32,12950.8,12967.07,12884.4,0.63
2004-09-30,HSI,恒生指数,13056.8,13120.03,13154.91,13052.38,0.79
2004-10-04,HSI,恒生指数,13347.17,13359.25,13402.96,13323.29,0.61
2004-10-05,HSI,恒生指数,13366.87,13331.1,13366.87,13304.17,0.47
2004-10-06,HSI,恒生指数,13378.37,13271.57,13398.77,13271.55,0.95
2004-10-07,HSI,恒生指数,13333.33,13321.73,13334.61,13268.77,0.5
2004-10-08,HSI,恒生指数,13291.28,13241.46,13380.52,13186.21,1.46
2004-10-11,HSI,恒生指数,13240.85,13305.13,13321.54,13158.54,1.23
2004-10-12,HSI,恒生指数,13244.4,13251.59,13286.08,13186.97,0.74
2004-10-13,HSI,恒生指数,13242.03,13171.58,13301.33,13093.98,1.56
2004-10-14,HSI,恒生指数,13024.84,13035.38,13068.71,12982.29,0.66
2004-10-15,HSI,恒生指数,13021.58,13059.43,13094.56,13012.84,0.63
2004-10-18,HSI,恒生指数,13074.73,13034.74,13089.44,12989.83,0.76
2004-10-19,HSI,恒生指数,13108.22,13154.55,13155.37,13042.62,0.86
2004-10-20,HSI,恒生指数,13094.15,12999.13,13095.88,12954.87,1.07
2004-10-21,HSI,恒生指数,12997.44,13015.2,13037.75,12945.3,0.71
2004-10-25,HSI,恒生指数,12816.08,12818.1,12846.75,12743.42,0.79
2004-10-26,HSI,恒生指数,12841.08,12852.35,12867.51,12810.76,0.44
2004-10-27,HSI,恒生指数,12880.99,12838.71,12918.45,12836.49,0.64
2004-10-28,HSI,恒生指数,12973.66,13113.15,13141.3,12973.36,1.31
2004-10-29,HSI,恒生指数,13027.12,13054.66,13098.54,13025.07,0.56
2004-11-01,HSI,恒生指数,13039.4,13094.25,13105.08,13001.32,0.79
2004-11-02,HSI,恒生指数,13160.08,13308.74,13313.17,13160.08,1.17
2004-11-03,HSI,恒生指数,13316.12,13397.67,13427.37,13270.2,1.18
2004-11-04,HSI,恒生指数,13485.89,13369.09,13485.89,13319.69,1.24
2004-11-05,HSI,恒生指数,13497.95,13494.95,13536.87,13461.11,0.57
2004-11-08,HSI,恒生指数,13536.21,13561.49,13573.87,13463.72,0.82
2004-11-09,HSI,恒生指数,13542.05,13516.67,13579.4,13486.29,0.69
2004-11-10,HSI,恒生指数,13549.88,13672.37,13672.37,13530.33,1.05
2004-11-11,HSI,恒生指数,13657.04,13624.51,13684.88,13587.23,0.71
2004-11-12,HSI,恒生指数,13750.23,13784.46,13822.11,13747.56,0.55
2004-11-15,HSI,恒生指数,13906.99,13932.22,13950.94,13887.91,0.46
2004-11-16,HSI,恒生指数,13926.62,13746.08,13926.62,13728.96,1.42
2004-11-17,HSI,恒生指数,13787.39,13824.98,13858.63,13770.27,0.64
2004-11-18,HSI,恒生指数,13853.73,13799.82,13882.69,13784.86,0.71
2004-11-19,HSI,恒生指数,13853.33,13787.68,13870.71,13751.3,0.87
2004-11-22,HSI,恒生指数,13646.81,13800.6,13803.5,13629.78,1.26
2004-11-23,HSI,恒生指数,13809.38,14023.29,14048.69,13784.05,1.92
2004-11-24,HSI,恒生指数,14001.03,13997.02,14091.89,13942.35,1.07
2004-11-25,HSI,恒生指数,14009.07,13926.61,14054.71,13867.96,1.33
2004-11-26,HSI,恒生指数,13922.17,13895.03,14009.13,13856.1,1.1
2004-11-29,HSI,恒生指数,13979.33,14066.91,14111.32,13975.19,0.98
2004-11-30,HSI,恒生指数,14059.85,14060.05,14137.32,14015.71,0.86
2004-12-01,HSI,恒生指数,14005.91,14162.8,14162.8,13936.51,1.61
2004-12-02,HSI,恒生指数,14311.95,14261.79,14339.06,14226.2,0.8
2004-12-03,HSI,恒生指数,14264.44,14211.84,14282.18,14149.69,0.93
2004-12-06,HSI,恒生指数,14256.01,14256.86,14287.55,14165.65,0.86
2004-12-07,HSI,恒生指数,14196.59,14235.78,14317.31,14184.0,0.94
2004-12-08,HSI,恒生指数,14156.71,14022.32,14214.01,13984.21,1.61
2004-12-09,HSI,恒生指数,14009.24,14008.82,14063.66,13910.15,1.09
2004-12-10,HSI,恒生指数,13965.06,13901.81,14025.07,13869.53,1.11
2004-12-13,HSI,恒生指数,13875.37,13886.16,13906.67,13760.11,1.05
2004-12-14,HSI,恒生指数,13965.07,14043.52,14059.33,13950.51,0.78
2004-12-15,HSI,恒生指数,14054.01,14078.54,14133.21,13997.01,0.97
2004-12-16,HSI,恒生指数,14104.25,14024.63,14137.38,13977.42,1.14
2004-12-17,HSI,恒生指数,14013.49,13992.44,14032.43,13905.4,0.91
2004-12-20,HSI,恒生指数,14000.18,14214.04,14229.67,13957.25,1.95
2004-12-21,HSI,恒生指数,14235.38,14180.79,14259.94,14135.73,0.87
2004-12-22,HSI,恒生指数,14212.7,14151.08,14219.33,14117.3,0.72
2004-12-23,HSI,恒生指数,14165.64,14235.3,14254.85,14134.14,0.85
2004-12-24,HSI,恒生指数,14215.75,14194.9,14230.16,14178.4,0.36
2004-12-28,HSI,恒生指数,14147.93,14196.95,14234.59,14096.82,0.97
2004-12-29,HSI,恒生指数,14277.53,14266.38,14333.24,14226.61,0.75
2004-12-30,HSI,恒生指数,14262.34,14163.55,14304.58,14158.73,1.02
2004-12-31,HSI,恒生指数,14184.83,14230.14,14248.64,14168.24,0.57
2005-01-03,HSI,恒生指数,14216.04,14237.42,14267.21,14150.02,0.82
2005-01-04,HSI,恒生指数,14198.51,14045.9,14198.51,13991.2,1.46
2005-01-05,HSI,恒生指数,13939.02,13764.36,13941.13,13709.58,1.65
2005-01-06,HSI,恒生指数,13718.79,13712.04,13789.15,13672.56,0.85
2005-01-07,HSI,恒生指数,13698.16,13574.86,13771.45,13403.0,2.69
2005-01-10,HSI,恒生指数,13573.42,13531.39,13605.02,13439.93,1.22
2005-01-11,HSI,恒生指数,13609.31,13509.25,13649.43,13455.31,1.43
2005-01-12,HSI,恒生指数,13456.54,13565.31,13565.31,13352.71,1.57
2005-01-13,HSI,恒生指数,13570.22,13573.28,13631.41,13533.01,0.73
2005-01-14,HSI,恒生指数,13509.46,13494.78,13582.54,13411.31,1.26
2005-01-17,HSI,恒生指数,13529.08,13621.65,13636.77,13528.11,0.81
2005-01-18,HSI,恒生指数,13621.96,13604.22,13621.96,13489.99,0.97
2005-01-19,HSI,恒生指数,13634.01,13678.63,13700.94,13586.34,0.84
2005-01-20,HSI,恒生指数,13550.98,13543.59,13585.67,13500.58,0.62
2005-01-21,HSI,恒生指数,13495.93,13481.02,13518.69,13432.46,0.64
2005-01-24,HSI,恒生指数,13449.88,13386.99,13483.13,13320.53,1.21
2005-01-25,HSI,恒生指数,13378.84,13584.06,13594.86,13356.24,1.78
2005-01-26,HSI,恒生指数,13599.2,13623.68,13652.45,13558.03,0.7
2005-01-27,HSI,恒生指数,13636.74,13628.91,13750.48,13596.41,1.13
2005-01-28,HSI,恒生指数,13633.68,13650.06,13679.31,13559.98,0.88
2005-01-31,HSI,恒生指数,13625.23,13721.69,13762.86,13581.19,1.33
2005-02-01,HSI,恒生指数,13714.42,13578.26,13736.64,13522.43,1.56
2005-02-02,HSI,恒生指数,13573.64,13555.8,13607.88,13454.4,1.13
2005-02-03,HSI,恒生指数,13525.89,13515.33,13586.85,13456.14,0.96
2005-02-04,HSI,恒生指数,13495.71,13585.17,13623.6,13470.48,1.13
2005-02-07,HSI,恒生指数,13749.08,13795.0,13816.86,13749.08,0.5
2005-02-08,HSI,恒生指数,13806.56,13845.63,13863.99,13788.33,0.55
2005-02-14,HSI,恒生指数,14006.54,14017.23,14043.94,13943.46,0.73
2005-02-15,HSI,恒生指数,14042.38,13995.83,14065.66,13978.24,0.62
2005-02-16,HSI,恒生指数,14029.5,14015.49,14044.83,13962.48,0.59
2005-02-17,HSI,恒生指数,14024.13,13967.82,14037.62,13936.63,0.72
2005-02-18,HSI,恒生指数,13933.92,14087.87,14093.43,13898.92,1.39
2005-02-21,HSI,恒生指数,14072.41,14111.65,14113.93,14045.71,0.48
2005-02-22,HSI,恒生指数,14095.89,14090.52,14118.23,14022.06,0.68
2005-02-23,HSI,恒生指数,13933.72,13957.94,13964.76,13907.54,0.41
2005-02-24,HSI,恒生指数,13970.64,14060.91,14060.91,13956.14,0.75
2005-02-25,HSI,恒生指数,14103.12,14157.09,14207.53,14103.12,0.74
2005-02-28,HSI,恒生指数,14204.86,14195.35,14272.54,14141.78,0.92
2005-03-01,HSI,恒生指数,14031.22,14061.15,14085.85,13954.58,0.92
2005-03-02,HSI,恒生指数,14039.85,13850.78,14066.76,13817.46,1.77
2005-03-03,HSI,恒生指数,13816.82,13892.37,13909.11,13785.39,0.89
2005-03-04,HSI,恒生指数,13906.01,13730.78,13922.43,13692.39,1.66
2005-03-07,HSI,恒生指数,13829.84,13771.95,13872.62,13749.25,0.9
2005-03-08,HSI,恒生指数,13763.14,13881.71,13889.43,13736.18,1.11
2005-03-09,HSI,恒生指数,13915.36,13941.47,13996.46,13871.27,0.9
2005-03-10,HSI,恒生指数,13811.36,13856.02,13874.21,13742.24,0.95
2005-03-11,HSI,恒生指数,13859.89,13890.93,13909.29,13781.42,0.92
2005-03-14,HSI,恒生指数,13832.94,13906.85,13935.11,13816.25,0.86
2005-03-15,HSI,恒生指数,13886.83,13816.75,13886.83,13763.54,0.89
2005-03-16,HSI,恒生指数,13709.85,13832.52,13838.23,13647.06,1.38
2005-03-17,HSI,恒生指数,13723.25,13817.99,13858.42,13699.71,1.15
2005-03-18,HSI,恒生指数,13865.05,13828.37,13907.06,13779.77,0.92
2005-03-21,HSI,恒生指数,13822.95,13834.35,13865.12,13786.79,0.57
2005-03-22,HSI,恒生指数,13800.83,13776.47,13822.88,13757.65,0.47
2005-03-23,HSI,恒生指数,13602.9,13603.61,13643.99,13564.61,0.58
2005-03-24,HSI,恒生指数,13591.94,13597.1,13612.98,13547.84,0.48
2005-03-29,HSI,恒生指数,13552.1,13411.88,13552.1,13380.91,1.26
2005-03-30,HSI,恒生指数,13404.6,13425.75,13460.01,13357.17,0.77
2005-03-31,HSI,恒生指数,13515.38,13516.88,13556.14,13482.49,0.55
2005-04-01,HSI,恒生指数,13495.66,13491.35,13518.63,13397.6,0.9
2005-04-04,HSI,恒生指数,13474.36,13513.41,13545.31,13436.96,0.8
2005-04-06,HSI,恒生指数,13537.38,13562.26,13612.04,13505.78,0.79
2005-04-07,HSI,恒生指数,13605.42,13602.35,13619.87,13538.4,0.6
2005-04-08,HSI,恒生指数,13670.79,13666.72,13686.99,13636.35,0.37
2005-04-11,HSI,恒生指数,13614.05,13659.93,13668.0,13606.39,0.45
2005-04-12,HSI,恒生指数,13660.65,13658.05,13678.64,13622.71,0.41
2005-04-13,HSI,恒生指数,13695.68,13799.62,13808.51,13665.4,1.05
2005-04-14,HSI,恒生指数,13741.17,13772.4,13788.68,13707.67,0.59
2005-04-15,HSI,恒生指数,13672.74,13638.75,13672.74,13579.16,0.68
2005-04-18,HSI,恒生指数,13382.02,13355.23,13424.66,13337.44,0.64
2005-04-19,HSI,恒生指数,13430.15,13444.09,13503.29,13428.39,0.56
2005-04-20,HSI,恒生指数,13534.24,13501.63,13567.94,13489.13,0.59
2005-04-21,HSI,恒生指数,13407.57,13597.31,13639.86,13401.86,1.76
2005-04-22,HSI,恒生指数,13684.59,13693.55,13727.44,13649.5,0.57
2005-04-25,HSI,恒生指数,13744.45,13750.23,13802.43,13711.39,0.66
2005-04-26,HSI,恒生指数,13768.73,13859.58,13919.52,13719.81,1.45
2005-04-27,HSI,恒生指数,13832.81,13839.64,13847.39,13799.65,0.34
2005-04-28,HSI,恒生指数,13813.68,13909.42,13956.52,13813.68,1.03
2005-04-29,HSI,恒生指数,13829.45,13908.97,13913.1,13801.18,0.8
2005-05-03,HSI,恒生指数,13969.64,13893.98,13994.66,13877.92,0.84
2005-05-04,HSI,恒生指数,13958.18,13945.05,13981.78,13917.7,0.46
2005-05-05,HSI,恒生指数,14056.93,14061.7,14110.29,14021.93,0.63
2005-05-06,HSI,恒生指数,14041.29,14033.96,14095.85,14004.07,0.65
2005-05-09,HSI,恒生指数,14068.26,14085.09,14106.53,14006.85,0.71
2005-05-10,HSI,恒生指数,14097.19,14018.38,14112.61,13991.19,0.86
2005-05-11,HSI,恒生指数,13959.29,13939.8,13973.62,13895.27,0.56
2005-05-12,HSI,恒生指数,13968.95,13968.28,13984.35,13928.07,0.4
2005-05-13,HSI,恒生指数,13907.16,13866.81,13921.42,13841.86,0.57
2005-05-17,HSI,恒生指数,13861.6,13667.03,13863.16,13626.64,1.71
2005-05-18,HSI,恒生指数,13648.26,13627.01,13668.43,13590.05,0.57
2005-05-19,HSI,恒生指数,13676.87,13698.93,13747.97,13645.08,0.76
2005-05-20,HSI,恒生指数,13715.65,13717.42,13723.82,13642.84,0.59
2005-05-23,HSI,恒生指数,13730.09,13699.13,13730.09,13632.23,0.71
2005-05-24,HSI,恒生指数,13703.14,13719.32,13726.15,13677.34,0.36
2005-05-25,HSI,恒生指数,13715.09,13562.06,13717.07,13542.48,1.27
2005-05-26,HSI,恒生指数,13569.26,13569.99,13590.61,13541.77,0.36
2005-05-27,HSI,恒生指数,13671.64,13714.78,13739.2,13669.2,0.52
2005-05-30,HSI,恒生指数,13741.28,13845.1,13851.33,13684.52,1.22
2005-05-31,HSI,恒生指数,13815.73,13867.07,13932.92,13779.8,1.11
2005-06-01,HSI,恒生指数,13817.27,13873.07,13895.33,13813.69,0.59
2005-06-02,HSI,恒生指数,13942.96,13814.58,13946.01,13779.8,1.2
2005-06-03,HSI,恒生指数,13821.95,13818.45,13870.49,13792.65,0.56
2005-06-06,HSI,恒生指数,13768.03,13860.55,13862.62,13745.68,0.85
2005-06-07,HSI,恒生指数,13806.0,13837.29,13846.3,13800.09,0.33
2005-06-08,HSI,恒生指数,13868.14,13898.55,13938.79,13842.01,0.7
2005-06-09,HSI,恒生指数,13884.22,13898.31,13984.34,13876.58,0.78
2005-06-10,HSI,恒生指数,13927.01,13934.76,13972.71,13916.86,0.4
2005-06-13,HSI,恒生指数,13948.42,13952.02,13978.64,13898.46,0.58
2005-06-14,HSI,恒生指数,13954.74,13904.81,13999.06,13901.49,0.7
2005-06-15,HSI,恒生指数,13932.85,13914.3,13953.03,13870.23,0.6
2005-06-16,HSI,恒生指数,13909.75,13833.53,13909.75,13801.42,0.78
2005-06-17,HSI,恒生指数,13866.79,13912.03,13926.59,13847.5,0.57
2005-06-20,HSI,恒生指数,13928.71,13945.77,13966.91,13908.7,0.42
2005-06-21,HSI,恒生指数,13935.29,13979.35,13983.48,13890.78,0.66
2005-06-22,HSI,恒生指数,13995.64,14161.02,14183.39,13995.64,1.34
2005-06-23,HSI,恒生指数,14197.01,14190.44,14233.81,14157.01,0.54
2005-06-24,HSI,恒生指数,14141.66,14230.29,14230.29,14108.39,0.86
2005-06-27,HSI,恒生指数,14142.49,14176.04,14202.98,14142.14,0.43
2005-06-28,HSI,恒生指数,14206.81,14287.44,14287.44,14174.79,0.79
2005-06-29,HSI,恒生指数,14313.99,14277.28,14365.05,14247.04,0.83
2005-06-30,HSI,恒生指数,14281.47,14201.06,14310.77,14154.7,1.09
2005-07-04,HSI,恒生指数,14188.35,14177.87,14188.47,14122.97,0.46
2005-07-05,HSI,恒生指数,14146.44,14124.8,14161.0,14101.56,0.42
2005-07-06,HSI,恒生指数,14170.71,14149.93,14202.09,14126.86,0.53
2005-07-07,HSI,恒生指数,14146.24,14030.81,14156.92,14006.75,1.06
2005-07-08,HSI,恒生指数,14014.8,13964.47,14053.21,13920.87,0.94
2005-07-11,HSI,恒生指数,14065.34,14157.24,14157.24,14047.01,0.79
2005-07-12,HSI,恒生指数,14214.88,14146.95,14215.48,14094.7,0.85
2005-07-13,HSI,恒生指数,14170.31,14307.3,14308.37,14140.4,1.19
2005-07-14,HSI,恒生指数,14389.37,14491.54,14497.43,14389.37,0.76
2005-07-15,HSI,恒生指数,14489.84,14504.29,14550.17,14444.58,0.73
2005-07-18,HSI,恒生指数,14496.55,14567.0,14578.69,14487.87,0.63
2005-07-19,HSI,恒生指数,14493.27,14567.74,14625.08,14493.27,0.9
2005-07-20,HSI,恒生指数,14584.06,14602.7,14673.83,14567.02,0.73
2005-07-21,HSI,恒生指数,14660.76,14620.14,14691.74,14560.46,0.9
2005-07-22,HSI,恒生指数,14744.52,14786.46,14800.31,14655.44,0.99
2005-07-25,HSI,恒生指数,14794.93,14794.03,14841.58,14768.78,0.49
2005-07-26,HSI,恒生指数,14818.79,14769.93,14840.44,14744.39,0.65
2005-07-27,HSI,恒生指数,14786.95,14801.86,14828.02,14743.69,0.57
2005-07-28,HSI,恒生指数,14836.3,14813.32,14899.71,14771.16,0.87
2005-07-29,HSI,恒生指数,14863.51,14880.98,14892.29,14838.16,0.37
2005-08-01,HSI,恒生指数,14892.73,14978.88,14989.47,14841.12,1.0
2005-08-02,HSI,恒生指数,15068.22,15137.08,15167.72,15046.84,0.81
2005-08-03,HSI,恒生指数,15197.06,15118.5,15201.82,15035.37,1.1
2005-08-04,HSI,恒生指数,15101.6,15111.54,15186.11,15076.45,0.73
2005-08-05,HSI,恒生指数,15054.63,15051.32,15083.51,14972.52,0.73
2005-08-08,HSI,恒生指数,15033.98,15108.94,15117.91,15024.54,0.62
2005-08-09,HSI,恒生指数,15137.64,15047.84,15161.79,15029.39,0.88
2005-08-10,HSI,恒生指数,15113.86,15346.41,15346.41,15095.96,1.66
2005-08-11,HSI,恒生指数,15432.74,15445.2,15477.14,15330.95,0.95
2005-08-12,HSI,恒生指数,15459.17,15450.95,15480.8,15398.3,0.53
2005-08-15,HSI,恒生指数,15435.49,15466.06,15482.15,15391.57,0.59
2005-08-16,HSI,恒生指数,15455.71,15443.62,15508.57,15394.73,0.74
2005-08-17,HSI,恒生指数,15331.09,15449.58,15449.58,15309.5,0.91
2005-08-18,HSI,恒生指数,15442.51,15148.09,15455.17,15101.73,2.29
2005-08-19,HSI,恒生指数,15123.58,15038.61,15173.5,15001.44,1.14
2005-08-22,HSI,恒生指数,15093.18,15218.63,15225.59,15049.91,1.17
2005-08-23,HSI,恒生指数,15222.49,14973.89,15244.9,14938.05,2.02
2005-08-24,HSI,恒生指数,14934.98,14873.85,14969.5,14861.43,0.72
2005-08-25,HSI,恒生指数,14844.18,14889.1,14963.73,14832.0,0.89
2005-08-26,HSI,恒生指数,14942.82,14982.89,14991.64,14863.04,0.86
2005-08-29,HSI,恒生指数,14851.68,14836.97,14861.48,14734.43,0.85
2005-08-30,HSI,恒生指数,14870.19,14922.22,14976.47,14831.9,0.97
2005-08-31,HSI,恒生指数,14853.64,14903.55,14927.05,14796.51,0.87
2005-09-01,HSI,恒生指数,15031.52,15143.75,15149.61,15014.77,0.9
2005-09-02,HSI,恒生指数,15197.87,15221.89,15249.15,15131.04,0.78
2005-09-05,HSI,恒生指数,15231.77,15227.83,15244.04,15179.76,0.42
2005-09-06,HSI,恒生指数,15287.7,15160.78,15307.65,15038.65,1.77
2005-09-07,HSI,恒生指数,15247.92,15224.57,15271.21,15205.99,0.43
2005-09-08,HSI,恒生指数,15257.53,15166.17,15257.53,15156.91,0.66
2005-09-09,HSI,恒生指数,15168.57,15165.77,15188.43,15081.28,0.71
2005-09-12,HSI,恒生指数,15240.4,15199.79,15240.89,15186.57,0.36
2005-09-13,HSI,恒生指数,15159.0,15070.56,15192.92,15052.58,0.92
2005-09-14,HSI,恒生指数,15059.91,15086.62,15097.3,14979.65,0.78
2005-09-15,HSI,恒生指数,15092.43,15041.02,15129.59,14990.05,0.92
2005-09-16,HSI,恒生指数,15034.67,14983.2,15035.45,14965.98,0.46
2005-09-20,HSI,恒生指数,14994.77,15241.86,15252.84,14943.61,2.06
2005-09-21,HSI,恒生指数,15207.08,15223.62,15271.91,15162.6,0.72
2005-09-22,HSI,恒生指数,15144.55,15179.95,15194.01,15119.99,0.49
2005-09-23,HSI,恒生指数,15169.04,15143.97,15169.88,15045.54,0.82
2005-09-26,HSI,恒生指数,15166.16,15274.31,15279.04,15127.99,1.0
2005-09-27,HSI,恒生指数,15286.52,15189.88,15312.36,15163.67,0.97
2005-09-28,HSI,恒生指数,15186.13,15221.46,15269.04,15164.86,0.69
2005-09-29,HSI,恒生指数,15248.87,15431.25,15432.95,15241.49,1.26
2005-09-30,HSI,恒生指数,15449.3,15428.52,15470.51,15394.68,0.49
2005-10-03,HSI,恒生指数,15399.87,15394.39,15452.28,15369.23,0.54
2005-10-04,HSI,恒生指数,15397.38,15382.21,15493.0,15382.21,0.72
2005-10-05,HSI,恒生指数,15317.08,15161.03,15317.08,15137.52,1.17
2005-10-06,HSI,恒生指数,14943.22,14839.3,14945.97,14823.0,0.81
2005-10-07,HSI,恒生指数,14857.19,14847.79,14899.23,14798.91,0.68
2005-10-10,HSI,恒生指数,14898.84,14898.77,14933.93,14852.33,0.55
2005-10-12,HSI,恒生指数,14880.46,14575.02,14933.12,14557.52,2.52
2005-10-13,HSI,恒生指数,14527.02,14621.83,14644.66,14508.54,0.93
2005-10-14,HSI,恒生指数,14577.37,14485.88,14577.37,14439.13,0.95
2005-10-17,HSI,恒生指数,14551.74,14541.35,14572.68,14449.38,0.85
2005-10-18,HSI,恒生指数,14585.85,14597.4,14649.71,14563.52,0.59
2005-10-19,HSI,恒生指数,14434.73,14372.76,14463.07,14345.87,0.8
2005-10-20,HSI,恒生指数,14477.54,14408.94,14524.66,14398.97,0.87
2005-10-21,HSI,恒生指数,14364.68,14487.85,14491.94,14308.61,1.27
2005-10-24,HSI,恒生指数,14470.67,14402.35,14505.56,14321.61,1.27
2005-10-25,HSI,恒生指数,14566.05,14424.88,14566.1,14422.4,1.0
2005-10-26,HSI,恒生指数,14446.97,14458.14,14474.16,14361.76,0.78
2005-10-27,HSI,恒生指数,14475.66,14381.06,14484.32,14376.86,0.74
2005-10-28,HSI,恒生指数,14282.09,14215.83,14295.89,14189.47,0.74
2005-10-31,HSI,恒生指数,14313.42,14386.37,14393.28,14255.93,0.97
2005-11-01,HSI,恒生指数,14485.35,14572.26,14591.42,14470.58,0.84
2005-11-02,HSI,恒生指数,14583.09,14597.48,14604.5,14544.65,0.41
2005-11-03,HSI,恒生指数,14626.61,14601.59,14649.86,14546.88,0.71
2005-11-04,HSI,恒生指数,14660.34,14585.79,14668.53,14536.28,0.91
2005-11-07,HSI,恒生指数,14498.84,14365.79,14503.47,14353.9,1.03
2005-11-08,HSI,恒生指数,14420.55,14403.2,14435.24,14317.51,0.82
2005-11-09,HSI,恒生指数,14440.61,14597.55,14626.6,14417.47,1.45
2005-11-10,HSI,恒生指数,14586.01,14633.33,14642.85,14567.55,0.52
2005-11-11,HSI,恒生指数,14668.23,14740.6,14808.47,14655.73,1.04
2005-11-14,HSI,恒生指数,14760.4,14629.49,14772.93,14541.99,1.57
2005-11-15,HSI,恒生指数,14573.52,14627.41,14671.02,14518.75,1.04
2005-11-16,HSI,恒生指数,14632.4,14650.54,14683.99,14603.7,0.55
2005-11-17,HSI,恒生指数,14672.8,14787.98,14788.62,14620.42,1.15
2005-11-18,HSI,恒生指数,14915.0,14883.32,14924.62,14865.81,0.4
2005-11-21,HSI,恒生指数,14939.7,14885.57,14942.07,14843.87,0.66
2005-11-22,HSI,恒生指数,14881.92,14885.65,14897.8,14806.96,0.61
2005-11-23,HSI,恒生指数,14961.93,15062.35,15071.23,14925.72,0.98
2005-11-24,HSI,恒生指数,15111.03,15084.39,15117.88,15042.3,0.5
2005-11-25,HSI,恒生指数,15053.92,15081.47,15100.94,15027.76,0.49
2005-11-28,HSI,恒生指数,15099.63,15100.0,15133.88,15073.55,0.4
2005-11-29,HSI,恒生指数,15058.99,15028.76,15062.02,14958.78,0.68
2005-11-30,HSI,恒生指数,15028.74,14937.14,15072.84,14936.9,0.9
2005-12-01,HSI,恒生指数,14881.22,15068.03,15068.03,14866.1,1.35
2005-12-02,HSI,恒生指数,15178.1,15200.38,15232.32,15129.29,0.68
2005-12-05,HSI,恒生指数,15208.86,15158.82,15208.86,15145.15,0.42
2005-12-06,HSI,恒生指数,15156.84,14990.61,15161.88,14967.78,1.28
2005-12-07,HSI,恒生指数,15026.92,15134.95,15134.95,14960.22,1.17
2005-12-08,HSI,恒生指数,15095.18,14879.16,15095.18,14860.54,1.55
2005-12-09,HSI,恒生指数,14905.57,14910.51,14953.34,14870.96,0.55
2005-12-12,HSI,恒生指数,14991.62,14984.4,15079.96,14972.06,0.72
2005-12-13,HSI,恒生指数,14981.23,14942.62,14995.63,14863.84,0.88
2005-12-14,HSI,恒生指数,14981.45,14976.26,14981.45,14867.72,0.76
2005-12-15,HSI,恒生指数,15039.63,15059.02,15078.92,15025.54,0.36
2005-12-16,HSI,恒生指数,15077.98,15029.81,15078.37,14967.78,0.73
2005-12-19,HSI,恒生指数,15044.9,15182.89,15200.11,15044.9,1.03
2005-12-20,HSI,恒生指数,15172.13,15169.17,15200.7,15128.59,0.47
2005-12-21,HSI,恒生指数,15219.27,15221.42,15272.72,15210.93,0.41
2005-12-22,HSI,恒生指数,15251.1,15182.53,15252.45,15170.92,0.54
2005-12-23,HSI,恒生指数,15208.84,15183.58,15226.03,15182.64,0.29
2005-12-28,HSI,恒生指数,15076.94,15101.54,15173.48,15049.41,0.82
2005-12-29,HSI,恒生指数,15146.55,15045.59,15151.32,15028.28,0.81
2005-12-30,HSI,恒生指数,14959.42,14876.43,14972.2,14811.64,1.07
2006-01-03,HSI,恒生指数,14843.97,14944.77,14945.05,14843.97,0.68
2006-01-04,HSI,恒生指数,15112.76,15200.06,15208.86,15085.44,0.83
2006-01-05,HSI,恒生指数,15313.85,15271.13,15373.79,15261.82,0.74
2006-01-06,HSI,恒生指数,15327.29,15344.44,15347.0,15252.48,0.62
2006-01-09,HSI,恒生指数,15497.97,15547.43,15602.88,15497.72,0.69
2006-01-10,HSI,恒生指数,15638.4,15569.91,15658.91,15500.16,1.02
2006-01-11,HSI,恒生指数,15584.54,15650.88,15725.47,15584.54,0.91
2006-01-12,HSI,恒生指数,15767.94,15719.37,15791.3,15651.96,0.89
2006-01-13,HSI,恒生指数,15672.39,15787.97,15792.36,15670.77,0.77
2006-01-16,HSI,恒生指数,15787.27,15777.72,15816.54,15745.04,0.45
2006-01-17,HSI,恒生指数,15798.52,15576.2,15798.52,15550.23,1.57
2006-01-18,HSI,恒生指数,15426.92,15481.21,15525.6,15376.45,0.96
2006-01-19,HSI,恒生指数,15555.78,15670.42,15675.27,15549.68,0.81
2006-01-20,HSI,恒生指数,15700.71,15662.08,15788.07,15565.51,1.42
2006-01-23,HSI,恒生指数,15454.8,15464.77,15497.93,15412.26,0.55
2006-01-24,HSI,恒生指数,15540.92,15530.57,15551.66,15463.11,0.57
2006-01-25,HSI,恒生指数,15560.66,15520.39,15572.38,15487.68,0.55
2006-01-26,HSI,恒生指数,15550.33,15520.07,15563.4,15469.24,0.61
2006-01-27,HSI,恒生指数,15659.21,15753.14,15770.45,15650.69,0.77
2006-02-01,HSI,恒生指数,15798.44,15742.3,15808.18,15653.9,0.98
2006-02-02,HSI,恒生指数,15771.34,15691.69,15775.65,15666.94,0.69
2006-02-03,HSI,恒生指数,15472.03,15429.73,15486.74,15420.66,0.42
2006-02-06,HSI,恒生指数,15415.88,15548.06,15564.96,15374.89,1.23
2006-02-07,HSI,恒生指数,15558.52,15517.01,15560.4,15466.47,0.6
2006-02-08,HSI,恒生指数,15451.21,15373.44,15469.51,15327.07,0.92
2006-02-09,HSI,恒生指数,15443.43,15413.43,15467.67,15371.73,0.62
2006-02-10,HSI,恒生指数,15365.39,15425.95,15443.45,15355.44,0.57
2006-02-13,HSI,恒生指数,15303.04,15312.09,15355.39,15267.95,0.57
2006-02-14,HSI,恒生指数,15241.66,15420.32,15445.07,15240.95,1.33
2006-02-15,HSI,恒生指数,15449.14,15423.26,15514.93,15316.63,1.29
2006-02-16,HSI,恒生指数,15495.8,15450.88,15495.8,15436.53,0.38
2006-02-17,HSI,恒生指数,15517.92,15475.69,15520.6,15437.54,0.54
2006-02-20,HSI,恒生指数,15525.74,15598.67,15627.05,15525.74,0.65
2006-02-21,HSI,恒生指数,15651.74,15627.24,15661.2,15567.63,0.6
2006-02-22,HSI,恒生指数,15613.86,15635.72,15641.78,15584.27,0.37
2006-02-23,HSI,恒生指数,15651.78,15812.53,15849.86,15611.55,1.52
2006-02-24,HSI,恒生指数,15848.5,15856.05,15875.33,15779.79,0.6
2006-02-27,HSI,恒生指数,15943.64,15949.89,15999.31,15890.8,0.68
2006-02-28,HSI,恒生指数,15920.49,15918.48,15928.08,15824.45,0.65
2006-03-01,HSI,恒生指数,15768.21,15818.09,15887.63,15768.21,0.75
2006-03-02,HSI,恒生指数,15905.94,15882.45,15922.95,15836.36,0.55
2006-03-03,HSI,恒生指数,15887.67,15802.0,15896.56,15802.0,0.6
2006-03-06,HSI,恒生指数,15812.72,15811.83,15845.2,15777.0,0.43
2006-03-07,HSI,恒生指数,15835.47,15602.36,15835.47,15560.62,1.74
2006-03-08,HSI,恒生指数,15545.42,15493.09,15555.82,15348.22,1.33
2006-03-09,HSI,恒生指数,15526.09,15510.13,15555.61,15458.78,0.62
2006-03-10,HSI,恒生指数,15521.4,15445.05,15521.4,15397.18,0.8
2006-03-13,HSI,恒生指数,15542.79,15542.07,15545.85,15469.77,0.49
2006-03-14,HSI,恒生指数,15548.13,15519.76,15548.27,15461.81,0.56
2006-03-15,HSI,恒生指数,15647.43,15720.36,15762.11,15647.0,0.74
2006-03-16,HSI,恒生指数,15753.36,15729.04,15773.73,15668.34,0.67
2006-03-17,HSI,恒生指数,15778.48,15801.66,15845.97,15715.41,0.83
2006-03-20,HSI,恒生指数,15868.49,15929.95,15973.01,15862.9,0.7
2006-03-21,HSI,恒生指数,15911.49,15922.75,15936.18,15870.73,0.41
2006-03-22,HSI,恒生指数,15790.45,15642.81,15840.14,15619.14,1.39
2006-03-23,HSI,恒生指数,15689.61,15771.17,15772.93,15669.47,0.66
2006-03-24,HSI,恒生指数,15778.18,15716.46,15792.04,15671.63,0.76
2006-03-27,HSI,恒生指数,15743.67,15815.87,15847.75,15694.11,0.98
2006-03-28,HSI,恒生指数,15824.53,15856.58,15920.07,15787.0,0.84
2006-03-29,HSI,恒生指数,15790.43,15745.11,15843.1,15729.26,0.72
2006-03-30,HSI,恒生指数,15819.42,15880.69,15954.91,15819.42,0.86
2006-03-31,HSI,恒生指数,15942.73,15805.04,15964.35,15739.19,1.42
2006-04-03,HSI,恒生指数,15904.97,16063.75,16076.74,15877.44,1.26
2006-04-04,HSI,恒生指数,16107.22,16100.09,16121.22,16039.51,0.51
2006-04-06,HSI,恒生指数,16222.29,16411.13,16423.31,16190.55,1.45
2006-04-07,HSI,恒生指数,16415.52,16471.78,16534.83,16328.63,1.26
2006-04-10,HSI,恒生指数,16383.58,16521.59,16527.94,16374.59,0.93
2006-04-11,HSI,恒生指数,16480.86,16475.81,16505.76,16381.01,0.76
2006-04-12,HSI,恒生指数,16414.37,16310.76,16427.56,16260.88,1.01
2006-04-13,HSI,恒生指数,16360.16,16429.45,16446.67,16308.77,0.85
2006-04-18,HSI,恒生指数,16534.9,16637.53,16643.8,16533.07,0.67
2006-04-19,HSI,恒生指数,16858.03,16830.44,16897.81,16780.53,0.7
2006-04-20,HSI,恒生指数,16888.88,16944.34,16953.25,16753.19,1.19
2006-04-21,HSI,恒生指数,16893.52,16912.15,16991.52,16808.62,1.08
2006-04-24,HSI,恒生指数,16917.61,16705.67,16930.01,16678.31,1.49
2006-04-25,HSI,恒生指数,16734.83,16577.77,16746.31,16547.3,1.19
2006-04-26,HSI,恒生指数,16628.6,16672.66,16739.27,16539.07,1.21
2006-04-27,HSI,恒生指数,16749.48,16742.85,16856.97,16728.85,0.77
2006-04-28,HSI,恒生指数,16461.6,16661.3,16672.41,16429.5,1.45
2006-05-02,HSI,恒生指数,16764.59,16868.04,16896.86,16744.16,0.92
2006-05-03,HSI,恒生指数,17066.98,17026.98,17099.48,16970.4,0.77
2006-05-04,HSI,恒生指数,16966.24,17013.93,17076.92,16966.24,0.65
2006-05-08,HSI,恒生指数,17204.25,17301.79,17328.43,17204.25,0.73
2006-05-09,HSI,恒生指数,17278.87,17133.99,17278.87,17118.22,0.93
2006-05-10,HSI,恒生指数,17205.35,17080.59,17239.21,17018.17,1.29
2006-05-11,HSI,恒生指数,17065.96,17140.78,17185.79,17010.4,1.03
2006-05-12,HSI,恒生指数,16868.86,16901.85,16967.04,16845.85,0.71
2006-05-15,HSI,恒生指数,16623.35,16494.84,16673.53,16455.46,1.29
2006-05-16,HSI,恒生指数,16400.66,16393.11,16435.55,16247.58,1.14
2006-05-17,HSI,恒生指数,16497.91,16615.55,16626.71,16421.09,1.25
2006-05-18,HSI,恒生指数,16232.16,16266.52,16363.34,16177.18,1.12
2006-05-19,HSI,恒生指数,16169.78,16313.36,16361.94,16155.77,1.27
2006-05-22,HSI,恒生指数,16295.37,15805.52,16304.95,15790.44,3.15
2006-05-23,HSI,恒生指数,15747.4,15864.56,15888.48,15691.13,1.25
2006-05-24,HSI,恒生指数,15857.21,15822.64,15930.17,15673.75,1.62
2006-05-25,HSI,恒生指数,15741.81,15696.89,15764.72,15626.95,0.87
2006-05-26,HSI,恒生指数,15897.28,15895.1,15932.26,15814.93,0.75
2006-05-29,HSI,恒生指数,15976.27,15963.77,16006.07,15919.13,0.55
2006-05-30,HSI,恒生指数,15976.37,15857.89,15976.37,15840.34,0.85
2006-06-01,HSI,恒生指数,15817.82,15645.27,15923.73,15605.96,2.0
2006-06-02,HSI,恒生指数,15731.82,15912.71,15920.06,15677.04,1.55
2006-06-05,HSI,恒生指数,15964.31,16016.23,16062.27,15943.42,0.75
2006-06-06,HSI,恒生指数,15844.92,15973.11,15985.99,15824.19,1.01
2006-06-07,HSI,恒生指数,15916.77,15816.55,15944.48,15776.37,1.05
2006-06-08,HSI,恒生指数,15603.11,15450.11,15611.52,15419.42,1.21
2006-06-09,HSI,恒生指数,15468.83,15628.69,15640.31,15405.79,1.52
2006-06-12,HSI,恒生指数,15560.71,15621.44,15680.32,15498.27,1.16
2006-06-13,HSI,恒生指数,15417.24,15234.42,15437.26,15204.86,1.49
2006-06-14,HSI,恒生指数,15238.58,15247.92,15396.5,15214.69,1.19
2006-06-15,HSI,恒生指数,15419.68,15435.08,15455.57,15355.43,0.66
2006-06-16,HSI,恒生指数,15807.37,15842.65,15851.51,15749.46,0.66
2006-06-19,HSI,恒生指数,15759.96,15768.86,15781.56,15723.36,0.37
2006-06-20,HSI,恒生指数,15709.0,15608.97,15709.0,15555.24,0.98
2006-06-21,HSI,恒生指数,15599.86,15659.36,15667.7,15520.42,0.94
2006-06-22,HSI,恒生指数,15859.85,15826.7,15885.71,15798.6,0.56
2006-06-23,HSI,恒生指数,15729.55,15808.81,15828.49,15682.81,0.92
2006-06-26,HSI,恒生指数,15756.68,15804.81,15841.14,15726.81,0.72
2006-06-27,HSI,恒生指数,15827.85,15774.7,15892.92,15770.92,0.77
2006-06-28,HSI,恒生指数,15632.44,15742.66,15742.66,15613.2,0.82
2006-06-29,HSI,恒生指数,15890.2,15865.22,15916.0,15844.11,0.46
2006-06-30,HSI,恒生指数,16170.79,16267.62,16273.74,16125.26,0.94
2006-07-03,HSI,恒生指数,16288.59,16326.66,16364.23,16234.88,0.8
2006-07-04,HSI,恒生指数,16363.15,16368.98,16379.03,16312.17,0.41
2006-07-05,HSI,恒生指数,16364.0,16267.18,16377.66,16254.69,0.75
2006-07-06,HSI,恒生指数,16141.67,16440.99,16445.18,16129.65,1.94
2006-07-07,HSI,恒生指数,16497.9,16459.78,16497.9,16399.48,0.6
2006-07-10,HSI,恒生指数,16376.82,16603.81,16606.62,16338.9,1.63
2006-07-11,HSI,恒生指数,16512.24,16490.13,16568.62,16477.46,0.55
2006-07-12,HSI,恒生指数,16507.72,16522.21,16552.64,16435.61,0.71
2006-07-13,HSI,恒生指数,16490.48,16305.48,16557.97,16288.43,1.63
2006-07-14,HSI,恒生指数,16123.96,16135.71,16159.09,16062.6,0.59
2006-07-17,HSI,恒生指数,15980.5,16064.82,16104.15,15948.76,0.96
2006-07-18,HSI,恒生指数,16035.0,16043.94,16109.7,15966.44,0.89
2006-07-19,HSI,恒生指数,16069.8,16097.54,16171.12,16062.58,0.68
2006-07-20,HSI,恒生指数,16418.14,16472.62,16481.17,16390.28,0.56
2006-07-21,HSI,恒生指数,16406.78,16464.18,16483.23,16376.03,0.65
2006-07-24,HSI,恒生指数,16376.38,16480.59,16484.97,16354.44,0.79
2006-07-25,HSI,恒生指数,16668.63,16583.86,16671.39,16580.64,0.55
2006-07-26,HSI,恒生指数,16584.49,16617.24,16623.46,16566.39,0.34
2006-07-27,HSI,恒生指数,16713.04,16916.77,16924.22,16713.04,1.27
2006-07-28,HSI,恒生指数,16935.0,16955.04,17034.55,16918.79,0.68
2006-07-31,HSI,恒生指数,17103.44,16971.34,17114.2,16965.2,0.88
2006-08-01,HSI,恒生指数,16990.22,16911.37,16990.22,16907.38,0.49
2006-08-02,HSI,恒生指数,16887.68,17032.75,17085.65,16872.71,1.26
2006-08-03,HSI,恒生指数,17073.44,17048.42,17097.84,17011.61,0.51
2006-08-04,HSI,恒生指数,17049.96,16887.8,17096.41,16867.95,1.34
2006-08-07,HSI,恒生指数,16927.74,16953.55,16961.26,16811.42,0.89
2006-08-08,HSI,恒生指数,17056.57,17048.2,17066.45,16994.56,0.42
2006-08-09,HSI,恒生指数,16996.0,17346.58,17349.99,16959.01,2.29
2006-08-10,HSI,恒生指数,17322.52,17222.14,17349.8,17211.96,0.79
2006-08-11,HSI,恒生指数,17255.23,17249.95,17323.49,17211.47,0.65
2006-08-14,HSI,恒生指数,17280.07,17290.01,17303.17,17215.01,0.51
2006-08-15,HSI,恒生指数,17274.51,17274.07,17295.3,17242.84,0.3
2006-08-16,HSI,恒生指数,17406.62,17451.03,17473.73,17349.88,0.72
2006-08-17,HSI,恒生指数,17501.95,17373.05,17506.21,17329.05,1.02
2006-08-18,HSI,恒生指数,17381.42,17330.7,17413.96,17316.13,0.56
2006-08-21,HSI,恒生指数,17326.38,17007.88,17329.68,16996.76,1.92
2006-08-22,HSI,恒生指数,17096.51,17149.75,17155.6,17037.23,0.7
2006-08-23,HSI,恒生指数,17101.12,17088.39,17111.75,17010.31,0.59
2006-08-24,HSI,恒生指数,16970.98,16883.04,17040.22,16870.7,0.99
2006-08-25,HSI,恒生指数,16958.28,16955.45,17005.44,16894.12,0.66
2006-08-28,HSI,恒生指数,16955.88,16922.29,16998.71,16911.52,0.51
2006-08-29,HSI,恒生指数,17003.56,17083.28,17102.45,16998.99,0.61
2006-08-30,HSI,恒生指数,17147.76,17284.71,17289.26,17134.92,0.9
2006-08-31,HSI,恒生指数,17395.54,17392.27,17422.83,17356.83,0.38
2006-09-01,HSI,恒生指数,17373.17,17423.72,17514.31,17311.41,1.17
2006-09-04,HSI,恒生指数,17504.33,17513.88,17538.59,17476.6,0.36
2006-09-05,HSI,恒生指数,17523.81,17438.8,17523.81,17404.67,0.68
2006-09-06,HSI,恒生指数,17445.98,17258.51,17445.98,17208.93,1.36
2006-09-07,HSI,恒生指数,17099.91,17096.44,17133.52,17044.93,0.51
2006-09-08,HSI,恒生指数,17071.18,17145.76,17171.54,17070.91,0.59
2006-09-11,HSI,恒生指数,17141.61,16948.59,17158.22,16929.71,1.33
2006-09-12,HSI,恒生指数,16932.29,17075.4,17128.87,16921.53,1.22
2006-09-13,HSI,恒生指数,17221.0,17210.04,17235.41,17173.82,0.36
2006-09-14,HSI,恒生指数,17274.67,17183.45,17304.74,17142.71,0.94
2006-09-15,HSI,恒生指数,17179.09,17237.65,17246.89,17143.24,0.6
2006-09-18,HSI,恒生指数,17253.7,17387.21,17423.9,17253.02,0.99
2006-09-19,HSI,恒生指数,17411.93,17346.7,17426.47,17314.63,0.64
2006-09-20,HSI,恒生指数,17232.2,17512.96,17523.48,17220.78,1.75
2006-09-21,HSI,恒生指数,17546.56,17619.97,17663.44,17539.56,0.71
2006-09-22,HSI,恒生指数,17526.34,17600.65,17639.13,17511.96,0.72
2006-09-25,HSI,恒生指数,17546.04,17546.04,17683.45,17539.81,0.82
2006-09-26,HSI,恒生指数,17614.29,17308.08,17614.29,17277.75,1.92
2006-09-27,HSI,恒生指数,17478.25,17521.51,17540.67,17402.13,0.8
2006-09-28,HSI,恒生指数,17565.93,17530.57,17604.91,17506.24,0.56
2006-09-29,HSI,恒生指数,17559.67,17543.05,17589.57,17350.79,1.36
2006-10-03,HSI,恒生指数,17490.51,17606.53,17648.71,17428.1,1.26
2006-10-04,HSI,恒生指数,17637.2,17629.21,17687.2,17535.83,0.86
2006-10-05,HSI,恒生指数,17897.93,17907.67,17940.49,17810.07,0.74
2006-10-06,HSI,恒生指数,17901.06,17903.39,17931.73,17848.72,0.46
2006-10-09,HSI,恒生指数,17876.04,17675.24,17876.04,17589.12,1.6
2006-10-10,HSI,恒生指数,17780.3,17823.7,17852.36,17751.95,0.57
2006-10-11,HSI,恒生指数,17856.6,17862.79,17875.62,17740.79,0.76
2006-10-12,HSI,恒生指数,17896.43,17873.09,17948.13,17835.65,0.63
2006-10-13,HSI,恒生指数,18049.83,17988.86,18067.58,17949.59,0.66
2006-10-16,HSI,恒生指数,18067.2,18010.2,18069.49,17958.1,0.62
2006-10-17,HSI,恒生指数,17965.35,18014.84,18074.29,17823.33,1.39
2006-10-18,HSI,恒生指数,17910.01,18048.09,18048.09,17881.78,0.92
2006-10-19,HSI,恒生指数,18053.9,17986.97,18070.76,17938.01,0.74
2006-10-20,HSI,恒生指数,18012.61,18113.55,18148.04,18012.61,0.75
2006-10-23,HSI,恒生指数,18170.22,18089.85,18170.33,18066.11,0.58
2006-10-24,HSI,恒生指数,18136.18,18153.41,18173.43,18121.7,0.29
2006-10-25,HSI,恒生指数,18150.89,18157.94,18168.99,18106.11,0.35
2006-10-26,HSI,恒生指数,18267.42,18353.74,18378.84,18240.6,0.76
2006-10-27,HSI,恒生指数,18400.81,18297.55,18465.54,18232.64,1.27
2006-10-31,HSI,恒生指数,18196.04,18324.35,18336.45,18152.91,1.0
2006-11-01,HSI,恒生指数,18376.39,18453.65,18494.95,18376.39,0.65
2006-11-02,HSI,恒生指数,18495.29,18714.78,18724.91,18397.33,1.78
2006-11-03,HSI,恒生指数,18696.58,18749.69,18771.01,18646.16,0.67
2006-11-06,HSI,恒生指数,18702.25,18936.55,18940.8,18694.13,1.32
2006-11-07,HSI,恒生指数,19102.88,18939.31,19161.38,18855.88,1.61
2006-11-08,HSI,恒生指数,18933.47,18811.24,18994.98,18750.78,1.29
2006-11-09,HSI,恒生指数,18885.22,18952.86,18993.4,18866.01,0.68
2006-11-10,HSI,恒生指数,18958.06,18891.14,18976.15,18861.94,0.6
2006-11-13,HSI,恒生指数,18763.44,18868.54,18902.2,18717.61,0.98
2006-11-14,HSI,恒生指数,18889.92,18878.42,18989.51,18759.34,1.22
2006-11-15,HSI,恒生指数,18940.02,19093.0,19106.83,18926.31,0.96
2006-11-16,HSI,恒生指数,19162.9,19154.07,19237.73,19048.04,0.99
2006-11-17,HSI,恒生指数,19125.92,19182.71,19214.6,19097.32,0.61
2006-11-20,HSI,恒生指数,19030.36,18954.63,19133.52,18928.58,1.07
2006-11-21,HSI,恒生指数,19002.07,19008.3,19064.07,18959.81,0.55
2006-11-22,HSI,恒生指数,19102.26,19250.79,19256.99,19075.32,0.96
2006-11-23,HSI,恒生指数,19345.03,19265.32,19404.01,19244.32,0.83
2006-11-24,HSI,恒生指数,19206.45,19260.3,19315.73,19195.9,0.62
2006-11-27,HSI,恒生指数,19263.86,19204.01,19328.12,19122.39,1.07
2006-11-28,HSI,恒生指数,18996.84,18639.53,18998.08,18618.66,1.98
2006-11-29,HSI,恒生指数,18730.49,18780.93,18843.48,18687.27,0.84
2006-11-30,HSI,恒生指数,18944.56,18960.48,19033.4,18923.63,0.58
2006-12-01,HSI,恒生指数,18922.53,18690.82,18945.4,18650.5,1.56
2006-12-04,HSI,恒生指数,18654.07,18702.73,18768.63,18587.72,0.97
2006-12-05,HSI,恒生指数,18880.81,18944.19,18949.92,18794.18,0.83
2006-12-06,HSI,恒生指数,18988.14,19026.36,19131.22,18937.61,1.02
2006-12-07,HSI,恒生指数,19023.75,18842.99,19048.41,18783.3,1.39
2006-12-08,HSI,恒生指数,18775.47,18739.99,18799.25,18666.89,0.7
2006-12-11,HSI,恒生指数,18811.85,18924.66,18965.73,18811.85,0.82
2006-12-12,HSI,恒生指数,19010.16,18907.17,19015.7,18819.99,1.03
2006-12-13,HSI,恒生指数,18867.67,18718.19,18870.45,18623.61,1.31
2006-12-14,HSI,恒生指数,18806.71,18919.4,18954.94,18774.43,0.96
2006-12-15,HSI,恒生指数,19080.29,19110.65,19126.7,19014.27,0.59
2006-12-18,HSI,恒生指数,19094.63,19192.91,19216.54,19046.92,0.89
2006-12-19,HSI,恒生指数,19162.98,18964.55,19180.3,18905.44,1.43
2006-12-20,HSI,恒生指数,19109.85,19240.12,19273.77,19108.45,0.87
2006-12-21,HSI,恒生指数,19249.19,19222.84,19276.32,19157.85,0.62
2006-12-22,HSI,恒生指数,19227.24,19320.52,19320.52,19197.73,0.64
2006-12-27,HSI,恒生指数,19620.53,19725.73,19728.0,19512.46,1.12
2006-12-28,HSI,恒生指数,19742.79,20001.91,20038.23,19686.81,1.78
2006-12-29,HSI,恒生指数,20049.03,19964.72,20049.03,19885.25,0.82
2007-01-02,HSI,恒生指数,20004.84,20310.18,20323.59,19990.28,1.67
2007-01-03,HSI,恒生指数,20353.42,20413.39,20554.58,20249.61,1.5
2007-01-04,HSI,恒生指数,20415.67,20025.58,20463.18,19948.02,2.52
2007-01-05,HSI,恒生指数,19890.15,20211.28,20213.64,19757.24,2.28
2007-01-08,HSI,恒生指数,19915.0,20029.66,20085.58,19844.31,1.19
2007-01-09,HSI,恒生指数,20162.54,19898.08,20173.06,19794.29,1.89
2007-01-10,HSI,恒生指数,19665.4,19568.34,19693.7,19507.97,0.93
2007-01-11,HSI,恒生指数,19653.02,19385.37,19697.58,19350.5,1.77
2007-01-12,HSI,恒生指数,19628.82,19613.41,19680.63,19523.76,0.81
2007-01-15,HSI,恒生指数,19776.13,20068.56,20073.29,19746.07,1.67
2007-01-16,HSI,恒生指数,20130.55,20027.95,20133.49,19938.2,0.97
2007-01-17,HSI,恒生指数,19917.49,20064.57,20122.43,19841.16,1.4
2007-01-18,HSI,恒生指数,20064.75,20277.51,20297.41,20002.77,1.47
2007-01-19,HSI,恒生指数,20215.55,20327.72,20337.93,20189.36,0.73
2007-01-22,HSI,恒生指数,20501.45,20772.22,20779.52,20487.6,1.44
2007-01-23,HSI,恒生指数,20743.85,20769.7,20810.79,20589.42,1.07
2007-01-24,HSI,恒生指数,20950.94,20821.05,20971.46,20725.48,1.18
2007-01-25,HSI,恒生指数,20889.74,20669.83,20897.55,20610.22,1.38
2007-01-26,HSI,恒生指数,20457.48,20281.13,20457.48,20204.67,1.22
2007-01-29,HSI,恒生指数,20317.39,20236.68,20366.71,20197.6,0.83
2007-01-30,HSI,恒生指数,20281.93,20460.46,20465.46,20165.22,1.48
2007-01-31,HSI,恒生指数,20463.82,20106.42,20507.68,20008.6,2.44
2007-02-01,HSI,恒生指数,20251.57,20430.16,20496.81,20176.62,1.59
2007-02-02,HSI,恒生指数,20544.33,20563.68,20704.1,20468.84,1.15
2007-02-05,HSI,恒生指数,20514.83,20455.62,20645.82,20409.16,1.15
2007-02-06,HSI,恒生指数,20511.78,20655.2,20712.32,20438.36,1.34
2007-02-07,HSI,恒生指数,20716.59,20679.69,20739.01,20598.03,0.68
2007-02-08,HSI,恒生指数,20475.88,20735.05,20763.57,20318.99,2.15
2007-02-09,HSI,恒生指数,20746.95,20677.66,20771.09,20593.76,0.86
2007-02-12,HSI,恒生指数,20534.43,20593.41,20696.65,20488.82,1.01
2007-02-13,HSI,恒生指数,20523.91,20132.25,20523.91,20127.12,1.93
2007-02-14,HSI,恒生指数,20302.2,20209.91,20330.37,20184.69,0.72
2007-02-15,HSI,恒生指数,20466.65,20538.42,20570.14,20398.45,0.85
2007-02-16,HSI,恒生指数,20545.93,20567.91,20588.18,20458.01,0.63
2007-02-21,HSI,恒生指数,20649.72,20651.42,20677.29,20540.32,0.67
2007-02-22,HSI,恒生指数,20748.46,20809.23,20829.66,20740.33,0.43
2007-02-23,HSI,恒生指数,20844.25,20711.65,20844.25,20547.44,1.43
2007-02-26,HSI,恒生指数,20520.45,20507.95,20581.42,20474.41,0.52
2007-02-27,HSI,恒生指数,20500.88,20147.87,20500.88,20042.3,2.24
2007-02-28,HSI,恒生指数,19426.95,19651.51,19749.59,19381.88,1.83
2007-03-01,HSI,恒生指数,19581.86,19346.6,19643.41,19346.6,1.51
2007-03-02,HSI,恒生指数,19386.57,19442.01,19560.52,19355.63,1.06
2007-03-05,HSI,恒生指数,19137.36,18664.88,19164.35,18659.23,2.6
2007-03-06,HSI,恒生指数,18899.21,19058.56,19080.34,18876.62,1.09
2007-03-07,HSI,恒生指数,19188.22,18918.64,19239.92,18910.24,1.73
2007-03-08,HSI,恒生指数,18924.28,19175.17,19191.1,18909.07,1.49
2007-03-09,HSI,恒生指数,19259.1,19134.88,19259.1,19065.03,1.01
2007-03-12,HSI,恒生指数,19252.37,19442.42,19470.37,19220.51,1.31
2007-03-13,HSI,恒生指数,19397.04,19333.14,19442.52,19251.2,0.98
2007-03-14,HSI,恒生指数,18803.07,18836.93,18888.4,18738.51,0.78
2007-03-15,HSI,恒生指数,19029.21,18969.44,19054.94,18932.46,0.65
2007-03-16,HSI,恒生指数,18846.49,18953.5,19130.1,18770.28,1.9
2007-03-19,HSI,恒生指数,19006.15,19266.74,19267.83,18967.41,1.59
2007-03-20,HSI,恒生指数,19430.7,19356.9,19463.9,19332.6,0.68
2007-03-21,HSI,恒生指数,19380.98,19516.41,19537.09,19270.72,1.38
2007-03-22,HSI,恒生指数,19757.73,19690.25,19813.21,19621.26,0.98
2007-03-23,HSI,恒生指数,19665.05,19692.64,19729.49,19634.11,0.48
2007-03-26,HSI,恒生指数,19719.88,19765.85,19819.04,19653.73,0.84
2007-03-27,HSI,恒生指数,19749.81,19706.79,19768.32,19661.86,0.54
2007-03-28,HSI,恒生指数,19664.88,19553.87,19729.31,19459.19,1.37
2007-03-29,HSI,恒生指数,19470.42,19821.78,19832.14,19460.36,1.9
2007-03-30,HSI,恒生指数,19810.86,19800.93,19880.26,19705.56,0.88
2007-04-02,HSI,恒生指数,19900.01,19809.7,19976.81,19672.94,1.53
2007-04-03,HSI,恒生指数,19903.89,20002.7,20021.03,19903.89,0.59
2007-04-04,HSI,恒生指数,20187.67,20209.71,20210.84,20099.85,0.55
2007-04-10,HSI,恒生指数,20416.54,20347.87,20416.54,20248.04,0.83
2007-04-11,HSI,恒生指数,20427.95,20449.43,20502.17,20278.84,1.1
2007-04-12,HSI,恒生指数,20360.32,20380.21,20428.6,20293.33,0.66
2007-04-13,HSI,恒生指数,20413.48,20340.97,20432.01,20264.99,0.82
2007-04-16,HSI,恒生指数,20493.26,20757.53,20765.4,20489.91,1.35
2007-04-17,HSI,恒生指数,20804.92,20788.61,20816.11,20635.63,0.87
2007-04-18,HSI,恒生指数,20868.07,20777.09,20868.07,20718.72,0.72
2007-04-19,HSI,恒生指数,20615.42,20299.71,20634.9,20232.81,1.94
2007-04-20,HSI,恒生指数,20495.83,20566.59,20567.34,20474.31,0.46
2007-04-23,HSI,恒生指数,20710.38,20556.57,20757.41,20529.07,1.11
2007-04-24,HSI,恒生指数,20455.35,20572.8,20618.01,20396.37,1.08
2007-04-25,HSI,恒生指数,20484.18,20536.78,20621.68,20417.59,0.99
2007-04-26,HSI,恒生指数,20672.49,20667.29,20778.44,20651.29,0.62
2007-04-27,HSI,恒生指数,20557.07,20526.5,20619.11,20425.57,0.94
2007-04-30,HSI,恒生指数,20525.96,20318.98,20525.96,20130.11,1.93
2007-05-02,HSI,恒生指数,20384.03,20388.49,20483.24,20351.26,0.65
2007-05-03,HSI,恒生指数,20582.41,20681.58,20739.03,20555.57,0.9
2007-05-04,HSI,恒生指数,20865.06,20841.08,20883.21,20714.82,0.81
2007-05-07,HSI,恒生指数,20933.99,20896.64,21070.21,20891.06,0.86
2007-05-08,HSI,恒生指数,20850.07,20706.35,20880.7,20662.6,1.04
2007-05-09,HSI,恒生指数,20704.37,20844.78,20844.78,20677.81,0.81
2007-05-10,HSI,恒生指数,20729.52,20746.27,20821.86,20683.3,0.66
2007-05-11,HSI,恒生指数,20469.49,20468.21,20552.56,20420.12,0.64
2007-05-14,HSI,恒生指数,21036.62,20979.24,21065.59,20870.01,0.96
2007-05-15,HSI,恒生指数,20985.93,20868.15,21088.86,20826.93,1.25
2007-05-16,HSI,恒生指数,20854.09,20937.26,20953.24,20784.25,0.81
2007-05-17,HSI,恒生指数,21042.67,20994.61,21084.23,20944.15,0.67
2007-05-18,HSI,恒生指数,20882.87,20904.84,20904.84,20769.1,0.65
2007-05-21,HSI,恒生指数,20963.52,20927.75,21055.11,20922.35,0.64
2007-05-22,HSI,恒生指数,20996.99,20843.92,21020.42,20782.38,1.14
2007-05-23,HSI,恒生指数,20838.36,20798.97,20888.14,20767.68,0.58
2007-05-25,HSI,恒生指数,20553.78,20520.66,20566.26,20474.03,0.44
2007-05-28,HSI,恒生指数,20594.14,20529.76,20619.16,20503.87,0.56
2007-05-29,HSI,恒生指数,20518.35,20469.59,20565.25,20395.1,0.83
2007-05-30,HSI,恒生指数,20342.96,20293.76,20403.36,20184.48,1.07
2007-05-31,HSI,恒生指数,20405.95,20634.47,20673.4,20354.66,1.57
2007-06-01,HSI,恒生指数,20717.27,20602.87,20793.38,20598.85,0.94
2007-06-04,HSI,恒生指数,20698.99,20729.59,20821.91,20638.7,0.89
2007-06-05,HSI,恒生指数,20820.48,20842.15,20878.09,20615.96,1.26
2007-06-06,HSI,恒生指数,20850.26,20818.61,20943.94,20803.22,0.68
2007-06-07,HSI,恒生指数,20637.9,20800.16,20838.44,20600.37,1.14
2007-06-08,HSI,恒生指数,20531.85,20509.15,20536.17,20433.52,0.49
2007-06-11,HSI,恒生指数,20649.05,20615.49,20673.9,20591.42,0.4
2007-06-12,HSI,恒生指数,20660.7,20636.39,20664.85,20511.03,0.75
2007-06-13,HSI,恒生指数,20527.27,20578.75,20628.06,20520.67,0.52
2007-06-14,HSI,恒生指数,20714.86,20867.26,20924.81,20714.86,1.02
2007-06-15,HSI,恒生指数,21024.32,21017.05,21052.95,20917.64,0.65
2007-06-18,HSI,恒生指数,21256.29,21582.89,21585.03,21256.29,1.56
2007-06-20,HSI,恒生指数,21645.06,21684.67,21897.58,21644.12,1.17
2007-06-21,HSI,恒生指数,21784.12,21954.67,21969.26,21714.95,1.17
2007-06-22,HSI,恒生指数,21879.5,21999.91,22052.85,21788.15,1.21
2007-06-25,HSI,恒生指数,21884.1,21822.35,22085.59,21814.46,1.23
2007-06-26,HSI,恒生指数,21800.77,21803.57,21950.02,21755.29,0.89
2007-06-27,HSI,恒生指数,21775.18,21705.56,21800.49,21562.0,1.09
2007-06-28,HSI,恒生指数,21912.79,21938.22,22035.42,21885.53,0.69
2007-06-29,HSI,恒生指数,21997.25,21772.73,22044.68,21768.76,1.26
2007-07-03,HSI,恒生指数,22004.14,22151.14,22159.52,21960.76,0.91
2007-07-04,HSI,恒生指数,22279.83,22218.55,22307.6,22131.24,0.8
2007-07-05,HSI,恒生指数,22272.81,22252.99,22328.61,22126.97,0.91
2007-07-06,HSI,恒生指数,22217.46,22531.74,22565.43,22081.35,2.18
2007-07-09,HSI,恒生指数,22719.99,22817.43,22818.32,22601.65,0.96
2007-07-10,HSI,恒生指数,22833.47,22885.84,22889.61,22718.13,0.75
2007-07-11,HSI,恒生指数,22655.38,22607.02,22850.4,22539.7,1.36
2007-07-12,HSI,恒生指数,22797.75,22809.02,22975.81,22773.71,0.89
2007-07-13,HSI,恒生指数,23199.06,23099.29,23239.92,23048.69,0.84
2007-07-16,HSI,恒生指数,23098.66,22953.94,23128.56,22932.3,0.85
2007-07-17,HSI,恒生指数,22915.79,23057.3,23148.26,22915.79,1.01
2007-07-18,HSI,恒生指数,22956.97,22841.92,23035.8,22782.63,1.1
2007-07-19,HSI,恒生指数,22864.75,23016.2,23024.5,22817.92,0.9
2007-07-20,HSI,恒生指数,23195.41,23291.9,23301.93,23118.67,0.8
2007-07-23,HSI,恒生指数,23170.35,23365.56,23389.94,23152.54,1.02
2007-07-24,HSI,恒生指数,23459.74,23472.88,23534.38,23410.54,0.53
2007-07-25,HSI,恒生指数,23228.56,23362.18,23439.83,23228.56,0.9
2007-07-26,HSI,恒生指数,23494.04,23211.69,23557.74,23127.8,1.84
2007-07-27,HSI,恒生指数,22647.11,22570.41,22854.54,22443.1,1.77
2007-07-30,HSI,恒生指数,22478.77,22739.9,22854.54,22473.92,1.69
2007-07-31,HSI,恒生指数,23023.43,23184.94,23199.9,22881.97,1.4
2007-08-01,HSI,恒生指数,23018.2,22455.36,23025.14,22209.79,3.52
2007-08-02,HSI,恒生指数,22730.4,22443.25,22767.47,22144.73,2.77
2007-08-03,HSI,恒生指数,22625.38,22538.44,22644.58,22356.3,1.28
2007-08-06,HSI,恒生指数,22128.06,21936.73,22147.42,21916.7,1.02
2007-08-07,HSI,恒生指数,22171.9,21907.99,22177.8,21833.14,1.57
2007-08-08,HSI,恒生指数,22102.76,22536.67,22540.3,22100.34,2.01
2007-08-09,HSI,恒生指数,22715.08,22439.36,22796.73,22425.07,1.65
2007-08-10,HSI,恒生指数,21797.39,21792.71,21860.13,21661.05,0.89
2007-08-13,HSI,恒生指数,21932.0,21891.1,21969.45,21692.16,1.27
2007-08-14,HSI,恒生指数,21886.26,22007.32,22012.04,21836.1,0.8
2007-08-15,HSI,恒生指数,21637.5,21375.72,21637.5,21303.35,1.52
2007-08-16,HSI,恒生指数,20841.23,20672.39,20841.23,20435.15,1.9
2007-08-17,HSI,恒生指数,20761.31,20387.13,20761.31,19386.72,6.65
2007-08-20,HSI,恒生指数,21140.73,21595.63,21608.34,20901.64,3.47
2007-08-21,HSI,恒生指数,22228.24,21729.35,22616.85,21651.4,4.47
2007-08-22,HSI,恒生指数,21949.39,22346.88,22360.03,21854.22,2.33
2007-08-23,HSI,恒生指数,23055.12,22966.97,23063.93,22771.85,1.31
2007-08-24,HSI,恒生指数,22718.54,22921.89,22933.8,22629.49,1.32
2007-08-27,HSI,恒生指数,23358.38,23577.73,23582.66,23285.71,1.3
2007-08-28,HSI,恒生指数,23750.25,23363.76,23750.25,23304.64,1.89
2007-08-29,HSI,恒生指数,22802.83,23020.6,23110.26,22686.84,1.81
2007-08-30,HSI,恒生指数,23509.98,23484.54,23583.49,23376.68,0.9
2007-08-31,HSI,恒生指数,23584.66,23984.14,24089.0,23487.07,2.56
2007-09-03,HSI,恒生指数,23611.02,23904.09,23915.05,23611.02,1.27
2007-09-04,HSI,恒生指数,23937.46,23886.07,24127.16,23855.11,1.14
2007-09-05,HSI,恒生指数,24196.59,24069.17,24283.15,23839.0,1.86
2007-09-06,HSI,恒生指数,23857.97,24050.4,24089.06,23853.05,0.98
2007-09-07,HSI,恒生指数,24036.36,23982.61,24135.24,23881.72,1.05
2007-09-10,HSI,恒生指数,23584.07,23999.7,24123.66,23578.11,2.27
2007-09-11,HSI,恒生指数,24000.18,23952.24,24157.36,23753.35,1.68
2007-09-12,HSI,恒生指数,24195.38,24310.14,24329.2,24088.11,1.01
2007-09-13,HSI,恒生指数,24475.97,24537.02,24552.18,24216.41,1.38
2007-09-14,HSI,恒生指数,24750.04,24898.11,24978.61,24715.74,1.07
2007-09-17,HSI,恒生指数,24977.42,24599.34,24977.42,24544.74,1.74
2007-09-18,HSI,恒生指数,24503.83,24576.85,24599.31,24368.65,0.94
2007-09-19,HSI,恒生指数,25511.36,25554.64,25648.44,25286.92,1.47
2007-09-20,HSI,恒生指数,25638.31,25701.13,25773.6,25571.15,0.79
2007-09-21,HSI,恒生指数,25659.96,25843.78,25893.2,25554.54,1.32
2007-09-24,HSI,恒生指数,26002.1,26551.94,26635.27,25994.78,2.48
2007-09-25,HSI,恒生指数,26388.86,26430.29,26667.24,26236.73,1.62
2007-09-27,HSI,恒生指数,26664.79,27065.15,27166.01,26664.79,1.9
2007-09-28,HSI,恒生指数,27126.13,27142.47,27254.97,26899.48,1.31
2007-10-02,HSI,恒生指数,27816.92,28199.75,28256.8,27795.55,1.7
2007-10-03,HSI,恒生指数,28163.27,27479.94,28871.04,27245.48,5.76
2007-10-04,HSI,恒生指数,27108.27,26973.98,27423.11,26746.63,2.46
2007-10-05,HSI,恒生指数,27329.65,27831.52,27843.59,27203.91,2.37
2007-10-08,HSI,恒生指数,28233.3,27770.29,28482.42,27651.21,2.99
2007-10-09,HSI,恒生指数,27817.11,28228.04,28238.31,27491.93,2.69
2007-10-10,HSI,恒生指数,28654.95,28569.33,28771.47,28292.9,1.7
2007-10-11,HSI,恒生指数,28689.73,29133.02,29133.76,28609.68,1.83
2007-10-12,HSI,恒生指数,28773.06,28838.37,28935.67,28368.69,1.95
2007-10-15,HSI,恒生指数,29147.84,29540.78,29561.98,28767.41,2.76
2007-10-16,HSI,恒生指数,29238.29,28954.55,29920.25,28884.23,3.51
2007-10-17,HSI,恒生指数,28674.27,29298.71,29310.78,28484.2,2.85
2007-10-18,HSI,恒生指数,30013.48,29465.05,30025.07,29265.47,2.59
2007-10-22,HSI,恒生指数,28336.97,28373.63,28760.55,28336.97,1.44
2007-10-23,HSI,恒生指数,28726.96,29376.86,29418.99,28718.55,2.47
2007-10-24,HSI,恒生指数,29810.38,29333.53,29997.01,29290.72,2.4
2007-10-25,HSI,恒生指数,29660.47,29854.49,29943.39,29314.22,2.14
2007-10-26,HSI,恒生指数,30215.2,30405.22,30562.63,29932.64,2.11
2007-10-29,HSI,恒生指数,30986.22,31586.9,31604.5,30986.22,2.03
2007-10-30,HSI,恒生指数,31361.91,31638.22,31958.41,31361.91,1.89
2007-10-31,HSI,恒生指数,31530.96,31352.58,31556.05,31159.54,1.25
2007-11-01,HSI,恒生指数,31783.47,31492.88,31897.49,31342.05,1.77
2007-11-02,HSI,恒生指数,30580.07,30468.34,30922.31,30366.69,1.76
2007-11-05,HSI,恒生指数,30165.78,28942.32,30356.79,28920.3,4.71
2007-11-06,HSI,恒生指数,29220.04,29438.13,29470.97,28479.03,3.43
2007-11-07,HSI,恒生指数,30054.08,29708.93,30195.64,29596.18,2.04
2007-11-08,HSI,恒生指数,28758.72,28760.22,29009.37,28545.7,1.56
2007-11-09,HSI,恒生指数,28510.53,28783.41,29249.95,28408.53,2.93
2007-11-12,HSI,恒生指数,28061.45,27665.73,28071.53,27468.0,2.1
2007-11-13,HSI,恒生指数,27561.57,27803.35,28010.97,26952.94,3.82
2007-11-14,HSI,恒生指数,28787.4,29166.01,29175.26,28622.97,1.99
2007-11-15,HSI,恒生指数,29078.21,28751.21,29249.99,28730.3,1.78
2007-11-16,HSI,恒生指数,28037.18,27614.43,28120.42,27496.15,2.17
2007-11-19,HSI,恒生指数,27628.97,27460.17,27801.53,27300.29,1.82
2007-11-20,HSI,恒生指数,26583.64,27771.21,27851.31,26404.28,5.27
2007-11-21,HSI,恒生指数,27277.72,26618.19,27303.91,26500.54,2.89
2007-11-22,HSI,恒生指数,26318.21,26004.92,27003.87,25861.73,4.29
2007-11-23,HSI,恒生指数,26484.74,26541.09,26723.34,26305.45,1.61
2007-11-26,HSI,恒生指数,27398.53,27626.62,27643.56,27311.88,1.25
2007-11-27,HSI,恒生指数,26704.76,27210.21,27552.34,26637.61,3.31
2007-11-28,HSI,恒生指数,27315.93,27371.24,27455.81,27028.67,1.57
2007-11-29,HSI,恒生指数,28337.11,28482.54,28667.27,28114.68,2.02
2007-11-30,HSI,恒生指数,28604.68,28643.61,28792.3,28436.71,1.25
2007-12-03,HSI,恒生指数,28825.03,28658.42,29119.73,28658.42,1.61
2007-12-04,HSI,恒生指数,28544.18,28879.59,29020.79,28544.18,1.66
2007-12-05,HSI,恒生指数,28942.23,29345.45,29411.39,28712.47,2.42
2007-12-06,HSI,恒生指数,29769.15,29558.92,29889.35,29530.32,1.22
2007-12-07,HSI,恒生指数,29890.64,28842.47,29962.93,28838.94,3.8
2007-12-10,HSI,恒生指数,29017.7,28501.1,29137.89,28445.67,2.4
2007-12-11,HSI,恒生指数,28947.7,29226.84,29235.21,28726.13,1.79
2007-12-12,HSI,恒生指数,28611.64,28521.06,28777.28,28343.21,1.49
2007-12-13,HSI,恒生指数,28518.78,27744.45,28604.17,27606.23,3.5
2007-12-14,HSI,恒生指数,27708.31,27563.64,27813.82,27245.17,2.05
2007-12-17,HSI,恒生指数,27236.45,26596.58,27245.51,26551.37,2.52
2007-12-18,HSI,恒生指数,26515.09,26732.87,26912.29,26093.96,3.08
2007-12-19,HSI,恒生指数,26880.09,27029.26,27214.65,26670.85,2.03
2007-12-20,HSI,恒生指数,27034.6,27017.09,27203.89,26957.65,0.91
2007-12-21,HSI,恒生指数,27192.8,27626.92,27670.31,27192.8,1.77
2007-12-24,HSI,恒生指数,27965.25,28128.8,28191.26,27954.28,0.86
2007-12-27,HSI,恒生指数,28337.47,27842.93,28343.39,27842.93,1.78
2007-12-28,HSI,恒生指数,27511.54,27370.6,27678.4,27296.86,1.37
2007-12-31,HSI,恒生指数,27437.94,27812.65,27820.14,27437.94,1.4
2008-01-02,HSI,恒生指数,27632.2,27560.52,27853.6,27299.45,1.99
2008-01-03,HSI,恒生指数,27050.03,26887.28,27223.71,26864.13,1.3
2008-01-04,HSI,恒生指数,27004.34,27519.69,27596.86,26994.85,2.24
2008-01-07,HSI,恒生指数,26962.54,27179.49,27186.07,26698.54,1.77
2008-01-08,HSI,恒生指数,27466.96,27112.9,27637.6,27088.7,2.02
2008-01-09,HSI,恒生指数,26847.49,27615.85,27625.83,26757.03,3.2
2008-01-10,HSI,恒生指数,27426.42,27230.86,27596.5,27115.82,1.74
2008-01-11,HSI,恒生指数,27435.51,26867.01,27593.7,26725.95,3.19
2008-01-14,HSI,恒生指数,27019.13,26468.13,27142.88,26464.64,2.52
2008-01-15,HSI,恒生指数,26728.93,25837.78,26800.52,25823.5,3.69
2008-01-16,HSI,恒生指数,25131.11,24450.85,25131.11,24320.03,3.14
2008-01-17,HSI,恒生指数,24705.08,25114.98,25381.91,23957.61,5.83
2008-01-18,HSI,恒生指数,24247.17,25201.87,25378.24,24134.25,4.95
2008-01-21,HSI,恒生指数,24459.02,23818.86,24650.28,23770.13,3.49
2008-01-22,HSI,恒生指数,22624.29,21757.63,22713.69,21709.63,4.22
2008-01-23,HSI,恒生指数,23359.2,24090.17,24239.98,22647.28,7.32
2008-01-24,HSI,恒生指数,24396.85,23539.27,24966.17,23478.87,6.17
2008-01-25,HSI,恒生指数,24801.46,25122.37,25243.58,24483.93,3.23
2008-01-28,HSI,恒生指数,24342.39,24053.61,24384.27,23586.52,3.18
2008-01-29,HSI,恒生指数,24640.1,24291.8,24736.8,24229.14,2.11
2008-01-30,HSI,恒生指数,24605.15,23653.69,24631.59,23586.37,4.3
2008-01-31,HSI,恒生指数,23789.72,23455.74,23887.17,23052.95,3.53
2008-02-01,HSI,恒生指数,23791.92,24123.58,24238.3,23322.05,3.91
2008-02-04,HSI,恒生指数,24885.07,25032.08,25101.41,24728.5,1.55
2008-02-05,HSI,恒生指数,24710.1,24808.7,24961.98,24504.53,1.83
2008-02-06,HSI,恒生指数,23458.15,23469.46,23592.31,23283.97,1.24
2008-02-11,HSI,恒生指数,23404.74,22616.11,23404.74,22569.53,3.56
2008-02-12,HSI,恒生指数,22953.78,22921.67,23146.44,22891.22,1.13
2008-02-13,HSI,恒生指数,23330.09,23169.55,23534.49,22938.05,2.6
2008-02-14,HSI,恒生指数,23893.51,24021.68,24140.29,23756.45,1.66
2008-02-15,HSI,恒生指数,23511.47,24148.43,24208.51,23446.37,3.17
2008-02-18,HSI,恒生指数,24344.27,23759.25,24413.89,23735.87,2.81
2008-02-19,HSI,恒生指数,24040.66,24123.17,24402.64,24025.05,1.59
2008-02-20,HSI,恒生指数,24265.32,23590.58,24265.32,23481.06,3.25
2008-02-21,HSI,恒生指数,23957.64,23623.0,24003.6,23500.95,2.13
2008-02-22,HSI,恒生指数,23233.9,23305.04,23420.35,23077.51,1.45
2008-02-25,HSI,恒生指数,23546.1,23269.14,23552.99,23164.97,1.66
2008-02-26,HSI,恒生指数,23564.77,23714.75,23762.4,23395.26,1.58
2008-02-27,HSI,恒生指数,24161.19,24483.84,24610.41,24111.6,2.1
2008-02-28,HSI,恒生指数,24373.9,24591.69,24841.23,24205.01,2.6
2008-02-29,HSI,恒生指数,24226.83,24331.67,24370.69,24010.48,1.46
2008-03-03,HSI,恒生指数,23491.57,23584.97,23738.67,23458.95,1.15
2008-03-04,HSI,恒生指数,23858.04,23119.87,23923.2,23060.9,3.66
2008-03-05,HSI,恒生指数,23066.64,23114.34,23268.45,22873.31,1.71
2008-03-06,HSI,恒生指数,23360.68,23342.73,23615.18,23254.31,1.56
2008-03-07,HSI,恒生指数,22694.23,22501.33,22836.76,22447.84,1.67
2008-03-10,HSI,恒生指数,22387.25,22705.05,22725.21,22034.76,3.07
2008-03-11,HSI,恒生指数,22634.71,22995.35,22995.35,22263.36,3.22
2008-03-12,HSI,恒生指数,23737.65,23422.76,23737.65,23139.4,2.6
2008-03-13,HSI,恒生指数,22925.42,22301.64,23007.61,22251.24,3.23
2008-03-14,HSI,恒生指数,22536.12,22237.11,22747.14,22151.51,2.67
2008-03-17,HSI,恒生指数,21318.03,21084.61,21473.4,21041.26,1.94
2008-03-18,HSI,恒生指数,21444.61,21384.61,21467.18,20572.92,4.24
2008-03-19,HSI,恒生指数,22191.88,21866.94,22191.88,21779.84,1.93
2008-03-20,HSI,恒生指数,21173.3,21108.22,21471.67,20896.14,2.63
2008-03-25,HSI,恒生指数,21841.78,22464.52,22529.8,21691.55,3.97
2008-03-26,HSI,恒生指数,22581.75,22617.01,22811.35,22428.43,1.7
2008-03-27,HSI,恒生指数,22312.57,22664.22,22758.94,22205.2,2.45
2008-03-28,HSI,恒生指数,22750.31,23285.95,23313.88,22721.22,2.61
2008-03-31,HSI,恒生指数,22997.04,22849.2,23077.84,22700.84,1.62
2008-04-01,HSI,恒生指数,23084.93,23137.46,23305.71,22700.5,2.65
2008-04-02,HSI,恒生指数,24133.77,23872.43,24195.32,23858.89,1.45
2008-04-03,HSI,恒生指数,23947.55,24264.63,24334.19,23937.31,1.66
2008-04-07,HSI,恒生指数,24484.83,24578.76,24642.02,24269.55,1.54
2008-04-08,HSI,恒生指数,24507.07,24311.69,24557.43,24212.6,1.4
2008-04-09,HSI,恒生指数,24293.42,23984.57,24492.03,23921.15,2.35
2008-04-10,HSI,恒生指数,24101.41,24187.1,24214.57,23905.58,1.29
2008-04-11,HSI,恒生指数,24442.27,24667.79,24681.46,24322.11,1.49
2008-04-14,HSI,恒生指数,23968.04,23811.2,24070.26,23753.04,1.29
2008-04-15,HSI,恒生指数,23950.4,23901.33,24043.89,23613.49,1.81
2008-04-16,HSI,恒生指数,24075.68,23878.35,24194.18,23749.68,1.86
2008-04-17,HSI,恒生指数,24369.86,24258.96,24442.07,24150.51,1.22
2008-04-18,HSI,恒生指数,24234.53,24197.78,24400.87,24107.24,1.21
2008-04-21,HSI,恒生指数,24821.0,24721.67,24887.11,24668.28,0.9
2008-04-22,HSI,恒生指数,24460.64,24939.15,24965.74,24413.25,2.23
2008-04-23,HSI,恒生指数,25000.49,25289.24,25361.29,24919.73,1.77
2008-04-24,HSI,恒生指数,25776.29,25680.78,25861.68,25603.57,1.02
2008-04-25,HSI,恒生指数,25852.97,25516.78,25852.97,25437.82,1.62
2008-04-28,HSI,恒生指数,25613.17,25666.29,25717.43,25567.59,0.59
2008-04-29,HSI,恒生指数,25661.96,25914.15,26038.58,25633.47,1.58
2008-04-30,HSI,恒生指数,25998.27,25755.35,26066.5,25731.64,1.29
2008-05-02,HSI,恒生指数,26324.97,26241.02,26374.09,26173.82,0.78
2008-05-05,HSI,恒生指数,26321.61,26183.95,26387.37,26118.61,1.02
2008-05-06,HSI,恒生指数,26084.61,26262.13,26314.99,26072.62,0.93
2008-05-07,HSI,恒生指数,26377.99,25610.21,26377.99,25471.19,3.45
2008-05-08,HSI,恒生指数,25442.52,25449.79,25616.95,25353.51,1.03
2008-05-09,HSI,恒生指数,25401.91,25063.17,25483.76,24911.33,2.25
2008-05-13,HSI,恒生指数,25190.18,25552.77,25601.55,25032.17,2.27
2008-05-14,HSI,恒生指数,25461.37,25533.48,25546.78,25108.06,1.72
2008-05-15,HSI,恒生指数,25719.02,25513.71,25736.56,25208.22,2.07
2008-05-16,HSI,恒生指数,25665.64,25618.86,25748.33,25533.6,0.84
2008-05-19,HSI,恒生指数,25592.21,25742.23,25822.0,25592.21,0.9
2008-05-20,HSI,恒生指数,25692.27,25169.46,25702.87,25042.09,2.57
2008-05-21,HSI,恒生指数,24828.04,25460.29,25498.09,24820.17,2.69
2008-05-22,HSI,恒生指数,24984.28,25043.12,25057.54,24700.49,1.4
2008-05-23,HSI,恒生指数,25085.35,24714.07,25128.44,24693.55,1.74
2008-05-26,HSI,恒生指数,24234.35,24127.31,24331.69,24100.31,0.94
2008-05-27,HSI,恒生指数,24239.05,24282.04,24441.07,24221.28,0.91
2008-05-28,HSI,恒生指数,24209.03,24249.51,24338.68,24178.71,0.66
2008-05-29,HSI,恒生指数,24542.1,24383.99,24542.1,24222.05,1.32
2008-05-30,HSI,恒生指数,24448.37,24533.12,24585.78,24289.85,1.21
2008-06-02,HSI,恒生指数,24542.29,24831.36,24923.28,24453.79,1.91
2008-06-03,HSI,恒生指数,24556.18,24375.76,24590.6,24254.93,1.35
2008-06-04,HSI,恒生指数,24327.72,24123.25,24462.58,24123.25,1.39
2008-06-05,HSI,恒生指数,24150.53,24255.29,24321.66,24003.98,1.32
2008-06-06,HSI,恒生指数,24505.6,24402.18,24524.59,24392.82,0.54
2008-06-10,HSI,恒生指数,23689.16,23375.52,23741.09,23343.19,1.63
2008-06-11,HSI,恒生指数,23288.96,23327.6,23486.17,23178.02,1.32
2008-06-12,HSI,恒生指数,22820.89,23023.86,23023.86,22695.1,1.41
2008-06-13,HSI,恒生指数,22920.77,22592.3,22984.09,22592.3,1.7
2008-06-16,HSI,恒生指数,22814.17,23029.69,23232.99,22814.17,1.85
2008-06-17,HSI,恒生指数,23008.08,23057.99,23128.58,22872.33,1.11
2008-06-18,HSI,恒生指数,23114.45,23325.8,23492.21,22946.96,2.36
2008-06-19,HSI,恒生指数,22849.36,22797.61,22999.67,22733.78,1.14
2008-06-20,HSI,恒生指数,22817.99,22745.6,23411.63,22745.6,2.92
2008-06-23,HSI,恒生指数,22407.09,22714.96,22830.43,22384.58,1.96
2008-06-24,HSI,恒生指数,22697.26,22456.02,22731.49,22456.02,1.21
2008-06-25,HSI,恒生指数,22745.17,22635.16,22827.56,22567.93,1.16
2008-06-26,HSI,恒生指数,22742.54,22455.67,22885.35,22441.47,1.96
2008-06-27,HSI,恒生指数,21901.27,22042.35,22201.47,21773.67,1.91
2008-06-30,HSI,恒生指数,22237.92,22102.01,22237.92,21997.69,1.09
2008-07-02,HSI,恒生指数,21785.39,21704.45,21938.2,21555.53,1.73
2008-07-03,HSI,恒生指数,21389.49,21242.78,21742.07,21163.57,2.67
2008-07-04,HSI,恒生指数,21402.17,21423.82,21534.05,21344.85,0.89
2008-07-07,HSI,恒生指数,21402.7,21913.06,21916.21,21402.7,2.4
2008-07-08,HSI,恒生指数,21632.7,21220.81,21684.21,21098.84,2.67
2008-07-09,HSI,恒生指数,21740.86,21805.81,21954.17,21531.97,1.99
2008-07-10,HSI,恒生指数,21562.07,21821.78,22020.66,21498.87,2.39
2008-07-11,HSI,恒生指数,21834.64,22184.55,22225.38,21761.04,2.13
2008-07-14,HSI,恒生指数,22205.0,22014.46,22360.29,21871.6,2.2
2008-07-15,HSI,恒生指数,21644.04,21174.77,21644.04,21077.24,2.57
2008-07-16,HSI,恒生指数,20988.74,21223.5,21334.38,20988.74,1.63
2008-07-17,HSI,恒生指数,21825.24,21734.72,21892.53,21672.27,1.04
2008-07-18,HSI,恒生指数,22010.94,21874.19,22010.94,21677.15,1.54
2008-07-21,HSI,恒生指数,22523.28,22532.9,22645.52,22455.01,0.87
2008-07-22,HSI,恒生指数,22430.59,22527.48,22690.74,22393.14,1.32
2008-07-23,HSI,恒生指数,22900.77,23134.55,23134.55,22871.04,1.17
2008-07-24,HSI,恒生指数,23330.89,23087.72,23369.05,23062.62,1.32
2008-07-25,HSI,恒生指数,22751.51,22740.71,22843.2,22542.08,1.3
2008-07-28,HSI,恒生指数,22801.85,22687.21,22862.03,22619.23,1.07
2008-07-29,HSI,恒生指数,22265.93,22258.0,22265.93,22089.09,0.78
2008-07-30,HSI,恒生指数,22637.33,22690.6,22751.04,22573.18,0.8
2008-07-31,HSI,恒生指数,22878.76,22731.1,22878.76,22695.73,0.81
2008-08-01,HSI,恒生指数,22497.9,22862.6,22881.27,22207.31,2.96
2008-08-04,HSI,恒生指数,22630.59,22514.92,22713.58,22425.13,1.26
2008-08-05,HSI,恒生指数,22225.06,21949.75,22225.06,21739.22,2.16
2008-08-07,HSI,恒生指数,22403.26,22104.2,22424.54,21915.28,2.32
2008-08-08,HSI,恒生指数,21997.64,21885.21,22230.55,21690.6,2.44
2008-08-11,HSI,恒生指数,22020.54,21859.34,22235.51,21859.34,1.72
2008-08-12,HSI,恒生指数,21992.18,21640.89,22309.33,21640.89,3.06
2008-08-13,HSI,恒生指数,21270.86,21293.32,21665.75,21223.38,2.04
2008-08-14,HSI,恒生指数,21302.7,21392.71,21453.48,21109.01,1.62
2008-08-15,HSI,恒生指数,21383.71,21160.58,21383.71,20994.54,1.82
2008-08-18,HSI,恒生指数,21163.01,20930.67,21206.6,20751.14,2.15
2008-08-19,HSI,恒生指数,20675.75,20484.37,20902.51,20484.37,2.0
2008-08-20,HSI,恒生指数,20388.79,20931.26,20971.19,20388.79,2.84
2008-08-21,HSI,恒生指数,20762.65,20392.06,20762.65,20350.48,1.97
2008-08-25,HSI,恒生指数,20739.48,21104.79,21108.25,20739.48,1.81
2008-08-26,HSI,恒生指数,20849.08,21056.66,21173.56,20785.8,1.84
2008-08-27,HSI,恒生指数,21104.56,21464.72,21464.72,21104.56,1.71
2008-08-28,HSI,恒生指数,21546.94,20972.29,21546.94,20857.03,3.21
2008-08-29,HSI,恒生指数,21289.7,21261.89,21474.31,21223.99,1.19
2008-09-01,HSI,恒生指数,20999.32,20906.31,21031.08,20844.15,0.88
2008-09-02,HSI,恒生指数,20956.94,21042.46,21066.58,20595.59,2.25
2008-09-03,HSI,恒生指数,20964.75,20585.06,20964.75,20526.73,2.08
2008-09-04,HSI,恒生指数,20545.38,20389.48,20621.48,20356.51,1.29
2008-09-05,HSI,恒生指数,19833.87,19933.28,19987.15,19708.39,1.37
2008-09-08,HSI,恒生指数,20840.69,20794.27,20840.69,20637.99,1.02
2008-09-09,HSI,恒生指数,20439.47,20491.11,20543.15,20299.97,1.17
2008-09-10,HSI,恒生指数,20114.86,19999.78,20283.99,19951.36,1.62
2008-09-11,HSI,恒生指数,19854.82,19388.72,19854.82,19220.28,3.17
2008-09-12,HSI,恒生指数,19432.72,19352.9,19525.55,19157.73,1.9
2008-09-16,HSI,恒生指数,18325.65,18300.61,18538.51,18019.2,2.68
2008-09-17,HSI,恒生指数,18691.3,17637.19,18699.18,17637.19,5.8
2008-09-18,HSI,恒生指数,17120.23,17632.46,17849.97,16283.72,8.88
2008-09-19,HSI,恒生指数,18878.26,19327.73,19327.73,18588.11,4.19
2008-09-22,HSI,恒生指数,19869.02,19632.2,19869.02,19137.67,3.78
2008-09-23,HSI,恒生指数,19178.49,18872.85,19302.76,18872.85,2.19
2008-09-24,HSI,恒生指数,18954.32,18961.99,19291.02,18862.9,2.27
2008-09-25,HSI,恒生指数,19003.22,18934.43,19248.72,18870.11,2.0
2008-09-26,HSI,恒生指数,18909.59,18682.09,18936.94,18500.11,2.31
2008-09-29,HSI,恒生指数,18742.25,17880.68,18742.25,17796.34,5.06
2008-09-30,HSI,恒生指数,16898.33,18016.21,18029.77,16799.29,6.88
2008-10-02,HSI,恒生指数,17870.43,18211.11,18285.68,17631.7,3.63
2008-10-03,HSI,恒生指数,17788.99,17682.4,17926.14,17682.4,1.34
2008-10-06,HSI,恒生指数,17156.21,16803.76,17241.78,16790.86,2.55
2008-10-08,HSI,恒生指数,16107.98,15431.73,16422.52,15431.73,5.9
2008-10-09,HSI,恒生指数,15598.24,15943.24,15990.2,15550.86,2.85
2008-10-10,HSI,恒生指数,14717.52,14796.87,14910.55,14398.54,3.21
2008-10-13,HSI,恒生指数,15156.16,16312.16,16376.42,14754.64,10.96
2008-10-14,HSI,恒生指数,17141.05,16832.88,17141.05,16615.01,3.22
2008-10-15,HSI,恒生指数,16609.09,15998.3,16609.09,15961.92,3.84
2008-10-16,HSI,恒生指数,14902.34,15230.52,15230.52,14578.54,4.08
2008-10-17,HSI,恒生指数,15081.46,14554.21,15300.07,14554.21,4.9
2008-10-20,HSI,恒生指数,14691.9,15323.01,15472.68,14691.79,5.37
2008-10-21,HSI,恒生指数,15616.96,15041.17,15616.96,14884.07,4.78
2008-10-22,HSI,恒生指数,14878.21,14266.6,15161.69,14038.41,7.47
2008-10-23,HSI,恒生指数,13596.31,13760.49,14032.25,13403.35,4.41
2008-10-24,HSI,恒生指数,13478.63,12618.38,13478.63,12618.38,6.25
2008-10-27,HSI,恒生指数,12372.75,11015.84,12736.85,10676.29,16.33
2008-10-28,HSI,恒生指数,11154.57,12596.29,12596.29,11133.94,13.27
2008-10-29,HSI,恒生指数,12807.35,12702.07,13307.42,12333.94,7.73
2008-10-30,HSI,恒生指数,13280.44,14329.85,14329.85,13280.44,8.26
2008-10-31,HSI,恒生指数,14037.37,13968.67,14122.78,13517.42,4.22
2008-11-03,HSI,恒生指数,14436.03,14344.37,14889.13,14272.17,4.42
2008-11-04,HSI,恒生指数,14337.62,14384.34,14539.59,13853.16,4.79
2008-11-05,HSI,恒生指数,15045.53,14840.16,15317.83,14750.04,3.95
2008-11-06,HSI,恒生指数,14081.76,13790.04,14081.76,13674.07,2.75
2008-11-07,HSI,恒生指数,13273.09,14243.43,14254.22,13273.09,7.11
2008-11-10,HSI,恒生指数,15033.18,14744.63,15147.96,14453.62,4.87
2008-11-11,HSI,恒生指数,14322.95,14040.9,14853.83,13926.71,6.29
2008-11-12,HSI,恒生指数,14155.26,13939.09,14256.06,13626.31,4.49
2008-11-13,HSI,恒生指数,13068.93,13221.35,13373.11,12943.11,3.08
2008-11-14,HSI,恒生指数,13749.53,13542.66,13749.53,13493.86,1.93
2008-11-17,HSI,恒生指数,13584.35,13529.53,13738.12,13277.64,3.4
2008-11-18,HSI,恒生指数,13298.88,12915.89,13363.57,12676.28,5.08
2008-11-19,HSI,恒生指数,12827.37,12815.8,13179.33,12738.53,3.41
2008-11-20,HSI,恒生指数,12170.98,12298.56,12298.56,11976.88,2.51
2008-11-21,HSI,恒生指数,11814.81,12659.2,13048.5,11814.81,10.03
2008-11-24,HSI,恒生指数,12239.49,12457.94,12707.23,12239.49,3.69
2008-11-25,HSI,恒生指数,13012.0,12878.6,13090.88,12767.44,2.6
2008-11-26,HSI,恒生指数,12990.35,13369.45,13369.45,12990.35,2.94
2008-11-27,HSI,恒生指数,13901.45,13552.06,13930.91,13332.93,4.47
2008-11-28,HSI,恒生指数,13550.29,13888.24,13896.49,13550.29,2.55
2008-12-01,HSI,恒生指数,13775.28,14108.84,14253.66,13659.44,4.28
2008-12-02,HSI,恒生指数,13373.02,13405.85,13513.5,13344.6,1.2
2008-12-03,HSI,恒生指数,13598.6,13588.66,13778.05,13573.43,1.53
2008-12-04,HSI,恒生指数,13857.29,13509.78,13883.87,13459.61,3.12
2008-12-05,HSI,恒生指数,13718.92,13846.09,13875.14,13656.92,1.62
2008-12-08,HSI,恒生指数,14303.25,15044.87,15044.87,14303.25,5.36
2008-12-09,HSI,恒生指数,15032.33,14753.22,15205.32,14717.47,3.24
2008-12-10,HSI,恒生指数,14946.0,15577.74,15578.96,14946.0,4.29
2008-12-11,HSI,恒生指数,15533.62,15613.9,15781.05,15337.73,2.85
2008-12-12,HSI,恒生指数,15287.7,14758.39,15393.09,14479.23,5.85
2008-12-15,HSI,恒生指数,15363.49,15046.95,15386.9,15007.42,2.57
2008-12-16,HSI,恒生指数,15018.46,15130.21,15217.25,14819.73,2.64
2008-12-17,HSI,恒生指数,15544.97,15460.52,15557.45,15179.38,2.5
2008-12-18,HSI,恒生指数,15335.3,15497.81,15548.26,15301.16,1.6
2008-12-19,HSI,恒生指数,15235.22,15127.51,15444.28,15014.98,2.77
2008-12-22,HSI,恒生指数,15177.12,14622.39,15227.43,14622.39,4.0
2008-12-23,HSI,恒生指数,14472.03,14220.79,14491.75,14084.86,2.78
2008-12-24,HSI,恒生指数,13855.89,14184.14,14300.7,13855.89,3.13
2008-12-29,HSI,恒生指数,14080.86,14328.48,14332.02,13924.32,2.87
2008-12-30,HSI,恒生指数,14476.74,14235.5,14513.48,14189.08,2.26
2008-12-31,HSI,恒生指数,14377.51,14387.48,14527.1,14302.15,1.58
2009-01-02,HSI,恒生指数,14448.22,15042.81,15042.81,14412.12,4.38
2009-01-05,HSI,恒生指数,15349.33,15563.31,15563.31,15128.32,2.89
2009-01-06,HSI,恒生指数,15612.47,15509.51,15651.61,15367.93,1.82
2009-01-07,HSI,恒生指数,15759.53,14987.46,15763.55,14976.74,5.07
2009-01-08,HSI,恒生指数,14755.81,14415.91,14755.81,14334.15,2.81
2009-01-09,HSI,恒生指数,14530.83,14377.44,14673.6,14297.41,2.61
2009-01-12,HSI,恒生指数,14312.26,13971.0,14312.26,13895.04,2.9
2009-01-13,HSI,恒生指数,13930.27,13668.05,14118.93,13644.54,3.4
2009-01-14,HSI,恒生指数,13807.03,13704.61,14019.03,13674.96,2.52
2009-01-15,HSI,恒生指数,13136.23,13242.96,13300.75,12904.05,2.89
2009-01-16,HSI,恒生指数,13278.97,13255.51,13423.24,13113.45,2.34
2009-01-19,HSI,恒生指数,13414.09,13339.99,13519.18,13097.5,3.18
2009-01-20,HSI,恒生指数,12854.4,12959.77,13160.87,12816.25,2.58
2009-01-21,HSI,恒生指数,12534.6,12583.63,12762.54,12439.13,2.5
2009-01-22,HSI,恒生指数,12844.37,12657.99,12895.25,12657.1,1.89
2009-01-23,HSI,恒生指数,12542.01,12578.6,12734.8,12469.84,2.09
2009-01-29,HSI,恒生指数,13560.07,13154.43,13560.07,13109.27,3.58
2009-01-30,HSI,恒生指数,12958.08,13278.21,13390.12,12899.57,3.73
2009-02-02,HSI,恒生指数,13194.0,12861.49,13239.5,12733.35,3.81
2009-02-03,HSI,恒生指数,12991.49,12776.89,13065.97,12729.04,2.62
2009-02-04,HSI,恒生指数,13029.42,13063.89,13108.74,12975.3,1.04
2009-02-05,HSI,恒生指数,13084.79,13178.9,13492.53,13018.64,3.63
2009-02-06,HSI,恒生指数,13535.76,13655.04,13660.24,13322.62,2.56
2009-02-09,HSI,恒生指数,13865.59,13769.06,13865.59,13561.54,2.23
2009-02-10,HSI,恒生指数,13787.12,13880.64,13976.31,13663.41,2.27
2009-02-11,HSI,恒生指数,13546.14,13539.21,13600.02,13363.06,1.71
2009-02-12,HSI,恒生指数,13439.58,13228.3,13478.66,13174.01,2.25
2009-02-13,HSI,恒生指数,13314.81,13554.67,13576.32,13314.02,1.98
2009-02-16,HSI,恒生指数,13559.82,13455.88,13559.82,13257.35,2.23
2009-02-17,HSI,恒生指数,13195.51,12945.4,13195.51,12933.91,1.94
2009-02-18,HSI,恒生指数,12783.79,13016.0,13031.28,12712.33,2.46
2009-02-19,HSI,恒生指数,12873.1,13023.36,13055.72,12788.08,2.06
2009-02-20,HSI,恒生指数,12719.14,12699.17,12816.79,12669.57,1.13
2009-02-23,HSI,恒生指数,12777.96,13175.1,13207.98,12777.96,3.39
2009-02-24,HSI,恒生指数,12789.29,12798.52,12814.37,12634.84,1.36
2009-02-25,HSI,恒生指数,12979.86,13005.08,13148.31,12858.28,2.27
2009-02-26,HSI,恒生指数,13070.41,12894.94,13071.58,12691.96,2.92
2009-02-27,HSI,恒生指数,12929.99,12811.57,13032.3,12799.81,1.8
2009-03-02,HSI,恒生指数,12522.61,12317.46,12576.45,12296.86,2.18
2009-03-03,HSI,恒生指数,11967.07,12033.88,12192.35,11849.17,2.79
2009-03-04,HSI,恒生指数,11880.17,12331.15,12423.69,11880.17,4.52
2009-03-05,HSI,恒生指数,12488.33,12211.24,12488.33,12163.55,2.63
2009-03-06,HSI,恒生指数,12041.82,11921.52,12146.16,11921.52,1.84
2009-03-09,HSI,恒生指数,11872.46,11344.58,11927.89,11344.58,4.89
2009-03-10,HSI,恒生指数,11542.88,11694.05,11747.11,11542.88,1.8
2009-03-11,HSI,恒生指数,12228.22,11930.66,12228.22,11904.61,2.77
2009-03-12,HSI,恒生指数,11905.47,12001.53,12040.84,11848.5,1.61
2009-03-13,HSI,恒生指数,12395.18,12525.8,12525.8,12303.7,1.85
2009-03-16,HSI,恒生指数,12657.87,12976.71,12976.71,12615.45,2.88
2009-03-17,HSI,恒生指数,12948.85,12878.09,13226.31,12854.05,2.87
2009-03-18,HSI,恒生指数,13052.95,13117.17,13167.2,13020.8,1.14
2009-03-19,HSI,恒生指数,13205.17,13130.92,13205.17,12947.9,1.96
2009-03-20,HSI,恒生指数,13157.9,12833.51,13157.9,12797.1,2.75
2009-03-23,HSI,恒生指数,13001.55,13447.42,13451.02,13001.55,3.5
2009-03-24,HSI,恒生指数,13773.17,13910.34,13952.98,13538.16,3.08
2009-03-25,HSI,恒生指数,13754.77,13622.11,13892.88,13567.45,2.34
2009-03-26,HSI,恒生指数,13821.28,14108.98,14132.09,13819.1,2.3
2009-03-27,HSI,恒生指数,14257.56,14119.5,14257.56,13955.66,2.14
2009-03-30,HSI,恒生指数,13893.15,13456.33,13893.15,13413.48,3.4
2009-03-31,HSI,恒生指数,13545.36,13576.02,13696.69,13428.31,1.99
2009-04-01,HSI,恒生指数,13746.18,13519.54,13788.41,13411.79,2.77
2009-04-02,HSI,恒生指数,13963.34,14521.97,14533.34,13953.56,4.29
2009-04-03,HSI,恒生指数,14547.52,14545.69,14644.82,14392.19,1.74
2009-04-06,HSI,恒生指数,14920.84,14998.04,15147.06,14778.51,2.53
2009-04-07,HSI,恒生指数,14922.09,14928.97,14994.76,14743.71,1.67
2009-04-08,HSI,恒生指数,14715.7,14474.86,14715.7,14276.35,2.94
2009-04-09,HSI,恒生指数,14677.85,14901.41,14987.41,14656.16,2.29
2009-04-14,HSI,恒生指数,15302.14,15580.16,15596.34,15140.39,3.06
2009-04-15,HSI,恒生指数,15344.59,15669.62,15669.85,15213.39,2.93
2009-04-16,HSI,恒生指数,15928.82,15582.99,15977.13,15517.39,2.93
2009-04-17,HSI,恒生指数,15956.46,15601.27,15956.46,15541.31,2.66
2009-04-20,HSI,恒生指数,15574.32,15750.91,15878.4,15382.96,3.18
2009-04-21,HSI,恒生指数,15065.59,15285.89,15332.27,15065.59,1.69
2009-04-22,HSI,恒生指数,15328.83,14878.45,15396.28,14830.59,3.7
2009-04-23,HSI,恒生指数,14958.24,15214.46,15222.2,14867.59,2.38
2009-04-24,HSI,恒生指数,15217.37,15258.85,15367.48,15062.29,2.01
2009-04-27,HSI,恒生指数,15160.69,14840.42,15160.69,14798.9,2.37
2009-04-28,HSI,恒生指数,15057.25,14555.11,15078.63,14457.99,4.18
2009-04-29,HSI,恒生指数,14767.92,14956.95,14983.66,14714.51,1.85
2009-04-30,HSI,恒生指数,15369.11,15520.99,15587.29,15204.1,2.56
2009-05-04,HSI,恒生指数,15869.28,16381.05,16387.12,15855.24,3.43
2009-05-05,HSI,恒生指数,16572.0,16430.08,16580.54,16295.86,1.74
2009-05-06,HSI,恒生指数,16348.76,16834.57,16885.92,16268.03,3.76
2009-05-07,HSI,恒生指数,17278.31,17217.89,17327.52,16880.6,2.65
2009-05-08,HSI,恒生指数,17149.31,17389.87,17442.96,16970.2,2.75
2009-05-11,HSI,恒生指数,17381.0,17087.95,17685.64,17032.44,3.76
2009-05-12,HSI,恒生指数,16996.21,17153.64,17239.65,16908.06,1.94
2009-05-13,HSI,恒生指数,17097.82,17059.62,17372.15,17014.86,2.08
2009-05-14,HSI,恒生指数,16630.33,16541.69,16630.33,16422.28,1.22
2009-05-15,HSI,恒生指数,16818.81,16790.7,16953.41,16736.18,1.31
2009-05-18,HSI,恒生指数,16468.71,17022.91,17062.49,16334.36,4.34
2009-05-19,HSI,恒生指数,17454.23,17544.03,17588.93,17376.43,1.25
2009-05-20,HSI,恒生指数,17486.39,17475.84,17611.0,17362.37,1.42
2009-05-21,HSI,恒生指数,17291.44,17199.49,17415.26,17172.64,1.39
2009-05-22,HSI,恒生指数,17169.57,17062.52,17299.26,16740.27,3.25
2009-05-25,HSI,恒生指数,16999.05,17121.82,17264.42,16789.0,2.79
2009-05-26,HSI,恒生指数,17050.34,16991.56,17283.89,16977.71,1.79
2009-05-27,HSI,恒生指数,17395.61,17885.27,17984.02,17347.89,3.74
2009-05-29,HSI,恒生指数,18027.93,18171.0,18227.79,17833.74,2.2
2009-06-01,HSI,恒生指数,18499.92,18888.59,18895.8,18415.41,2.64
2009-06-02,HSI,恒生指数,18916.61,18389.08,18916.61,18300.62,3.26
2009-06-03,HSI,恒生指数,18616.94,18576.47,18967.39,18508.3,2.5
2009-06-04,HSI,恒生指数,18417.9,18502.77,18522.39,18108.8,2.23
2009-06-05,HSI,恒生指数,18674.48,18679.53,18722.49,18406.86,1.71
2009-06-08,HSI,恒生指数,18521.79,18253.39,18636.15,18236.05,2.14
2009-06-09,HSI,恒生指数,18450.64,18058.49,18475.51,17710.45,4.19
2009-06-10,HSI,恒生指数,18339.91,18785.66,18789.85,18258.16,2.94
2009-06-11,HSI,恒生指数,18578.89,18791.03,18883.24,18564.87,1.69
2009-06-12,HSI,恒生指数,19034.79,18889.68,19161.97,18707.19,2.42
2009-06-15,HSI,恒生指数,18712.06,18498.96,18872.74,18433.3,2.33
2009-06-16,HSI,恒生指数,18235.97,18165.5,18314.96,17859.74,2.46
2009-06-17,HSI,恒生指数,17984.83,18084.6,18255.13,17833.77,2.32
2009-06-18,HSI,恒生指数,17955.68,17776.66,18069.76,17655.82,2.29
2009-06-19,HSI,恒生指数,17936.33,17920.93,18015.11,17759.86,1.44
2009-06-22,HSI,恒生指数,17906.39,18059.55,18398.92,17906.39,2.75
2009-06-23,HSI,恒生指数,17577.73,17538.37,17682.87,17375.96,1.7
2009-06-24,HSI,恒生指数,17583.35,17892.15,17912.07,17484.06,2.44
2009-06-25,HSI,恒生指数,18140.16,18275.03,18340.91,18069.37,1.52
2009-06-26,HSI,恒生指数,18408.37,18600.26,18688.11,18360.71,1.79
2009-06-29,HSI,恒生指数,18561.11,18528.51,18687.36,18451.76,1.27
2009-06-30,HSI,恒生指数,18883.24,18378.73,18883.24,18364.81,2.8
2009-07-02,HSI,恒生指数,18780.96,18178.05,18780.96,18053.1,3.96
2009-07-03,HSI,恒生指数,17961.18,18203.4,18234.24,17894.81,1.87
2009-07-06,HSI,恒生指数,18020.1,17979.41,18258.26,17897.68,1.98
2009-07-07,HSI,恒生指数,17943.49,17862.27,18159.99,17821.71,1.88
2009-07-08,HSI,恒生指数,17652.98,17721.07,17819.31,17493.62,1.82
2009-07-09,HSI,恒生指数,17793.61,17790.59,17836.95,17509.28,1.85
2009-07-10,HSI,恒生指数,17800.05,17708.42,17851.22,17645.55,1.16
2009-07-13,HSI,恒生指数,17612.45,17254.63,17612.45,17185.96,2.41
2009-07-14,HSI,恒生指数,17631.67,17885.73,17896.36,17581.43,1.83
2009-07-15,HSI,恒生指数,18042.59,18258.66,18289.0,18030.1,1.45
2009-07-16,HSI,恒生指数,18688.87,18361.87,18700.6,18303.58,2.17
2009-07-17,HSI,恒生指数,18551.91,18805.66,18855.86,18457.42,2.17
2009-07-20,HSI,恒生指数,19005.19,19502.37,19506.42,18960.54,2.9
2009-07-21,HSI,恒生指数,19601.86,19501.73,19601.86,19295.23,1.57
2009-07-22,HSI,恒生指数,19560.42,19248.17,19641.75,19224.05,2.14
2009-07-23,HSI,恒生指数,19431.92,19817.7,19824.18,19415.37,2.12
2009-07-24,HSI,恒生指数,20063.93,19982.79,20063.93,19715.15,1.76
2009-07-27,HSI,恒生指数,20170.73,20251.62,20385.69,20096.17,1.45
2009-07-28,HSI,恒生指数,20261.94,20624.54,20664.48,20109.55,2.74
2009-07-29,HSI,恒生指数,20404.51,20135.5,20542.61,19787.48,3.66
2009-07-30,HSI,恒生指数,20150.26,20234.08,20359.79,19955.32,2.01
2009-07-31,HSI,恒生指数,20546.07,20573.33,20712.66,20474.05,1.18
2009-08-03,HSI,恒生指数,20582.68,20807.26,20816.61,20449.19,1.79
2009-08-04,HSI,恒生指数,21196.75,20796.43,21196.75,20748.61,2.15
2009-08-05,HSI,恒生指数,20779.77,20494.77,20995.81,20436.65,2.69
2009-08-06,HSI,恒生指数,20484.34,20899.24,20904.93,20339.87,2.76
2009-08-07,HSI,恒生指数,20708.12,20375.37,20759.56,20316.78,2.12
2009-08-10,HSI,恒生指数,20758.52,20929.52,21010.47,20730.41,1.37
2009-08-11,HSI,恒生指数,20774.97,21074.21,21088.07,20733.34,1.69
2009-08-12,HSI,恒生指数,20725.9,20435.24,20725.9,20417.76,1.46
2009-08-13,HSI,恒生指数,20767.86,20861.3,20943.86,20746.92,0.96
2009-08-14,HSI,恒生指数,21023.96,20893.33,21037.17,20639.56,1.91
2009-08-17,HSI,恒生指数,20467.3,20137.65,20471.77,20058.1,1.98
2009-08-18,HSI,恒生指数,20125.55,20306.27,20409.19,19916.28,2.45
2009-08-19,HSI,恒生指数,20195.09,19954.23,20352.94,19824.86,2.6
2009-08-20,HSI,恒生指数,20282.72,20328.86,20465.22,20196.33,1.35
2009-08-21,HSI,恒生指数,20288.56,20199.02,20439.42,20002.78,2.15
2009-08-24,HSI,恒生指数,20649.96,20535.94,20649.96,20433.61,1.07
2009-08-25,HSI,恒生指数,20246.79,20435.24,20476.25,20143.51,1.62
2009-08-26,HSI,恒生指数,20542.76,20456.32,20576.6,20401.74,0.86
2009-08-27,HSI,恒生指数,20289.34,20242.75,20364.4,20147.34,1.06
2009-08-28,HSI,恒生指数,20409.13,20098.62,20409.13,20004.7,2.0
2009-08-31,HSI,恒生指数,19827.13,19724.19,19827.13,19592.07,1.17
2009-09-01,HSI,恒生指数,19961.74,19872.3,19961.74,19734.27,1.15
2009-09-02,HSI,恒生指数,19560.27,19522.0,19611.07,19425.86,0.93
2009-09-03,HSI,恒生指数,19526.89,19761.68,19823.03,19526.89,1.52
2009-09-04,HSI,恒生指数,19830.02,20318.62,20413.61,19744.45,3.39
2009-09-07,HSI,恒生指数,20502.85,20629.31,20667.58,20446.16,1.09
2009-09-08,HSI,恒生指数,20617.4,21069.81,21133.71,20617.4,2.5
2009-09-09,HSI,恒生指数,21085.09,20851.04,21085.09,20825.16,1.23
2009-09-10,HSI,恒生指数,21131.08,21069.56,21322.55,21020.92,1.45
2009-09-11,HSI,恒生指数,21122.31,21161.42,21306.11,20980.15,1.55
2009-09-14,HSI,恒生指数,20841.51,20932.2,21045.0,20821.59,1.06
2009-09-15,HSI,恒生指数,21049.22,20866.37,21049.22,20819.93,1.1
2009-09-16,HSI,恒生指数,21086.75,21402.92,21403.13,20950.38,2.17
2009-09-17,HSI,恒生指数,21674.71,21768.51,21929.79,21636.52,1.37
2009-09-18,HSI,恒生指数,21640.97,21623.45,21765.98,21515.93,1.15
2009-09-21,HSI,恒生指数,21574.94,21472.85,21730.71,21457.35,1.26
2009-09-22,HSI,恒生指数,21556.69,21701.14,21704.14,21491.69,0.99
2009-09-23,HSI,恒生指数,21655.62,21595.52,21742.39,21524.33,1.0
2009-09-24,HSI,恒生指数,21386.47,21050.73,21399.23,20963.37,2.02
2009-09-25,HSI,恒生指数,20810.81,21024.4,21065.73,20766.46,1.42
2009-09-28,HSI,恒生指数,20798.52,20588.41,20829.51,20534.82,1.4
2009-09-29,HSI,恒生指数,20889.81,21013.17,21087.25,20889.81,0.96
2009-09-30,HSI,恒生指数,20981.13,20955.25,21090.49,20792.98,1.42
2009-10-02,HSI,恒生指数,20380.23,20375.49,20470.92,20323.59,0.7
2009-10-05,HSI,恒生指数,20342.58,20429.07,20489.95,20305.06,0.91
2009-10-06,HSI,恒生指数,20509.64,20811.53,20824.13,20509.64,1.54
2009-10-07,HSI,恒生指数,21074.98,21241.59,21343.75,21072.59,1.3
2009-10-08,HSI,恒生指数,21418.27,21492.9,21524.05,21284.42,1.13
2009-10-09,HSI,恒生指数,21572.7,21499.44,21572.7,21421.77,0.7
2009-10-12,HSI,恒生指数,21623.33,21299.35,21623.33,21262.71,1.68
2009-10-13,HSI,恒生指数,21371.82,21467.36,21679.15,21371.82,1.44
2009-10-14,HSI,恒生指数,21564.33,21886.48,21893.42,21562.66,1.54
2009-10-15,HSI,恒生指数,22209.19,21999.08,22250.35,21971.48,1.27
2009-10-16,HSI,恒生指数,22138.06,21929.9,22143.01,21899.17,1.11
2009-10-19,HSI,恒生指数,21761.83,22200.46,22250.23,21761.83,2.23
2009-10-20,HSI,恒生指数,22260.41,22384.96,22451.62,22260.41,0.86
2009-10-21,HSI,恒生指数,22299.65,22318.11,22407.14,22200.64,0.92
2009-10-22,HSI,恒生指数,22237.37,22210.52,22266.74,22002.79,1.18
2009-10-23,HSI,恒生指数,22438.9,22589.73,22620.01,22407.4,0.96
2009-10-27,HSI,恒生指数,22016.79,22169.59,22277.06,22016.79,1.15
2009-10-28,HSI,恒生指数,22004.55,21761.58,22149.04,21740.33,1.84
2009-10-29,HSI,恒生指数,21290.09,21264.99,21346.55,21134.33,0.98
2009-10-30,HSI,恒生指数,21720.41,21752.87,21953.59,21720.41,1.1
2009-11-02,HSI,恒生指数,21194.12,21620.19,21632.9,21130.9,2.31
2009-11-03,HSI,恒生指数,21598.63,21240.06,21684.73,21223.42,2.13
2009-11-04,HSI,恒生指数,21396.5,21614.77,21699.84,21360.66,1.6
2009-11-05,HSI,恒生指数,21405.06,21479.08,21549.1,21372.99,0.81
2009-11-06,HSI,恒生指数,21866.72,21829.72,21931.36,21780.57,0.7
2009-11-09,HSI,恒生指数,22004.51,22207.55,22214.85,21941.62,1.25
2009-11-10,HSI,恒生指数,22556.56,22268.16,22556.56,22200.24,1.6
2009-11-11,HSI,恒生指数,22534.14,22627.21,22643.66,22396.04,1.11
2009-11-12,HSI,恒生指数,22660.47,22397.57,22707.36,22359.09,1.54
2009-11-13,HSI,恒生指数,22381.34,22553.63,22585.53,22343.99,1.08
2009-11-16,HSI,恒生指数,22789.99,22943.98,22998.85,22770.69,1.01
2009-11-17,HSI,恒生指数,23000.37,22914.15,23000.37,22798.02,0.88
2009-11-18,HSI,恒生指数,22974.36,22840.33,23099.57,22645.74,1.98
2009-11-19,HSI,恒生指数,22894.84,22643.16,22894.84,22587.18,1.35
2009-11-20,HSI,恒生指数,22486.56,22455.84,22584.55,22376.36,0.92
2009-11-23,HSI,恒生指数,22541.69,22771.39,22794.13,22490.34,1.35
2009-11-24,HSI,恒生指数,22697.62,22423.14,22813.93,22395.38,1.84
2009-11-25,HSI,恒生指数,22505.93,22611.8,22638.89,22336.07,1.35
2009-11-26,HSI,恒生指数,22580.25,22210.41,22580.25,22108.26,2.09
2009-11-27,HSI,恒生指数,21623.92,21134.5,21685.13,21002.49,3.07
2009-11-30,HSI,恒生指数,21687.69,21821.5,21924.08,21687.69,1.12
2009-12-01,HSI,恒生指数,21813.42,22113.15,22130.75,21789.41,1.56
2009-12-02,HSI,恒生指数,22402.51,22289.57,22439.36,22266.69,0.78
2009-12-03,HSI,恒生指数,22503.68,22553.87,22593.72,22333.67,1.17
2009-12-04,HSI,恒生指数,22400.49,22498.15,22528.84,22240.86,1.28
2009-12-07,HSI,恒生指数,22387.23,22324.96,22476.62,22256.11,0.98
2009-12-08,HSI,恒生指数,22306.17,22060.52,22306.17,22055.02,1.12
2009-12-09,HSI,恒生指数,21905.8,21741.76,22034.81,21658.27,1.71
2009-12-10,HSI,恒生指数,21939.12,21700.04,21981.38,21565.58,1.91
2009-12-11,HSI,恒生指数,21796.83,21902.11,22143.84,21796.83,1.6
2009-12-14,HSI,恒生指数,21638.97,22085.75,22225.77,21546.53,3.1
2009-12-15,HSI,恒生指数,22032.16,21813.92,22032.16,21779.92,1.14
2009-12-16,HSI,恒生指数,21840.25,21611.74,21907.29,21517.59,1.79
2009-12-17,HSI,恒生指数,21665.79,21347.63,21665.79,21218.9,2.07
2009-12-18,HSI,恒生指数,21162.43,21175.88,21281.91,21078.2,0.95
2009-12-21,HSI,恒生指数,21110.24,20948.1,21178.45,20932.77,1.16
2009-12-22,HSI,恒生指数,21151.85,21092.04,21229.71,21029.28,0.96
2009-12-23,HSI,恒生指数,21115.88,21328.74,21339.18,21017.02,1.53
2009-12-24,HSI,恒生指数,21378.79,21517.0,21591.99,21357.29,1.1
2009-12-28,HSI,恒生指数,21622.13,21480.22,21739.39,21474.11,1.23
2009-12-29,HSI,恒生指数,21544.44,21499.44,21608.98,21392.9,1.01
2009-12-30,HSI,恒生指数,21469.33,21496.62,21620.74,21320.11,1.4
2009-12-31,HSI,恒生指数,21654.25,21872.5,21886.32,21587.48,1.39
2010-01-04,HSI,恒生指数,21860.04,21823.28,22024.83,21689.22,1.53
2010-01-05,HSI,恒生指数,22092.15,22279.58,22297.04,21987.27,1.42
2010-01-06,HSI,恒生指数,22357.46,22416.67,22514.79,22277.13,1.07
2010-01-07,HSI,恒生指数,22548.03,22269.45,22548.03,22169.61,1.69
2010-01-08,HSI,恒生指数,22282.75,22296.75,22443.22,22206.16,1.06
2010-01-11,HSI,恒生指数,22524.18,22411.52,22671.92,22373.96,1.34
2010-01-12,HSI,恒生指数,22378.23,22326.64,22476.12,22192.98,1.26
2010-01-13,HSI,恒生指数,21990.68,21748.6,22012.04,21688.17,1.45
2010-01-14,HSI,恒生指数,21871.01,21716.95,21988.93,21707.1,1.3
2010-01-15,HSI,恒生指数,21715.09,21654.16,21788.85,21581.07,0.96
2010-01-18,HSI,恒生指数,21418.34,21460.01,21645.68,21320.97,1.5
2010-01-19,HSI,恒生指数,21481.11,21677.98,21681.69,21335.6,1.61
2010-01-20,HSI,恒生指数,21543.25,21286.17,21561.56,21171.3,1.8
2010-01-21,HSI,恒生指数,21192.83,20862.67,21272.26,20828.24,2.09
2010-01-22,HSI,恒生指数,20519.01,20726.18,20738.99,20250.36,2.34
2010-01-25,HSI,恒生指数,20447.79,20598.55,20619.7,20422.67,0.95
2010-01-26,HSI,恒生指数,20560.11,20109.33,20560.11,20046.6,2.49
2010-01-27,HSI,恒生指数,20185.8,20033.07,20340.82,19923.55,2.08
2010-01-28,HSI,恒生指数,20202.33,20356.37,20437.56,20170.15,1.33
2010-01-29,HSI,恒生指数,20026.52,20121.99,20327.69,19916.34,2.02
2010-02-01,HSI,恒生指数,19987.67,20243.75,20254.24,19845.93,2.03
2010-02-02,HSI,恒生指数,20432.96,20272.18,20533.96,20181.28,1.74
2010-02-03,HSI,恒生指数,20486.15,20722.08,20780.5,20315.31,2.29
2010-02-04,HSI,恒生指数,20534.74,20341.64,20554.2,20316.33,1.15
2010-02-05,HSI,恒生指数,19706.24,19665.08,19822.93,19655.88,0.82
2010-02-08,HSI,恒生指数,19614.85,19550.89,19673.11,19423.05,1.27
2010-02-09,HSI,恒生指数,19493.5,19790.28,19843.87,19461.2,1.96
2010-02-10,HSI,恒生指数,19914.84,19922.22,19976.66,19681.54,1.49
2010-02-11,HSI,恒生指数,20095.53,20290.69,20310.79,20095.53,1.08
2010-02-12,HSI,恒生指数,20240.67,20268.69,20428.32,20212.55,1.06
2010-02-17,HSI,恒生指数,20657.86,20534.01,20684.22,20471.36,1.05
2010-02-18,HSI,恒生指数,20534.77,20422.15,20569.61,20381.3,0.92
2010-02-19,HSI,恒生指数,20261.49,19894.02,20261.49,19874.55,1.89
2010-02-22,HSI,恒生指数,20407.84,20377.27,20427.09,20313.15,0.57
2010-02-23,HSI,恒生指数,20218.51,20623.0,20711.75,20120.1,2.9
2010-02-24,HSI,恒生指数,20357.42,20467.74,20583.84,20351.05,1.13
2010-02-25,HSI,恒生指数,20512.38,20399.57,20644.27,20261.98,1.87
2010-02-26,HSI,恒生指数,20657.83,20608.7,20662.84,20567.58,0.47
2010-03-01,HSI,恒生指数,20853.08,21056.93,21056.93,20853.08,0.99
2010-03-02,HSI,恒生指数,20921.44,20906.11,20961.83,20847.46,0.54
2010-03-03,HSI,恒生指数,21016.29,20876.79,21016.29,20845.16,0.82
2010-03-04,HSI,恒生指数,20983.81,20575.78,21000.13,20575.78,2.03
2010-03-05,HSI,恒生指数,20820.97,20787.97,20820.97,20654.94,0.81
2010-03-08,HSI,恒生指数,21099.71,21196.87,21257.09,21080.76,0.85
2010-03-09,HSI,恒生指数,21153.62,21207.55,21277.66,21128.93,0.7
2010-03-10,HSI,恒生指数,21293.52,21208.29,21293.52,21156.09,0.65
2010-03-11,HSI,恒生指数,21333.06,21228.2,21333.06,21059.06,1.29
2010-03-12,HSI,恒生指数,21249.8,21209.74,21260.07,21116.84,0.67
2010-03-15,HSI,恒生指数,21036.42,21079.1,21116.5,20964.31,0.72
2010-03-16,HSI,恒生指数,21135.79,21022.93,21196.83,20986.69,1.0
2010-03-17,HSI,恒生指数,21183.6,21384.49,21440.18,21159.43,1.34
2010-03-18,HSI,恒生指数,21429.69,21330.67,21440.81,21287.37,0.72
2010-03-19,HSI,恒生指数,21359.55,21370.82,21389.0,21257.8,0.62
2010-03-22,HSI,恒生指数,21120.43,20933.25,21120.43,20899.69,1.03
2010-03-23,HSI,恒生指数,21070.65,20987.78,21211.08,20971.56,1.14
2010-03-24,HSI,恒生指数,21203.5,21008.62,21205.5,20974.05,1.1
2010-03-25,HSI,恒生指数,20799.05,20778.55,20800.95,20659.28,0.67
2010-03-26,HSI,恒生指数,20679.65,21053.11,21126.75,20679.65,2.15
2010-03-29,HSI,恒生指数,21148.05,21237.43,21318.23,21125.91,0.91
2010-03-30,HSI,恒生指数,21230.53,21374.79,21450.98,21202.17,1.17
2010-03-31,HSI,恒生指数,21366.62,21239.35,21446.8,21230.29,1.01
2010-04-01,HSI,恒生指数,21390.89,21537.0,21547.66,21373.16,0.82
2010-04-07,HSI,恒生指数,21828.35,21928.77,21935.41,21747.57,0.87
2010-04-08,HSI,恒生指数,21836.42,21867.04,21949.25,21813.35,0.62
2010-04-09,HSI,恒生指数,22014.73,22208.5,22249.23,21963.78,1.31
2010-04-12,HSI,恒生指数,22388.77,22138.17,22388.77,22131.93,1.16
2010-04-13,HSI,恒生指数,22216.11,22103.53,22290.67,22008.05,1.28
2010-04-14,HSI,恒生指数,22183.05,22121.43,22192.33,22061.77,0.59
2010-04-15,HSI,恒生指数,22265.36,22157.82,22337.89,22113.21,1.02
2010-04-16,HSI,恒生指数,22059.3,21865.26,22111.99,21788.88,1.46
2010-04-19,HSI,恒生指数,21557.78,21405.17,21582.13,21283.3,1.37
2010-04-20,HSI,恒生指数,21519.26,21623.38,21647.75,21507.47,0.66
2010-04-21,HSI,恒生指数,21732.76,21510.93,21740.64,21475.98,1.22
2010-04-22,HSI,恒生指数,21283.93,21454.94,21471.11,21206.74,1.23
2010-04-23,HSI,恒生指数,21385.16,21244.49,21442.77,21232.15,0.98
2010-04-26,HSI,恒生指数,21501.21,21587.06,21617.85,21489.05,0.61
2010-04-27,HSI,恒生指数,21341.48,21261.79,21383.21,21224.05,0.74
2010-04-28,HSI,恒生指数,20853.83,20949.4,21021.67,20853.83,0.79
2010-04-29,HSI,恒生指数,20994.37,20778.92,21007.56,20763.34,1.17
2010-04-30,HSI,恒生指数,20934.07,21108.59,21121.52,20920.15,0.97
2010-05-03,HSI,恒生指数,20799.79,20811.36,20886.85,20773.97,0.53
2010-05-04,HSI,恒生指数,20935.9,20763.05,21011.95,20743.49,1.29
2010-05-05,HSI,恒生指数,20390.12,20327.54,20505.66,20293.23,1.02
2010-05-06,HSI,恒生指数,20177.47,20133.41,20303.22,19888.49,2.04
2010-05-07,HSI,恒生指数,19699.5,19920.29,20037.6,19699.5,1.68
2010-05-10,HSI,恒生指数,20118.95,20426.64,20491.95,20035.6,2.29
2010-05-11,HSI,恒生指数,20346.54,20146.51,20398.43,19977.1,2.06
2010-05-12,HSI,恒生指数,20175.74,20212.49,20237.86,20003.49,1.16
2010-05-13,HSI,恒生指数,20411.55,20422.46,20526.58,20273.99,1.25
2010-05-14,HSI,恒生指数,20258.45,20145.43,20352.8,20130.78,1.09
2010-05-17,HSI,恒生指数,19832.03,19715.2,19832.03,19593.5,1.18
2010-05-18,HSI,恒生指数,19768.8,19944.94,20013.33,19672.39,1.73
2010-05-19,HSI,恒生指数,19552.16,19578.98,19785.86,19546.22,1.2
2010-05-20,HSI,恒生指数,19694.47,19545.83,19747.16,19276.46,2.4
2010-05-24,HSI,恒生指数,19470.28,19667.76,19757.44,19470.28,1.47
2010-05-25,HSI,恒生指数,19317.24,18985.5,19328.36,18974.52,1.8
2010-05-26,HSI,恒生指数,19177.34,19196.45,19242.06,19047.7,1.02
2010-05-27,HSI,恒生指数,19015.89,19431.37,19555.78,18971.52,3.04
2010-05-28,HSI,恒生指数,19816.39,19766.71,19910.06,19710.86,1.03
2010-05-31,HSI,恒生指数,19705.53,19765.19,19823.99,19629.83,0.98
2010-06-01,HSI,恒生指数,19600.57,19496.95,19805.6,19463.35,1.73
2010-06-02,HSI,恒生指数,19651.55,19471.8,19656.22,19372.13,1.46
2010-06-03,HSI,恒生指数,19822.89,19786.71,19859.8,19744.32,0.59
2010-06-04,HSI,恒生指数,19765.25,19780.07,19841.68,19658.66,0.92
2010-06-07,HSI,恒生指数,19211.67,19378.15,19389.91,19211.67,0.9
2010-06-08,HSI,恒生指数,19459.74,19487.48,19510.09,19333.1,0.91
2010-06-09,HSI,恒生指数,19488.2,19621.24,19792.28,19383.89,2.1
2010-06-10,HSI,恒生指数,19517.61,19632.7,19729.15,19517.61,1.08
2010-06-11,HSI,恒生指数,19995.64,19872.38,19995.64,19834.23,0.82
2010-06-14,HSI,恒生指数,20102.55,20051.91,20102.55,20024.04,0.4
2010-06-15,HSI,恒生指数,19998.53,20062.15,20142.1,19970.91,0.85
2010-06-17,HSI,恒生指数,20201.81,20138.4,20201.81,20078.59,0.61
2010-06-18,HSI,恒生指数,20199.22,20286.71,20315.42,20138.35,0.88
2010-06-21,HSI,恒生指数,20571.4,20912.18,20938.33,20571.4,1.81
2010-06-22,HSI,恒生指数,20861.47,20819.08,20957.09,20796.38,0.77
2010-06-23,HSI,恒生指数,20718.66,20856.61,20866.88,20689.15,0.85
2010-06-24,HSI,恒生指数,20797.44,20733.49,20901.15,20710.15,0.92
2010-06-25,HSI,恒生指数,20615.92,20690.79,20763.32,20563.93,0.96
2010-06-28,HSI,恒生指数,20718.08,20726.68,20862.38,20687.27,0.85
2010-06-29,HSI,恒生指数,20727.45,20248.9,20738.15,20190.88,2.64
2010-06-30,HSI,恒生指数,19985.72,20128.99,20143.16,19971.27,0.85
2010-07-02,HSI,恒生指数,20059.56,19905.32,20161.99,19803.22,1.78
2010-07-05,HSI,恒生指数,19809.06,19842.2,19913.4,19793.47,0.6
2010-07-06,HSI,恒生指数,19777.83,20084.12,20084.12,19777.83,1.54
2010-07-07,HSI,恒生指数,19948.15,19857.07,19948.15,19800.23,0.74
2010-07-08,HSI,恒生指数,20231.15,20050.56,20236.18,20002.01,1.18
2010-07-09,HSI,恒生指数,20142.78,20378.66,20418.31,20116.52,1.51
2010-07-12,HSI,恒生指数,20476.02,20467.43,20539.61,20368.62,0.84
2010-07-13,HSI,恒生指数,20485.11,20431.06,20529.41,20378.99,0.73
2010-07-14,HSI,恒生指数,20722.22,20560.81,20722.22,20512.24,1.03
2010-07-15,HSI,恒生指数,20530.29,20255.62,20665.62,20226.26,2.14
2010-07-16,HSI,恒生指数,20293.61,20250.16,20313.74,20173.49,0.69
2010-07-19,HSI,恒生指数,20007.88,20090.95,20127.56,20007.88,0.59
2010-07-20,HSI,恒生指数,20075.72,20264.59,20403.01,20075.72,1.63
2010-07-21,HSI,恒生指数,20377.6,20487.23,20494.18,20334.35,0.79
2010-07-22,HSI,恒生指数,20487.49,20589.7,20592.46,20384.73,1.01
2010-07-23,HSI,恒生指数,20847.85,20815.33,20847.85,20728.41,0.58
2010-07-26,HSI,恒生指数,20944.63,20839.91,20963.08,20826.98,0.65
2010-07-27,HSI,恒生指数,20965.54,20973.39,21008.78,20824.05,0.89
2010-07-28,HSI,恒生指数,20961.55,21091.18,21199.55,20902.16,1.42
2010-07-29,HSI,恒生指数,21091.17,21093.82,21130.74,20970.93,0.76
2010-07-30,HSI,恒生指数,21008.46,21029.81,21095.9,20945.63,0.71
2010-08-02,HSI,恒生指数,21221.43,21412.79,21439.22,21221.43,1.04
2010-08-03,HSI,恒生指数,21610.18,21457.66,21610.18,21409.81,0.94
2010-08-04,HSI,恒生指数,21567.33,21549.88,21621.82,21427.51,0.91
2010-08-05,HSI,恒生指数,21577.13,21551.72,21618.58,21462.23,0.73
2010-08-06,HSI,恒生指数,21575.95,21678.8,21722.38,21456.74,1.23
2010-08-09,HSI,恒生指数,21640.53,21801.59,21805.94,21622.12,0.85
2010-08-10,HSI,恒生指数,21764.23,21473.6,21765.58,21446.8,1.46
2010-08-11,HSI,恒生指数,21542.27,21294.54,21643.24,21239.17,1.88
2010-08-12,HSI,恒生指数,21039.42,21105.71,21124.98,20926.48,0.93
2010-08-13,HSI,恒生指数,21095.17,21071.57,21205.68,21012.51,0.92
2010-08-16,HSI,恒生指数,20881.95,21112.12,21209.46,20881.95,1.55
2010-08-17,HSI,恒生指数,21081.31,21137.43,21161.73,21015.01,0.69
2010-08-18,HSI,恒生指数,21167.88,21022.73,21277.12,20968.7,1.46
2010-08-19,HSI,恒生指数,21094.7,21072.46,21297.62,21023.3,1.3
2010-08-20,HSI,恒生指数,20929.72,20981.82,20997.39,20868.24,0.61
2010-08-23,HSI,恒生指数,20963.25,20889.01,21035.01,20845.7,0.9
2010-08-24,HSI,恒生指数,20759.35,20658.71,20937.53,20651.27,1.37
2010-08-25,HSI,恒生指数,20603.57,20634.98,20667.3,20512.78,0.75
2010-08-26,HSI,恒生指数,20603.18,20612.06,20664.76,20567.33,0.47
2010-08-27,HSI,恒生指数,20563.09,20597.35,20670.57,20552.55,0.57
2010-08-30,HSI,恒生指数,20797.01,20737.22,20832.36,20668.81,0.79
2010-08-31,HSI,恒生指数,20539.22,20536.49,20608.55,20372.29,1.14
2010-09-01,HSI,恒生指数,20570.52,20623.83,20649.45,20529.87,0.58
2010-09-02,HSI,恒生指数,20864.4,20868.92,20938.29,20819.61,0.58
2010-09-03,HSI,恒生指数,20918.81,20971.5,21028.66,20860.89,0.8
2010-09-06,HSI,恒生指数,21155.91,21355.77,21398.09,21139.79,1.23
2010-09-07,HSI,恒生指数,21419.91,21401.79,21435.58,21313.26,0.57
2010-09-08,HSI,恒生指数,21213.2,21088.86,21214.81,21066.69,0.69
2010-09-09,HSI,恒生指数,21169.82,21167.27,21248.58,21122.73,0.6
2010-09-10,HSI,恒生指数,21310.72,21257.39,21332.44,21092.81,1.13
2010-09-13,HSI,恒生指数,21396.9,21658.35,21714.36,21395.57,1.5
2010-09-14,HSI,恒生指数,21760.73,21696.04,21763.73,21656.45,0.5
2010-09-15,HSI,恒生指数,21819.95,21725.64,21819.95,21633.07,0.86
2010-09-16,HSI,恒生指数,21694.21,21691.45,21726.01,21525.71,0.92
2010-09-17,HSI,恒生指数,21744.53,21970.86,21988.87,21713.67,1.27
2010-09-20,HSI,恒生指数,21918.45,21977.34,22009.1,21874.42,0.61
2010-09-21,HSI,恒生指数,22118.58,22002.59,22118.58,21950.69,0.76
2010-09-22,HSI,恒生指数,22077.38,22047.71,22229.18,22021.6,0.94
2010-09-24,HSI,恒生指数,21972.88,22119.43,22155.67,21956.76,0.9
2010-09-27,HSI,恒生指数,22351.33,22340.84,22407.23,22292.54,0.52
2010-09-28,HSI,恒生指数,22329.82,22109.95,22371.6,22091.13,1.26
2010-09-29,HSI,恒生指数,22314.56,22378.67,22439.19,22300.09,0.63
2010-09-30,HSI,恒生指数,22287.08,22358.17,22381.33,22202.43,0.8
2010-10-04,HSI,恒生指数,22542.36,22618.66,22734.88,22542.36,0.86
2010-10-05,HSI,恒生指数,22532.04,22639.14,22670.81,22504.05,0.74
2010-10-06,HSI,恒生指数,23006.2,22880.41,23023.13,22872.42,0.67
2010-10-07,HSI,恒生指数,22996.73,22884.32,22996.73,22824.05,0.75
2010-10-08,HSI,恒生指数,22861.15,22944.18,23093.77,22861.15,1.02
2010-10-11,HSI,恒生指数,23169.13,23207.31,23302.29,23151.62,0.66
2010-10-12,HSI,恒生指数,23161.21,23121.7,23254.14,23055.61,0.86
2010-10-13,HSI,恒生指数,23329.32,23457.69,23471.66,23035.57,1.89
2010-10-14,HSI,恒生指数,23685.26,23852.17,23866.87,23614.4,1.08
2010-10-15,HSI,恒生指数,23733.79,23757.63,23862.54,23650.3,0.89
2010-10-18,HSI,恒生指数,23693.12,23469.38,23716.48,23467.45,1.05
2010-10-19,HSI,恒生指数,23551.31,23763.73,23768.09,23551.31,0.92
2010-10-20,HSI,恒生指数,23423.82,23556.5,23689.99,23307.49,1.61
2010-10-21,HSI,恒生指数,23736.79,23649.48,23736.79,23450.83,1.21
2010-10-22,HSI,恒生指数,23647.32,23517.54,23667.42,23465.76,0.85
2010-10-25,HSI,恒生指数,23551.14,23627.91,23781.88,23519.16,1.12
2010-10-26,HSI,恒生指数,23727.63,23601.24,23727.63,23546.33,0.77
2010-10-27,HSI,恒生指数,23543.73,23164.58,23708.67,23148.18,2.37
2010-10-28,HSI,恒生指数,23290.54,23210.86,23290.54,23136.97,0.66
2010-10-29,HSI,恒生指数,23177.69,23096.32,23222.35,22880.68,1.47
2010-11-01,HSI,恒生指数,23366.82,23652.94,23656.65,23366.82,1.25
2010-11-02,HSI,恒生指数,23608.18,23671.42,23724.87,23566.88,0.67
2010-11-03,HSI,恒生指数,23802.06,24144.67,24163.84,23684.99,2.02
2010-11-04,HSI,恒生指数,24377.07,24535.63,24550.08,24345.93,0.85
2010-11-05,HSI,恒生指数,24905.43,24876.82,24931.85,24732.9,0.81
2010-11-08,HSI,恒生指数,24838.22,24964.37,24988.57,24732.52,1.03
2010-11-09,HSI,恒生指数,24858.34,24710.6,24963.26,24687.3,1.11
2010-11-10,HSI,恒生指数,24672.5,24500.61,24692.54,24421.03,1.1
2010-11-11,HSI,恒生指数,24598.81,24700.3,24887.58,24505.15,1.56
2010-11-12,HSI,恒生指数,24404.91,24222.58,24608.66,24187.27,1.71
2010-11-15,HSI,恒生指数,24371.77,24027.18,24382.14,24002.65,1.57
2010-11-16,HSI,恒生指数,24009.84,23693.02,24085.23,23578.87,2.11
2010-11-17,HSI,恒生指数,23432.23,23214.46,23618.24,23192.49,1.8
2010-11-18,HSI,恒生指数,23437.8,23637.39,23671.51,23327.29,1.48
2010-11-19,HSI,恒生指数,23625.31,23605.71,23686.42,23252.33,1.84
2010-11-22,HSI,恒生指数,23499.63,23524.02,23592.77,23419.41,0.73
2010-11-23,HSI,恒生指数,23290.28,22896.14,23322.17,22871.11,1.92
2010-11-24,HSI,恒生指数,23107.44,23023.86,23166.69,22971.21,0.85
2010-11-25,HSI,恒生指数,23110.02,23054.68,23283.22,23037.86,1.07
2010-11-26,HSI,恒生指数,22995.3,22877.25,23107.67,22782.98,1.41
2010-11-29,HSI,恒生指数,22832.05,23166.22,23187.75,22785.28,1.76
2010-11-30,HSI,恒生指数,23122.4,23007.99,23199.44,22844.53,1.53
2010-12-01,HSI,恒生指数,22973.8,23249.8,23325.79,22842.12,2.1
2010-12-02,HSI,恒生指数,23554.75,23448.78,23575.38,23388.74,0.8
2010-12-03,HSI,恒生指数,23555.76,23320.52,23611.04,23286.54,1.38
2010-12-06,HSI,恒生指数,23507.2,23237.69,23612.25,23213.71,1.71
2010-12-07,HSI,恒生指数,23177.4,23428.15,23475.29,23101.81,1.61
2010-12-08,HSI,恒生指数,23362.66,23092.52,23374.37,22998.34,1.61
2010-12-09,HSI,恒生指数,23167.87,23171.8,23269.36,23083.16,0.81
2010-12-10,HSI,恒生指数,23091.52,23162.91,23202.29,22965.9,1.02
2010-12-13,HSI,恒生指数,23362.32,23317.61,23490.18,23233.4,1.11
2010-12-14,HSI,恒生指数,23451.4,23431.19,23453.42,23328.01,0.54
2010-12-15,HSI,恒生指数,23371.34,22975.35,23371.34,22876.88,2.11
2010-12-16,HSI,恒生指数,22949.78,22668.78,22992.07,22598.96,1.71
2010-12-17,HSI,恒生指数,22660.88,22714.85,22732.62,22519.61,0.94
2010-12-20,HSI,恒生指数,22708.43,22639.08,22716.78,22392.67,1.43
2010-12-21,HSI,恒生指数,22711.46,22993.86,23025.47,22671.61,1.56
2010-12-22,HSI,恒生指数,23039.85,23045.19,23160.44,22990.69,0.74
2010-12-23,HSI,恒生指数,23139.58,22902.97,23151.38,22867.93,1.23
2010-12-24,HSI,恒生指数,22932.5,22833.8,22948.25,22776.62,0.75
2010-12-28,HSI,恒生指数,22553.15,22621.73,22684.83,22529.26,0.68
2010-12-29,HSI,恒生指数,22725.38,22969.3,22981.52,22663.8,1.4
2010-12-30,HSI,恒生指数,22987.84,22999.34,23111.27,22890.56,0.96
2010-12-31,HSI,恒生指数,23079.84,23035.45,23102.05,23012.5,0.39
2011-01-03,HSI,恒生指数,23135.64,23436.05,23443.53,23057.52,1.68
2011-01-04,HSI,恒生指数,23477.31,23668.48,23695.61,23408.09,1.23
2011-01-05,HSI,恒生指数,23650.18,23757.82,23773.98,23579.74,0.82
2011-01-06,HSI,恒生指数,23861.22,23786.3,23861.22,23698.38,0.69
2011-01-07,HSI,恒生指数,23744.03,23686.63,23880.77,23654.04,0.95
2011-01-10,HSI,恒生指数,23715.47,23527.26,23783.83,23481.8,1.28
2011-01-11,HSI,恒生指数,23606.76,23760.34,23855.83,23512.22,1.46
2011-01-12,HSI,恒生指数,23857.17,24125.61,24168.36,23857.17,1.31
2011-01-13,HSI,恒生指数,24347.34,24238.98,24378.81,24208.45,0.71
2011-01-14,HSI,恒生指数,24273.62,24283.23,24347.26,24187.9,0.66
2011-01-17,HSI,恒生指数,24364.07,24156.97,24364.07,24098.03,1.1
2011-01-18,HSI,恒生指数,24149.44,24153.98,24382.01,24104.34,1.15
2011-01-19,HSI,恒生指数,24321.25,24419.62,24434.4,24243.88,0.79
2011-01-20,HSI,恒生指数,24248.32,24003.7,24248.32,23963.86,1.16
2011-01-21,HSI,恒生指数,23913.19,23876.86,24130.16,23840.29,1.21
2011-01-24,HSI,恒生指数,23970.3,23801.78,23970.3,23751.72,0.92
2011-01-25,HSI,恒生指数,23891.68,23788.83,23999.11,23769.46,0.96
2011-01-26,HSI,恒生指数,23802.88,23843.24,23976.37,23662.18,1.32
2011-01-27,HSI,恒生指数,23771.12,23779.62,24023.68,23734.7,1.21
2011-01-28,HSI,恒生指数,23763.74,23617.02,23763.74,23580.42,0.77
2011-01-31,HSI,恒生指数,23314.69,23447.34,23520.54,23285.6,0.99
2011-02-01,HSI,恒生指数,23451.62,23482.95,23552.23,23422.72,0.55
2011-02-02,HSI,恒生指数,23700.16,23908.96,23922.74,23671.51,1.07
2011-02-07,HSI,恒生指数,23981.74,23553.59,23981.74,23530.8,1.89
2011-02-08,HSI,恒生指数,23613.49,23484.3,23616.83,23396.17,0.94
2011-02-09,HSI,恒生指数,23535.41,23164.03,23591.5,23128.72,1.97
2011-02-10,HSI,恒生指数,23035.64,22708.62,23069.42,22668.02,1.73
2011-02-11,HSI,恒生指数,22752.55,22828.92,22861.53,22446.67,1.83
2011-02-14,HSI,恒生指数,22920.29,23121.06,23187.82,22899.58,1.26
2011-02-15,HSI,恒生指数,23037.03,22899.78,23104.98,22881.16,0.97
2011-02-16,HSI,恒生指数,23015.39,23156.97,23183.28,22809.01,1.63
2011-02-17,HSI,恒生指数,23173.48,23301.84,23320.43,23079.47,1.04
2011-02-18,HSI,恒生指数,23342.67,23595.24,23614.61,23316.3,1.28
2011-02-21,HSI,恒生指数,23500.11,23485.42,23585.63,23444.77,0.6
2011-02-22,HSI,恒生指数,23170.52,22990.81,23170.52,22938.13,0.99
2011-02-23,HSI,恒生指数,22983.37,22906.9,23055.47,22837.09,0.95
2011-02-24,HSI,恒生指数,22856.78,22601.04,23036.93,22575.99,2.01
2011-02-25,HSI,恒生指数,22727.04,23012.37,23091.32,22712.96,1.67
2011-02-28,HSI,恒生指数,22900.15,23338.02,23388.32,22886.37,2.18
2011-03-01,HSI,恒生指数,23317.96,23396.42,23478.7,23244.11,1.01
2011-03-02,HSI,恒生指数,23114.43,23048.66,23114.43,22915.65,0.85
2011-03-03,HSI,恒生指数,23102.83,23122.42,23329.38,23097.15,1.01
2011-03-04,HSI,恒生指数,23406.77,23408.86,23506.67,23374.6,0.57
2011-03-07,HSI,恒生指数,23257.14,23313.19,23491.71,23229.07,1.12
2011-03-08,HSI,恒生指数,23401.49,23711.7,23731.89,23307.7,1.82
2011-03-09,HSI,恒生指数,23863.93,23810.11,23934.07,23775.7,0.67
2011-03-10,HSI,恒生指数,23818.64,23614.89,23818.64,23564.95,1.07
2011-03-11,HSI,恒生指数,23437.5,23249.78,23514.73,23105.99,1.73
2011-03-14,HSI,恒生指数,23207.15,23345.88,23345.88,23078.94,1.15
2011-03-15,HSI,恒生指数,23110.71,22678.25,23110.71,22253.47,3.67
2011-03-16,HSI,恒生指数,22814.5,22700.88,22814.5,22541.55,1.2
2011-03-17,HSI,恒生指数,22237.24,22284.43,22393.98,22123.26,1.19
2011-03-18,HSI,恒生指数,22387.98,22300.23,22464.35,22273.7,0.86
2011-03-21,HSI,恒生指数,22401.06,22685.22,22711.84,22395.3,1.42
2011-03-22,HSI,恒生指数,22732.95,22857.9,22880.59,22654.22,1.0
2011-03-23,HSI,恒生指数,22797.94,22825.4,22849.23,22714.86,0.59
2011-03-24,HSI,恒生指数,23005.49,22915.28,23050.87,22890.83,0.7
2011-03-25,HSI,恒生指数,23135.38,23158.67,23179.26,23068.09,0.49
2011-03-28,HSI,恒生指数,23114.07,23068.19,23261.68,22952.43,1.34
2011-03-29,HSI,恒生指数,22997.35,23060.36,23121.01,22965.34,0.67
2011-03-30,HSI,恒生指数,23192.79,23451.43,23505.11,23180.92,1.41
2011-03-31,HSI,恒生指数,23618.06,23527.52,23618.06,23450.46,0.71
2011-04-01,HSI,恒生指数,23664.48,23801.9,23827.21,23474.34,1.5
2011-04-04,HSI,恒生指数,23917.01,24150.58,24164.37,23917.01,1.04
2011-04-06,HSI,恒生指数,24182.83,24285.05,24322.26,24102.6,0.91
2011-04-07,HSI,恒生指数,24317.82,24281.8,24368.76,24195.61,0.71
2011-04-08,HSI,恒生指数,24306.44,24396.07,24468.64,24251.74,0.89
2011-04-11,HSI,恒生指数,24394.99,24303.07,24466.47,24250.05,0.89
2011-04-12,HSI,恒生指数,24142.55,23976.37,24142.55,23916.55,0.93
2011-04-13,HSI,恒生指数,23981.05,24135.03,24200.32,23842.29,1.49
2011-04-14,HSI,恒生指数,23951.88,24014.0,24070.76,23912.27,0.66
2011-04-15,HSI,恒生指数,24086.55,24008.07,24236.54,23902.03,1.39
2011-04-18,HSI,恒生指数,23977.87,23830.31,24145.43,23769.48,1.57
2011-04-19,HSI,恒生指数,23654.86,23520.62,23654.86,23468.2,0.78
2011-04-20,HSI,恒生指数,23709.29,23896.1,23904.77,23682.79,0.94
2011-04-21,HSI,恒生指数,24090.55,24138.31,24185.49,24031.42,0.64
2011-04-26,HSI,恒生指数,23964.62,24007.38,24070.03,23844.3,0.94
2011-04-27,HSI,恒生指数,24193.28,23892.84,24260.77,23825.13,1.81
2011-04-28,HSI,恒生指数,24103.03,23805.63,24132.05,23761.13,1.55
2011-04-29,HSI,恒生指数,23774.47,23720.81,23808.93,23633.74,0.74
2011-05-03,HSI,恒生指数,23794.86,23633.25,23924.48,23599.28,1.37
2011-05-04,HSI,恒生指数,23582.6,23315.24,23582.6,23230.38,1.49
2011-05-05,HSI,恒生指数,23228.01,23261.61,23348.33,23167.93,0.77
2011-05-06,HSI,恒生指数,23035.94,23159.14,23207.44,22985.66,0.95
2011-05-09,HSI,恒生指数,23239.15,23336.0,23392.7,23239.15,0.66
2011-05-11,HSI,恒生指数,23509.01,23291.8,23509.01,23233.42,1.18
2011-05-12,HSI,恒生指数,23112.13,23073.76,23127.98,22985.54,0.61
2011-05-13,HSI,恒生指数,23120.0,23276.27,23295.03,22888.08,1.76
2011-05-16,HSI,恒生指数,23054.06,22960.63,23134.64,22937.14,0.85
2011-05-17,HSI,恒生指数,22896.2,22901.08,22967.88,22768.03,0.87
2011-05-18,HSI,恒生指数,22968.62,23011.14,23057.72,22924.46,0.58
2011-05-19,HSI,恒生指数,23125.28,23163.38,23248.13,23031.6,0.94
2011-05-20,HSI,恒生指数,23215.62,23199.39,23242.63,23147.42,0.41
2011-05-23,HSI,恒生指数,22942.96,22711.02,22942.96,22691.33,1.08
2011-05-24,HSI,恒生指数,22693.1,22730.78,22754.45,22631.13,0.54
2011-05-25,HSI,恒生指数,22558.33,22747.28,22767.01,22519.66,1.09
2011-05-26,HSI,恒生指数,22848.06,22900.79,22943.85,22796.13,0.65
2011-05-27,HSI,恒生指数,22939.95,23118.07,23150.6,22859.98,1.27
2011-05-30,HSI,恒生指数,23117.8,23184.32,23257.85,23086.05,0.74
2011-05-31,HSI,恒生指数,23380.29,23684.13,23707.95,23371.48,1.45
2011-06-01,HSI,恒生指数,23686.77,23626.43,23706.0,23598.39,0.45
2011-06-02,HSI,恒生指数,23280.05,23253.84,23317.79,23210.95,0.45
2011-06-03,HSI,恒生指数,23338.76,22949.56,23338.76,22932.48,1.75
2011-06-07,HSI,恒生指数,22762.21,22868.67,22928.96,22730.12,0.87
2011-06-08,HSI,恒生指数,22757.62,22661.63,22757.62,22607.09,0.66
2011-06-09,HSI,恒生指数,22628.13,22609.83,22647.3,22372.94,1.21
2011-06-10,HSI,恒生指数,22641.62,22420.37,22674.8,22297.94,1.67
2011-06-13,HSI,恒生指数,22172.61,22508.08,22508.5,22156.81,1.57
2011-06-14,HSI,恒生指数,22298.47,22496.0,22642.46,22298.47,1.53
2011-06-15,HSI,恒生指数,22532.84,22343.77,22598.76,22327.0,1.21
2011-06-16,HSI,恒生指数,22048.28,21953.11,22065.46,21874.89,0.85
2011-06-17,HSI,恒生指数,21969.68,21695.26,21971.24,21628.33,1.56
2011-06-20,HSI,恒生指数,21770.79,21599.51,21897.35,21508.77,1.79
2011-06-21,HSI,恒生指数,21783.86,21850.59,21875.16,21656.06,1.01
2011-06-22,HSI,恒生指数,22044.16,21859.97,22047.85,21837.84,0.96
2011-06-23,HSI,恒生指数,21777.11,21759.14,21905.1,21632.87,1.25
2011-06-24,HSI,恒生指数,21843.76,22171.95,22182.75,21783.73,1.83
2011-06-27,HSI,恒生指数,21888.04,22041.77,22099.29,21888.04,0.95
2011-06-28,HSI,恒生指数,22168.93,22061.78,22206.09,21952.37,1.15
2011-06-29,HSI,恒生指数,22229.84,22061.18,22237.1,22022.06,0.97
2011-06-30,HSI,恒生指数,22233.7,22398.1,22464.05,22174.61,1.31
2011-07-04,HSI,恒生指数,22813.25,22770.47,22817.5,22728.65,0.4
2011-07-05,HSI,恒生指数,22821.75,22747.95,22821.75,22707.1,0.5
2011-07-06,HSI,恒生指数,22645.35,22517.55,22737.5,22509.18,1.0
2011-07-07,HSI,恒生指数,22587.5,22530.18,22707.37,22523.93,0.81
2011-07-08,HSI,恒生指数,22706.24,22726.43,22835.03,22677.97,0.7
2011-07-11,HSI,恒生指数,22598.62,22347.23,22598.62,22307.22,1.28
2011-07-12,HSI,恒生指数,22092.57,21663.16,22092.57,21648.39,1.99
2011-07-13,HSI,恒生指数,21794.37,21926.88,21935.68,21718.81,1.0
2011-07-14,HSI,恒生指数,21936.87,21940.2,21945.02,21747.45,0.9
2011-07-15,HSI,恒生指数,21872.56,21875.38,21974.57,21774.95,0.91
2011-07-18,HSI,恒生指数,21727.93,21804.75,22026.6,21727.93,1.37
2011-07-19,HSI,恒生指数,21805.0,21902.4,21909.54,21611.16,1.37
2011-07-20,HSI,恒生指数,22072.89,22003.69,22088.24,21871.96,0.99
2011-07-21,HSI,恒生指数,22058.63,21987.29,22090.55,21857.03,1.06
2011-07-22,HSI,恒生指数,22231.6,22444.8,22449.11,22231.6,0.99
2011-07-25,HSI,恒生指数,22287.37,22293.29,22330.2,22217.4,0.5
2011-07-26,HSI,恒生指数,22285.04,22572.08,22581.56,22262.46,1.43
2011-07-27,HSI,恒生指数,22489.7,22541.69,22635.38,22469.18,0.74
2011-07-28,HSI,恒生指数,22246.7,22570.74,22572.3,22231.07,1.51
2011-07-29,HSI,恒生指数,22544.51,22440.25,22623.01,22323.16,1.33
2011-08-01,HSI,恒生指数,22739.55,22663.37,22808.33,22651.0,0.7
2011-08-02,HSI,恒生指数,22532.77,22421.46,22623.22,22387.92,1.04
2011-08-03,HSI,恒生指数,22015.67,21992.72,22041.87,21882.78,0.71
2011-08-04,HSI,恒生指数,22019.92,21884.74,22087.12,21725.67,1.64
2011-08-05,HSI,恒生指数,20939.4,20946.14,21017.72,20643.26,1.71
2011-08-08,HSI,恒生指数,20409.01,20490.57,20572.51,20044.37,2.52
2011-08-09,HSI,恒生指数,19209.7,19330.7,20158.55,18868.11,6.3
2011-08-10,HSI,恒生指数,19993.78,19783.67,20105.87,19672.66,2.24
2011-08-11,HSI,恒生指数,19319.43,19595.14,19728.88,19269.41,2.32
2011-08-12,HSI,恒生指数,19955.82,19620.01,19955.82,19575.0,1.94
2011-08-15,HSI,恒生指数,20056.78,20260.1,20264.33,19924.56,1.73
2011-08-16,HSI,恒生指数,20344.75,20212.08,20431.86,20140.31,1.44
2011-08-17,HSI,恒生指数,20318.37,20289.03,20504.38,20214.72,1.43
2011-08-18,HSI,恒生指数,20261.21,20016.27,20342.24,19969.21,1.84
2011-08-19,HSI,恒生指数,19478.82,19399.92,19595.92,19314.42,1.41
2011-08-22,HSI,恒生指数,19465.3,19486.87,19666.84,19047.64,3.19
2011-08-23,HSI,恒生指数,19476.47,19875.53,19893.37,19383.38,2.62
2011-08-24,HSI,恒生指数,19863.11,19466.79,19876.67,19452.65,2.13
2011-08-25,HSI,恒生指数,19744.52,19752.48,19803.28,19638.87,0.84
2011-08-26,HSI,恒生指数,19733.71,19582.88,19919.92,19549.53,1.88
2011-08-29,HSI,恒生指数,19883.06,19865.11,19919.34,19749.4,0.87
2011-08-30,HSI,恒生指数,20203.55,20204.17,20341.12,20071.52,1.36
2011-08-31,HSI,恒生指数,20256.34,20534.85,20556.93,20168.93,1.92
2011-09-01,HSI,恒生指数,20790.22,20585.33,20975.3,20572.97,1.96
2011-09-02,HSI,恒生指数,20557.92,20212.91,20580.81,20178.67,1.95
2011-09-05,HSI,恒生指数,19830.5,19616.4,19830.5,19567.77,1.3
2011-09-06,HSI,恒生指数,19378.78,19710.5,19727.89,19290.4,2.23
2011-09-07,HSI,恒生指数,19836.25,20048.0,20069.75,19785.29,1.44
2011-09-08,HSI,恒生指数,20159.29,19912.82,20159.29,19799.49,1.79
2011-09-09,HSI,恒生指数,19997.89,19866.63,20088.8,19808.95,1.41
2011-09-12,HSI,恒生指数,19264.68,19030.54,19303.74,18989.44,1.58
2011-09-14,HSI,恒生指数,19216.29,19045.44,19248.64,18627.65,3.26
2011-09-15,HSI,恒生指数,19186.76,19181.5,19269.41,18935.08,1.76
2011-09-16,HSI,恒生指数,19545.5,19455.31,19652.53,19454.74,1.03
2011-09-19,HSI,恒生指数,19247.59,18917.95,19247.59,18876.06,1.91
2011-09-20,HSI,恒生指数,19008.61,19014.8,19055.16,18732.75,1.7
2011-09-21,HSI,恒生指数,18891.5,18824.17,19023.57,18698.9,1.71
2011-09-22,HSI,恒生指数,18296.8,17911.95,18296.8,17859.31,2.32
2011-09-23,HSI,恒生指数,17585.79,17668.83,17813.57,17373.41,2.46
2011-09-26,HSI,恒生指数,17634.42,17407.8,17734.84,16999.54,4.16
2011-09-27,HSI,恒生指数,17818.97,18130.55,18136.02,17769.06,2.11
2011-09-28,HSI,恒生指数,17962.49,18011.06,18101.27,17843.95,1.42
2011-09-30,HSI,恒生指数,17946.24,17592.41,17946.24,17502.08,2.47
2011-10-03,HSI,恒生指数,17179.2,16822.15,17179.2,16717.14,2.63
2011-10-04,HSI,恒生指数,16731.58,16250.27,16840.91,16170.35,3.99
2011-10-06,HSI,恒生指数,16975.0,17172.28,17179.93,16849.45,2.03
2011-10-07,HSI,恒生指数,17540.72,17707.01,17800.72,17505.38,1.72
2011-10-10,HSI,恒生指数,17853.26,17711.06,17859.35,17437.84,2.38
2011-10-11,HSI,恒生指数,18441.87,18141.59,18456.16,18041.7,2.34
2011-10-12,HSI,恒生指数,17990.56,18329.46,18411.77,17804.56,3.35
2011-10-13,HSI,恒生指数,18601.65,18757.81,18758.74,18453.05,1.67
2011-10-14,HSI,恒生指数,18639.43,18501.79,18665.95,18367.85,1.59
2011-10-17,HSI,恒生指数,18808.66,18873.99,18908.17,18675.81,1.26
2011-10-18,HSI,恒生指数,18411.4,18076.46,18411.4,17963.26,2.37
2011-10-19,HSI,恒生指数,18400.33,18309.22,18426.29,18203.99,1.23
2011-10-20,HSI,恒生指数,18198.12,17983.1,18198.12,17782.0,2.27
2011-10-21,HSI,恒生指数,18034.2,18025.72,18082.43,17926.29,0.87
2011-10-24,HSI,恒生指数,18444.16,18771.82,18826.85,18435.41,2.17
2011-10-25,HSI,恒生指数,18867.51,18968.2,18981.57,18801.42,0.96
2011-10-26,HSI,恒生指数,18727.96,19066.54,19106.74,18705.08,2.12
2011-10-27,HSI,恒生指数,19067.59,19688.7,19693.19,19046.47,3.39
2011-10-28,HSI,恒生指数,20152.22,20019.24,20272.38,19972.24,1.52
2011-10-31,HSI,恒生指数,20027.72,19864.87,20155.62,19699.33,2.28
2011-11-01,HSI,恒生指数,19461.08,19369.96,19698.99,19322.6,1.89
2011-11-02,HSI,恒生指数,19091.85,19733.71,19745.48,19024.07,3.72
2011-11-03,HSI,恒生指数,19418.82,19242.5,19541.12,19142.34,2.02
2011-11-04,HSI,恒生指数,19922.77,19842.79,19981.52,19773.31,1.08
2011-11-07,HSI,恒生指数,19894.22,19677.89,19977.09,19649.57,1.65
2011-11-08,HSI,恒生指数,19848.5,19678.47,19914.92,19659.94,1.3
2011-11-09,HSI,恒生指数,20067.38,20014.43,20173.14,19967.17,1.05
2011-11-10,HSI,恒生指数,19091.4,18963.89,19199.08,18945.58,1.27
2011-11-11,HSI,恒生指数,19143.58,19137.17,19206.34,19028.31,0.94
2011-11-14,HSI,恒生指数,19600.37,19508.18,19640.68,19496.16,0.76
2011-11-15,HSI,恒生指数,19305.28,19348.44,19420.06,19240.35,0.92
2011-11-16,HSI,恒生指数,19483.1,18960.9,19483.1,18768.67,3.69
2011-11-17,HSI,恒生指数,18686.17,18817.47,18958.97,18657.74,1.59
2011-11-18,HSI,恒生指数,18561.04,18491.23,18561.04,18398.96,0.86
2011-11-21,HSI,恒生指数,18213.72,18225.85,18293.94,18054.23,1.3
2011-11-22,HSI,恒生指数,18225.48,18251.59,18355.12,18017.5,1.85
2011-11-23,HSI,恒生指数,17954.58,17864.43,17964.4,17838.74,0.69
2011-11-24,HSI,恒生指数,17657.69,17935.1,17997.07,17657.69,1.9
2011-11-25,HSI,恒生指数,17658.78,17689.48,17827.81,17613.2,1.2
2011-11-28,HSI,恒生指数,18019.21,18037.81,18095.2,17954.19,0.8
2011-11-29,HSI,恒生指数,18225.1,18256.2,18372.45,18053.92,1.77
2011-11-30,HSI,恒生指数,18192.29,17989.35,18192.29,17860.8,1.82
2011-12-01,HSI,恒生指数,18002.15,18002.25,18002.75,18002.05,0.0
2011-12-02,HSI,恒生指数,18977.2,19040.39,19151.65,18878.31,1.52
2011-12-05,HSI,恒生指数,19117.89,19179.69,19188.86,18972.9,1.13
2011-12-06,HSI,恒生指数,19011.81,18942.23,19038.48,18818.68,1.15
2011-12-07,HSI,恒生指数,19114.02,19240.58,19242.8,19009.43,1.23
2011-12-08,HSI,恒生指数,19112.33,19107.81,19137.56,18956.41,0.94
2011-12-09,HSI,恒生指数,18721.16,18586.23,18840.93,18511.42,1.72
2011-12-12,HSI,恒生指数,18853.32,18575.66,18919.42,18508.12,2.21
2011-12-13,HSI,恒生指数,18327.45,18447.17,18465.39,18297.66,0.9
2011-12-14,HSI,恒生指数,18301.05,18354.43,18476.15,18280.67,1.06
2011-12-15,HSI,恒生指数,18122.73,18026.84,18133.94,17895.15,1.3
2011-12-16,HSI,恒生指数,18025.6,18285.39,18390.41,18025.6,2.02
2011-12-19,HSI,恒生指数,18053.64,18070.21,18092.35,17821.52,1.48
2011-12-20,HSI,恒生指数,18044.75,18080.2,18270.7,18010.26,1.44
2011-12-21,HSI,恒生指数,18462.64,18416.45,18473.19,18288.65,1.02
2011-12-22,HSI,恒生指数,18356.87,18378.23,18388.01,18238.38,0.81
2011-12-23,HSI,恒生指数,18589.68,18629.17,18636.75,18539.59,0.53
2011-12-28,HSI,恒生指数,18621.5,18518.67,18621.5,18461.97,0.86
2011-12-29,HSI,恒生指数,18329.61,18397.92,18409.12,18293.81,0.62
2011-12-30,HSI,恒生指数,18489.04,18434.39,18506.27,18415.85,0.49
2012-01-03,HSI,恒生指数,18770.64,18877.41,18886.12,18724.17,0.88
2012-01-04,HSI,恒生指数,18970.6,18727.31,18970.6,18687.94,1.5
2012-01-05,HSI,恒生指数,18753.38,18813.41,18821.09,18723.28,0.52
2012-01-06,HSI,恒生指数,18784.86,18593.06,18784.86,18506.58,1.48
2012-01-09,HSI,恒生指数,18588.36,18865.72,18884.26,18302.84,3.13
2012-01-10,HSI,恒生指数,18948.12,19004.28,19086.53,18858.57,1.21
2012-01-11,HSI,恒生指数,19071.9,19151.94,19175.85,18983.14,1.01
2012-01-12,HSI,恒生指数,19112.76,19095.38,19261.29,19050.95,1.1
2012-01-13,HSI,恒生指数,19232.21,19204.42,19232.21,19073.18,0.83
2012-01-16,HSI,恒生指数,19070.74,19012.2,19070.74,18985.75,0.44
2012-01-17,HSI,恒生指数,19198.09,19627.75,19640.28,19173.29,2.46
2012-01-18,HSI,恒生指数,19651.59,19686.92,19726.84,19577.07,0.76
2012-01-19,HSI,恒生指数,19842.46,19942.95,19956.54,19776.32,0.92
2012-01-20,HSI,恒生指数,20161.72,20110.37,20161.72,19927.88,1.17
2012-01-26,HSI,恒生指数,20453.47,20439.14,20453.47,20301.59,0.76
2012-01-27,HSI,恒生指数,20443.46,20501.67,20590.8,20384.05,1.01
2012-01-30,HSI,恒生指数,20518.0,20160.41,20518.0,20144.95,1.82
2012-01-31,HSI,恒生指数,20326.49,20390.49,20465.89,20219.27,1.22
2012-02-01,HSI,恒生指数,20394.67,20333.37,20534.22,20269.51,1.3
2012-02-02,HSI,恒生指数,20638.96,20739.45,20761.7,20564.97,0.97
2012-02-03,HSI,恒生指数,20680.71,20756.98,20796.74,20639.49,0.76
2012-02-06,HSI,恒生指数,21015.55,20709.94,21015.55,20633.13,1.84
2012-02-07,HSI,恒生指数,20808.05,20699.19,20881.85,20649.27,1.12
2012-02-08,HSI,恒生指数,20827.89,21018.46,21023.33,20755.73,1.29
2012-02-09,HSI,恒生指数,20922.29,21010.01,21053.06,20787.84,1.26
2012-02-10,HSI,恒生指数,20986.25,20783.86,21002.33,20703.79,1.42
2012-02-13,HSI,恒生指数,20718.8,20887.4,20969.8,20673.96,1.42
2012-02-14,HSI,恒生指数,20845.24,20917.83,20947.95,20813.53,0.64
2012-02-15,HSI,恒生指数,20993.58,21365.23,21403.28,20933.39,2.25
2012-02-16,HSI,恒生指数,21266.51,21277.28,21317.72,21157.55,0.75
2012-02-17,HSI,恒生指数,21503.59,21491.62,21546.73,21381.69,0.78
2012-02-20,HSI,恒生指数,21760.34,21424.79,21760.34,21393.48,1.71
2012-02-21,HSI,恒生指数,21434.31,21478.72,21480.34,21221.39,1.21
2012-02-22,HSI,恒生指数,21339.02,21549.28,21569.74,21302.19,1.25
2012-02-23,HSI,恒生指数,21356.53,21380.99,21428.5,21325.56,0.48
2012-02-24,HSI,恒生指数,21438.97,21406.86,21468.93,21292.4,0.83
2012-02-27,HSI,恒生指数,21381.66,21217.86,21589.02,21076.52,2.39
2012-02-28,HSI,恒生指数,21303.39,21568.73,21583.07,21273.99,1.46
2012-02-29,HSI,恒生指数,21643.85,21680.08,21716.76,21525.91,0.88
2012-03-01,HSI,恒生指数,21578.19,21387.96,21641.14,21340.51,1.39
2012-03-02,HSI,恒生指数,21618.15,21562.26,21623.24,21531.93,0.43
2012-03-05,HSI,恒生指数,21518.03,21265.31,21578.76,21230.61,1.61
2012-03-06,HSI,恒生指数,21173.74,20806.25,21173.74,20789.36,1.81
2012-03-07,HSI,恒生指数,20521.96,20627.78,20732.87,20521.96,1.01
2012-03-08,HSI,恒生指数,20722.95,20900.73,20909.71,20681.09,1.11
2012-03-09,HSI,恒生指数,20930.93,21086.0,21209.79,20917.68,1.4
2012-03-12,HSI,恒生指数,21073.59,21134.18,21170.55,20924.36,1.17
2012-03-13,HSI,恒生指数,21279.41,21339.7,21427.12,21261.32,0.78
2012-03-14,HSI,恒生指数,21564.21,21307.89,21638.32,21263.02,1.76
2012-03-15,HSI,恒生指数,21323.06,21353.53,21368.48,21162.17,0.97
2012-03-16,HSI,恒生指数,21350.25,21317.85,21438.62,21253.39,0.87
2012-03-19,HSI,恒生指数,21454.01,21115.29,21454.01,21075.38,1.78
2012-03-20,HSI,恒生指数,21183.04,20888.24,21183.04,20786.69,1.88
2012-03-21,HSI,恒生指数,20948.13,20856.63,20993.48,20756.03,1.14
2012-03-22,HSI,恒生指数,20886.12,20901.56,20978.49,20805.37,0.83
2012-03-23,HSI,恒生指数,20740.56,20668.8,20742.7,20596.89,0.7
2012-03-26,HSI,恒生指数,20672.37,20668.86,20776.36,20580.72,0.95
2012-03-27,HSI,恒生指数,20921.8,21046.91,21063.38,20896.19,0.81
2012-03-28,HSI,恒生指数,20959.98,20885.42,20989.58,20798.09,0.91
2012-03-29,HSI,恒生指数,20720.34,20609.39,20720.34,20527.26,0.92
2012-03-30,HSI,恒生指数,20380.06,20555.58,20566.09,20374.03,0.93
2012-04-03,HSI,恒生指数,20704.15,20790.98,20816.09,20588.2,1.11
2012-04-05,HSI,恒生指数,20479.27,20593.0,20670.2,20404.15,1.28
2012-04-10,HSI,恒生指数,20387.43,20356.24,20472.96,20297.39,0.85
2012-04-11,HSI,恒生指数,20092.96,20140.67,20188.56,20035.68,0.75
2012-04-12,HSI,恒生指数,20179.72,20327.32,20360.48,20138.02,1.1
2012-04-13,HSI,恒生指数,20640.5,20701.04,20719.04,20574.35,0.71
2012-04-16,HSI,恒生指数,20516.09,20610.64,20625.45,20514.09,0.54
2012-04-17,HSI,恒生指数,20678.04,20562.31,20678.04,20392.57,1.39
2012-04-18,HSI,恒生指数,20800.21,20780.73,20862.32,20715.94,0.71
2012-04-19,HSI,恒生指数,20767.46,20995.01,20995.01,20767.46,1.1
2012-04-20,HSI,恒生指数,20933.27,21010.64,21076.43,20881.62,0.93
2012-04-23,HSI,恒生指数,20970.96,20624.39,20970.96,20624.39,1.65
2012-04-24,HSI,恒生指数,20606.17,20677.16,20771.79,20534.13,1.15
2012-04-25,HSI,恒生指数,20751.54,20646.29,20751.82,20584.98,0.81
2012-04-26,HSI,恒生指数,20753.18,20809.71,20826.91,20674.94,0.74
2012-04-27,HSI,恒生指数,20916.08,20741.45,20929.96,20648.77,1.35
2012-04-30,HSI,恒生指数,20889.77,21094.21,21105.57,20889.77,1.04
2012-05-02,HSI,恒生指数,21245.48,21309.08,21385.3,21237.17,0.7
2012-05-03,HSI,恒生指数,21209.44,21249.53,21256.81,21153.63,0.48
2012-05-04,HSI,恒生指数,21107.19,21086.0,21170.64,21061.14,0.52
2012-05-07,HSI,恒生指数,20658.41,20536.65,20674.45,20477.86,0.93
2012-05-08,HSI,恒生指数,20647.38,20484.75,20647.38,20399.38,1.21
2012-05-09,HSI,恒生指数,20361.55,20330.64,20371.66,20257.61,0.56
2012-05-10,HSI,恒生指数,20313.97,20227.28,20375.04,20091.68,1.39
2012-05-11,HSI,恒生指数,20083.27,19964.63,20083.27,19901.41,0.9
2012-05-14,HSI,恒生指数,20037.52,19735.04,20044.69,19715.51,1.65
2012-05-15,HSI,恒生指数,19702.54,19894.31,19923.19,19639.85,1.44
2012-05-16,HSI,恒生指数,19655.34,19259.83,19655.34,19181.19,2.38
2012-05-17,HSI,恒生指数,19369.43,19200.93,19452.3,19139.73,1.62
2012-05-18,HSI,恒生指数,18787.0,18951.85,18985.43,18622.31,1.89
2012-05-21,HSI,恒生指数,18902.0,18922.32,18953.68,18796.69,0.83
2012-05-22,HSI,恒生指数,19061.42,19039.15,19182.66,19002.64,0.95
2012-05-23,HSI,恒生指数,18842.32,18786.19,18845.84,18661.48,0.97
2012-05-24,HSI,恒生指数,18755.09,18666.4,18835.81,18654.76,0.96
2012-05-25,HSI,恒生指数,18734.38,18713.41,18778.44,18577.09,1.08
2012-05-28,HSI,恒生指数,18672.32,18800.99,18858.32,18672.32,0.99
2012-05-29,HSI,恒生指数,18735.5,19055.46,19058.47,18735.5,1.72
2012-05-30,HSI,恒生指数,18897.12,18690.22,18897.12,18604.45,1.54
2012-05-31,HSI,恒生指数,18470.77,18629.52,18657.9,18378.14,1.5
2012-06-01,HSI,恒生指数,18498.91,18558.34,18726.44,18487.66,1.28
2012-06-04,HSI,恒生指数,18249.61,18185.59,18249.61,18056.4,1.04
2012-06-05,HSI,恒生指数,18373.22,18259.03,18412.02,18223.13,1.04
2012-06-06,HSI,恒生指数,18349.68,18520.53,18521.57,18320.61,1.1
2012-06-07,HSI,恒生指数,18825.5,18678.29,18845.57,18624.43,1.19
2012-06-08,HSI,恒生指数,18797.94,18502.34,18797.94,18461.18,1.8
2012-06-11,HSI,恒生指数,18978.88,18953.63,18978.88,18847.67,0.71
2012-06-12,HSI,恒生指数,18719.89,18872.56,18925.79,18708.26,1.15
2012-06-13,HSI,恒生指数,18948.45,19026.52,19029.55,18812.94,1.15
2012-06-14,HSI,恒生指数,18901.71,18808.4,18937.54,18795.65,0.75
2012-06-15,HSI,恒生指数,18924.09,19233.94,19254.56,18919.17,1.78
2012-06-18,HSI,恒生指数,19578.13,19427.81,19578.13,19395.93,0.95
2012-06-19,HSI,恒生指数,19451.2,19416.67,19472.05,19320.18,0.78
2012-06-20,HSI,恒生指数,19551.89,19518.85,19578.82,19469.13,0.56
2012-06-21,HSI,恒生指数,19480.71,19265.07,19495.54,19258.11,1.22
2012-06-22,HSI,恒生指数,18992.9,18995.13,19089.45,18976.05,0.59
2012-06-25,HSI,恒生指数,19019.03,18897.45,19066.75,18861.56,1.08
2012-06-26,HSI,恒生指数,18850.47,18981.84,18998.47,18850.47,0.78
2012-06-27,HSI,恒生指数,18990.17,19176.95,19213.92,18942.0,1.43
2012-06-28,HSI,恒生指数,19305.74,19025.27,19305.74,19009.26,1.55
2012-06-29,HSI,恒生指数,18996.57,19441.46,19510.77,18991.1,2.73
2012-07-03,HSI,恒生指数,19765.41,19735.53,19765.41,19622.37,0.74
2012-07-04,HSI,恒生指数,19833.84,19709.75,19835.13,19677.45,0.8
2012-07-05,HSI,恒生指数,19757.42,19809.13,19869.11,19588.63,1.42
2012-07-06,HSI,恒生指数,19752.83,19800.64,19839.12,19690.64,0.75
2012-07-09,HSI,恒生指数,19634.84,19428.09,19737.92,19421.75,1.6
2012-07-10,HSI,恒生指数,19504.42,19396.36,19515.89,19347.23,0.87
2012-07-11,HSI,恒生指数,19264.58,19419.87,19441.12,19233.76,1.07
2012-07-12,HSI,恒生指数,19356.79,19025.11,19356.79,18998.3,1.85
2012-07-13,HSI,恒生指数,19069.36,19092.63,19160.49,19032.59,0.67
2012-07-16,HSI,恒生指数,19265.34,19121.34,19265.34,19061.67,1.07
2012-07-17,HSI,恒生指数,19156.96,19455.33,19479.28,19156.96,1.69
2012-07-18,HSI,恒生指数,19452.24,19239.88,19452.24,19134.57,1.63
2012-07-19,HSI,恒生指数,19393.45,19559.05,19600.32,19393.45,1.08
2012-07-20,HSI,恒生指数,19613.78,19640.8,19656.11,19511.9,0.74
2012-07-23,HSI,恒生指数,19259.36,19053.47,19259.36,18986.2,1.39
2012-07-24,HSI,恒生指数,19078.14,18903.2,19124.96,18854.32,1.42
2012-07-25,HSI,恒生指数,18762.2,18877.33,18925.66,18710.59,1.14
2012-07-26,HSI,恒生指数,18870.33,18892.79,18961.58,18793.15,0.89
2012-07-27,HSI,恒生指数,19165.03,19274.96,19330.69,19162.53,0.89
2012-07-30,HSI,恒生指数,19505.03,19585.4,19593.62,19478.7,0.6
2012-07-31,HSI,恒生指数,19661.41,19796.81,19840.16,19618.57,1.13
2012-08-01,HSI,恒生指数,19646.96,19820.38,19898.92,19646.96,1.27
2012-08-02,HSI,恒生指数,19784.15,19690.2,19786.71,19651.76,0.68
2012-08-03,HSI,恒生指数,19553.79,19666.18,19673.7,19454.33,1.11
2012-08-06,HSI,恒生指数,20052.5,19998.72,20091.3,19978.65,0.57
2012-08-07,HSI,恒生指数,20033.87,20072.55,20117.12,19983.76,0.67
2012-08-08,HSI,恒生指数,20188.88,20065.52,20188.88,19966.12,1.11
2012-08-09,HSI,恒生指数,20149.2,20269.47,20300.03,20149.2,0.75
2012-08-10,HSI,恒生指数,20204.71,20136.12,20222.13,20045.3,0.87
2012-08-13,HSI,恒生指数,20188.48,20081.36,20188.48,20037.81,0.75
2012-08-14,HSI,恒生指数,20251.42,20291.68,20299.72,20094.02,1.02
2012-08-15,HSI,恒生指数,20125.29,20052.29,20135.0,20016.03,0.59
2012-08-16,HSI,恒生指数,20151.69,19962.95,20151.69,19919.56,1.16
2012-08-17,HSI,恒生指数,20057.31,20116.07,20147.39,20047.64,0.5
2012-08-20,HSI,恒生指数,20080.32,20104.27,20109.56,19911.49,0.98
2012-08-21,HSI,恒生指数,20111.97,20100.09,20141.16,19979.58,0.8
2012-08-22,HSI,恒生指数,19996.73,19887.78,19996.73,19853.42,0.71
2012-08-23,HSI,恒生指数,19935.13,20132.24,20133.41,19935.13,1.0
2012-08-24,HSI,恒生指数,19930.45,19880.03,19930.45,19840.19,0.45
2012-08-27,HSI,恒生指数,19939.54,19798.67,19939.54,19769.43,0.86
2012-08-28,HSI,恒生指数,19723.3,19811.8,19856.32,19723.3,0.67
2012-08-29,HSI,恒生指数,19857.61,19788.51,19863.47,19770.54,0.47
2012-08-30,HSI,恒生指数,19657.2,19552.91,19657.2,19509.31,0.75
2012-08-31,HSI,恒生指数,19516.95,19482.57,19554.26,19450.77,0.53
2012-09-03,HSI,恒生指数,19414.62,19559.21,19608.55,19386.04,1.14
2012-09-04,HSI,恒生指数,19540.93,19429.91,19572.31,19414.51,0.81
2012-09-05,HSI,恒生指数,19330.16,19145.07,19330.16,19116.84,1.1
2012-09-06,HSI,恒生指数,19101.93,19209.3,19216.08,19076.79,0.73
2012-09-07,HSI,恒生指数,19537.93,19802.16,19829.02,19484.24,1.79
2012-09-10,HSI,恒生指数,19876.41,19827.17,19930.37,19764.69,0.84
2012-09-11,HSI,恒生指数,19757.37,19857.88,19907.3,19658.71,1.25
2012-09-12,HSI,恒生指数,19996.14,20075.39,20118.19,19996.14,0.61
2012-09-13,HSI,恒生指数,20061.97,20047.63,20146.77,20009.5,0.68
2012-09-14,HSI,恒生指数,20479.38,20629.78,20648.1,20475.74,0.86
2012-09-17,HSI,恒生指数,20758.49,20658.11,20758.49,20591.44,0.81
2012-09-18,HSI,恒生指数,20622.12,20601.93,20712.69,20568.12,0.7
2012-09-19,HSI,恒生指数,20609.52,20841.91,20895.61,20609.52,1.39
2012-09-20,HSI,恒生指数,20816.77,20590.92,20816.77,20578.56,1.14
2012-09-21,HSI,恒生指数,20697.27,20734.94,20808.04,20677.14,0.64
2012-09-24,HSI,恒生指数,20611.1,20694.7,20780.14,20503.24,1.34
2012-09-25,HSI,恒生指数,20694.33,20698.68,20758.36,20648.59,0.53
2012-09-26,HSI,恒生指数,20485.99,20527.73,20576.84,20485.08,0.44
2012-09-27,HSI,恒生指数,20487.36,20762.29,20850.49,20487.36,1.77
2012-09-28,HSI,恒生指数,20757.97,20840.38,20889.9,20725.52,0.79
2012-10-03,HSI,恒生指数,20951.38,20888.28,21005.68,20799.82,0.99
2012-10-04,HSI,恒生指数,20914.32,20907.95,20947.3,20835.06,0.54
2012-10-05,HSI,恒生指数,21007.6,21012.38,21021.24,20924.73,0.46
2012-10-08,HSI,恒生指数,20979.53,20824.56,20981.63,20807.93,0.83
2012-10-09,HSI,恒生指数,20926.83,20937.28,21093.1,20926.83,0.8
2012-10-10,HSI,恒生指数,20785.06,20919.6,20941.89,20767.36,0.83
2012-10-11,HSI,恒生指数,20813.05,20999.05,21013.45,20813.05,0.96
2012-10-12,HSI,恒生指数,21051.09,21136.43,21236.57,21051.09,0.88
2012-10-15,HSI,恒生指数,21137.61,21148.25,21184.43,21076.95,0.51
2012-10-16,HSI,恒生指数,21257.09,21207.07,21257.09,21120.17,0.65
2012-10-17,HSI,恒生指数,21421.87,21416.64,21442.73,21352.88,0.42
2012-10-18,HSI,恒生指数,21490.86,21518.71,21606.32,21476.3,0.61
2012-10-19,HSI,恒生指数,21565.75,21551.76,21591.62,21522.91,0.32
2012-10-22,HSI,恒生指数,21440.01,21697.55,21699.07,21431.24,1.24
2012-10-24,HSI,恒生指数,21561.59,21763.78,21802.49,21533.24,1.24
2012-10-25,HSI,恒生指数,21792.67,21810.23,21839.64,21710.84,0.59
2012-10-26,HSI,恒生指数,21847.7,21545.57,21847.7,21527.54,1.47
2012-10-29,HSI,恒生指数,21478.12,21511.05,21561.97,21397.09,0.77
2012-10-30,HSI,恒生指数,21549.17,21428.58,21575.03,21338.65,1.1
2012-10-31,HSI,恒生指数,21539.49,21641.82,21648.64,21496.92,0.71
2012-11-01,HSI,恒生指数,21573.93,21821.87,21832.56,21506.05,1.51
2012-11-02,HSI,恒生指数,22066.29,22111.33,22149.7,22019.65,0.6
2012-11-05,HSI,恒生指数,22044.21,22006.4,22141.13,21990.68,0.68
2012-11-06,HSI,恒生指数,21959.99,21944.43,22008.86,21832.28,0.8
2012-11-07,HSI,恒生指数,22020.4,22099.85,22099.85,21811.19,1.32
2012-11-08,HSI,恒生指数,21785.83,21566.91,21871.85,21555.75,1.43
2012-11-09,HSI,恒生指数,21433.6,21384.38,21525.49,21330.34,0.9
2012-11-12,HSI,恒生指数,21367.57,21430.3,21462.45,21339.19,0.58
2012-11-13,HSI,恒生指数,21372.87,21188.65,21399.61,21181.92,1.02
2012-11-14,HSI,恒生指数,21250.97,21441.99,21446.36,21221.31,1.06
2012-11-15,HSI,恒生指数,21188.94,21108.93,21288.48,21098.41,0.89
2012-11-16,HSI,恒生指数,21203.82,21159.01,21205.31,21105.21,0.47
2012-11-19,HSI,恒生指数,21209.95,21262.06,21303.1,21136.32,0.79
2012-11-20,HSI,恒生指数,21478.0,21228.28,21478.0,21213.12,1.25
2012-11-21,HSI,恒生指数,21367.55,21524.36,21530.44,21229.14,1.42
2012-11-22,HSI,恒生指数,21595.59,21743.2,21774.4,21517.91,1.19
2012-11-23,HSI,恒生指数,21729.72,21913.98,21924.06,21723.35,0.92
2012-11-26,HSI,恒生指数,21986.36,21861.81,21986.36,21827.27,0.73
2012-11-27,HSI,恒生指数,21969.71,21844.03,22002.86,21820.15,0.84
2012-11-28,HSI,恒生指数,21764.91,21708.98,21764.91,21629.58,0.62
2012-11-29,HSI,恒生指数,21821.05,21922.89,21996.4,21786.03,0.97
2012-11-30,HSI,恒生指数,21949.4,22030.39,22091.61,21918.55,0.79
2012-12-03,HSI,恒生指数,22070.44,21767.85,22162.47,21716.77,2.02
2012-12-04,HSI,恒生指数,21786.07,21799.97,21853.15,21687.88,0.76
2012-12-05,HSI,恒生指数,21819.01,22270.91,22274.04,21804.93,2.15
2012-12-06,HSI,恒生指数,22355.89,22249.81,22355.89,22215.08,0.63
2012-12-07,HSI,恒生指数,22294.73,22191.17,22371.4,22188.07,0.82
2012-12-10,HSI,恒生指数,22377.56,22276.72,22377.56,22235.76,0.64
2012-12-11,HSI,恒生指数,22295.99,22323.94,22393.2,22244.02,0.67
2012-12-12,HSI,恒生指数,22412.9,22503.35,22508.01,22412.9,0.43
2012-12-13,HSI,恒生指数,22500.99,22445.58,22563.14,22380.78,0.81
2012-12-14,HSI,恒生指数,22396.72,22605.98,22636.43,22396.72,1.07
2012-12-17,HSI,恒生指数,22590.76,22513.61,22625.41,22453.59,0.76
2012-12-18,HSI,恒生指数,22525.46,22494.73,22588.48,22449.74,0.62
2012-12-19,HSI,恒生指数,22654.65,22623.37,22683.72,22562.02,0.54
2012-12-20,HSI,恒生指数,22602.99,22659.78,22661.74,22483.95,0.79
2012-12-21,HSI,恒生指数,22565.09,22506.29,22565.09,22423.16,0.63
2012-12-24,HSI,恒生指数,22494.71,22541.18,22577.56,22494.71,0.37
2012-12-27,HSI,恒生指数,22705.46,22619.78,22718.83,22608.6,0.49
2012-12-28,HSI,恒生指数,22706.33,22666.59,22706.33,22628.46,0.34
2012-12-31,HSI,恒生指数,22584.44,22656.92,22698.33,22566.89,0.58
2013-01-02,HSI,恒生指数,22860.25,23311.98,23317.39,22860.25,2.02
2013-01-03,HSI,恒生指数,23390.54,23398.6,23400.74,23234.43,0.71
2013-01-04,HSI,恒生指数,23370.36,23331.09,23370.36,23172.28,0.85
2013-01-07,HSI,恒生指数,23345.2,23329.75,23402.45,23254.23,0.64
2013-01-08,HSI,恒生指数,23264.03,23111.19,23264.03,23088.4,0.75
2013-01-09,HSI,恒生指数,23154.71,23218.47,23235.39,23141.67,0.41
2013-01-10,HSI,恒生指数,23240.07,23354.31,23477.89,23165.64,1.34
2013-01-11,HSI,恒生指数,23478.81,23264.07,23486.6,23212.9,1.17
2013-01-14,HSI,恒生指数,23326.82,23413.26,23441.94,23292.07,0.64
2013-01-15,HSI,恒生指数,23327.88,23381.51,23515.86,23306.17,0.9
2013-01-16,HSI,恒生指数,23390.19,23356.99,23390.19,23203.24,0.8
2013-01-17,HSI,恒生指数,23471.67,23339.76,23504.73,23222.96,1.21
2013-01-18,HSI,恒生指数,23509.49,23601.78,23606.5,23450.77,0.67
2013-01-21,HSI,恒生指数,23565.96,23590.91,23639.63,23535.47,0.44
2013-01-22,HSI,恒生指数,23596.38,23658.99,23685.55,23498.96,0.79
2013-01-23,HSI,恒生指数,23700.45,23635.1,23710.87,23540.42,0.72
2013-01-24,HSI,恒生指数,23585.1,23598.9,23688.79,23547.79,0.6
2013-01-25,HSI,恒生指数,23653.54,23580.43,23666.39,23481.37,0.78
2013-01-28,HSI,恒生指数,23621.95,23671.88,23736.02,23621.95,0.48
2013-01-29,HSI,恒生指数,23659.11,23655.17,23707.11,23602.85,0.44
2013-01-30,HSI,恒生指数,23767.33,23822.06,23916.16,23765.57,0.64
2013-01-31,HSI,恒生指数,23799.17,23729.53,23799.17,23667.94,0.55
2013-02-01,HSI,恒生指数,23763.34,23721.84,23763.34,23571.3,0.81
2013-02-04,HSI,恒生指数,23866.8,23685.01,23944.74,23637.18,1.3
2013-02-05,HSI,恒生指数,23233.57,23148.53,23406.99,23104.27,1.28
2013-02-06,HSI,恒生指数,23292.43,23256.93,23355.37,23204.05,0.65
2013-02-07,HSI,恒生指数,23259.82,23177.0,23298.13,23134.78,0.7
2013-02-08,HSI,恒生指数,23101.09,23215.16,23267.2,23101.09,0.72
2013-02-14,HSI,恒生指数,23460.31,23413.25,23469.26,23300.6,0.73
2013-02-15,HSI,恒生指数,23315.41,23444.56,23446.77,23284.05,0.69
2013-02-18,HSI,恒生指数,23477.49,23381.94,23477.49,23309.55,0.72
2013-02-19,HSI,恒生指数,23368.22,23143.91,23454.19,23139.08,1.35
2013-02-20,HSI,恒生指数,23310.93,23307.41,23310.93,23163.86,0.64
2013-02-21,HSI,恒生指数,23026.18,22906.67,23026.18,22828.17,0.85
2013-02-22,HSI,恒生指数,22840.32,22782.44,22850.25,22674.59,0.77
2013-02-25,HSI,恒生指数,22852.89,22820.08,22876.03,22777.63,0.43
2013-02-26,HSI,恒生指数,22639.97,22519.69,22769.07,22510.76,1.13
2013-02-27,HSI,恒生指数,22656.4,22577.01,22656.4,22445.34,0.94
2013-02-28,HSI,恒生指数,22826.42,23020.27,23031.69,22734.84,1.31
2013-03-01,HSI,恒生指数,22957.09,22880.22,23015.68,22868.69,0.64
2013-03-04,HSI,恒生指数,22866.51,22537.81,22866.51,22466.08,1.75
2013-03-05,HSI,恒生指数,22621.6,22560.5,22661.49,22523.69,0.61
2013-03-06,HSI,恒生指数,22750.58,22777.84,22808.81,22664.94,0.64
2013-03-07,HSI,恒生指数,22729.29,22771.44,22843.73,22656.37,0.82
2013-03-08,HSI,恒生指数,22839.27,23091.95,23220.52,22839.27,1.67
2013-03-11,HSI,恒生指数,23131.44,23090.82,23246.29,23064.93,0.79
2013-03-12,HSI,恒生指数,23133.0,22890.6,23262.02,22879.18,1.66
2013-03-13,HSI,恒生指数,22901.12,22556.65,22901.12,22487.33,1.81
2013-03-14,HSI,恒生指数,22484.25,22619.18,22655.88,22305.54,1.55
2013-03-15,HSI,恒生指数,22705.92,22533.11,22799.67,22494.04,1.35
2013-03-18,HSI,恒生指数,22185.32,22083.36,22185.32,21997.72,0.83
2013-03-19,HSI,恒生指数,22138.1,22041.86,22218.85,22030.66,0.85
2013-03-20,HSI,恒生指数,21990.04,22256.44,22302.5,21975.9,1.48
2013-03-21,HSI,恒生指数,22285.81,22225.88,22403.79,22179.5,1.01
2013-03-22,HSI,恒生指数,22186.24,22115.3,22232.07,22033.18,0.89
2013-03-25,HSI,恒生指数,22327.53,22251.15,22351.08,22201.06,0.68
2013-03-26,HSI,恒生指数,22208.06,22311.08,22346.27,22088.56,1.16
2013-03-27,HSI,恒生指数,22385.47,22464.82,22529.37,22366.02,0.73
2013-03-28,HSI,恒生指数,22390.35,22299.63,22390.35,22132.33,1.15
2013-04-02,HSI,恒生指数,22203.93,22367.82,22449.46,22203.93,1.1
2013-04-03,HSI,恒生指数,22527.12,22337.49,22527.12,22283.16,1.09
2013-04-05,HSI,恒生指数,22230.93,21726.9,22230.93,21703.28,2.36
2013-04-08,HSI,恒生指数,21733.78,21718.05,21772.23,21612.05,0.74
2013-04-09,HSI,恒生指数,21800.24,21870.34,21979.08,21800.24,0.82
2013-04-10,HSI,恒生指数,21963.37,22034.56,22038.89,21858.81,0.82
2013-04-11,HSI,恒生指数,22198.49,22101.27,22251.62,22058.3,0.88
2013-04-12,HSI,恒生指数,22185.36,22089.05,22185.36,22049.58,0.61
2013-04-15,HSI,恒生指数,21998.74,21772.67,21998.74,21735.31,1.19
2013-04-16,HSI,恒生指数,21571.58,21672.03,21813.55,21475.33,1.55
2013-04-17,HSI,恒生指数,21794.69,21569.67,21798.57,21550.72,1.14
2013-04-18,HSI,恒生指数,21440.33,21512.52,21618.07,21423.25,0.9
2013-04-19,HSI,恒生指数,21517.94,22013.57,22016.97,21496.29,2.42
2013-04-22,HSI,恒生指数,22038.13,22044.37,22131.65,21956.53,0.8
2013-04-23,HSI,恒生指数,22085.7,21806.61,22085.7,21747.47,1.53
2013-04-24,HSI,恒生指数,22067.04,22183.05,22195.93,21962.9,1.07
2013-04-25,HSI,恒生指数,22298.64,22401.24,22486.45,22214.65,1.23
2013-04-26,HSI,恒生指数,22559.97,22547.71,22690.33,22528.95,0.72
2013-04-29,HSI,恒生指数,22567.63,22580.77,22647.59,22488.65,0.7
2013-04-30,HSI,恒生指数,22769.59,22737.01,22862.69,22669.54,0.86
2013-05-02,HSI,恒生指数,22692.33,22668.3,22706.07,22552.31,0.68
2013-05-03,HSI,恒生指数,22811.84,22689.96,22886.17,22678.67,0.92
2013-05-06,HSI,恒生指数,22967.78,22915.09,22980.56,22864.91,0.51
2013-05-07,HSI,恒生指数,22924.29,23047.09,23058.74,22855.58,0.89
2013-05-08,HSI,恒生指数,23215.95,23244.35,23270.0,23156.26,0.49
2013-05-09,HSI,恒生指数,23353.68,23211.48,23353.68,23126.81,0.98
2013-05-10,HSI,恒生指数,23213.59,23321.22,23330.6,23144.12,0.8
2013-05-13,HSI,恒生指数,23245.58,22989.81,23245.58,22958.87,1.23
2013-05-14,HSI,恒生指数,23124.24,22930.28,23145.91,22878.64,1.16
2013-05-15,HSI,恒生指数,23074.26,23044.24,23163.56,23002.32,0.7
2013-05-16,HSI,恒生指数,23110.19,23082.68,23163.0,22955.9,0.9
2013-05-20,HSI,恒生指数,23348.74,23493.03,23512.42,23348.74,0.71
2013-05-21,HSI,恒生指数,23425.69,23366.37,23446.0,23337.75,0.46
2013-05-22,HSI,恒生指数,23341.06,23261.08,23423.51,23179.46,1.04
2013-05-23,HSI,恒生指数,23066.71,22669.68,23123.43,22605.69,2.23
2013-05-24,HSI,恒生指数,22679.36,22618.67,22781.54,22470.53,1.37
2013-05-27,HSI,恒生指数,22571.63,22686.05,22729.87,22544.89,0.82
2013-05-28,HSI,恒生指数,22720.87,22924.25,22942.15,22639.54,1.33
2013-05-29,HSI,恒生指数,22826.85,22554.93,22861.6,22532.57,1.44
2013-05-30,HSI,恒生指数,22562.51,22484.31,22630.64,22290.72,1.51
2013-05-31,HSI,恒生指数,22582.55,22392.16,22582.55,22346.18,1.05
2013-06-03,HSI,恒生指数,22301.68,22282.19,22564.18,22249.65,1.4
2013-06-04,HSI,恒生指数,22320.5,22285.52,22330.05,22178.64,0.68
2013-06-05,HSI,恒生指数,22141.67,22069.24,22174.69,21933.92,1.08
2013-06-06,HSI,恒生指数,21908.45,21838.43,21949.81,21799.25,0.68
2013-06-07,HSI,恒生指数,21768.24,21575.26,21820.43,21506.33,1.44
2013-06-10,HSI,恒生指数,21592.9,21615.09,21723.86,21497.55,1.05
2013-06-11,HSI,恒生指数,21542.3,21354.66,21632.01,21307.99,1.5
2013-06-13,HSI,恒生指数,21069.26,20887.04,21069.26,20652.75,1.95
2013-06-14,HSI,恒生指数,21083.41,20969.14,21164.68,20954.66,1.01
2013-06-17,HSI,恒生指数,21007.28,21225.9,21272.75,21007.28,1.27
2013-06-18,HSI,恒生指数,21102.6,21225.88,21240.01,20995.39,1.15
2013-06-19,HSI,恒生指数,21188.4,20986.89,21232.51,20896.22,1.58
2013-06-20,HSI,恒生指数,20668.8,20382.87,20703.76,20374.14,1.57
2013-06-21,HSI,恒生指数,19969.98,20263.31,20383.54,19969.98,2.03
2013-06-24,HSI,恒生指数,20023.44,19813.98,20101.26,19756.61,1.7
2013-06-25,HSI,恒生指数,19775.98,19855.72,19992.3,19426.36,2.86
2013-06-26,HSI,恒生指数,20090.76,20338.55,20354.18,19913.98,2.22
2013-06-27,HSI,恒生指数,20456.47,20440.08,20713.34,20375.4,1.66
2013-06-28,HSI,恒生指数,20596.63,20803.29,20818.35,20490.89,1.6
2013-07-02,HSI,恒生指数,21004.56,20658.65,21004.56,20633.16,1.79
2013-07-03,HSI,恒生指数,20119.56,20147.31,20590.32,20119.56,2.28
2013-07-04,HSI,恒生指数,20334.94,20468.67,20532.14,20318.02,1.06
2013-07-05,HSI,恒生指数,20729.03,20854.67,20866.36,20729.03,0.67
2013-07-08,HSI,恒生指数,20598.21,20582.19,20694.51,20244.07,2.16
2013-07-09,HSI,恒生指数,20610.56,20683.01,20767.58,20571.55,0.95
2013-07-10,HSI,恒生指数,20841.73,20904.56,21044.47,20633.02,1.99
2013-07-11,HSI,恒生指数,21177.63,21437.49,21503.71,21177.63,1.56
2013-07-12,HSI,恒生指数,21522.15,21277.28,21522.15,21242.47,1.3
2013-07-15,HSI,恒生指数,21278.62,21303.31,21391.76,21205.6,0.87
2013-07-16,HSI,恒生指数,21333.07,21312.38,21394.13,21209.18,0.87
2013-07-17,HSI,恒生指数,21368.77,21371.87,21460.96,21253.59,0.97
2013-07-18,HSI,恒生指数,21426.9,21345.22,21445.15,21288.58,0.73
2013-07-19,HSI,恒生指数,21451.6,21362.42,21451.6,21214.24,1.11
2013-07-22,HSI,恒生指数,21498.96,21416.5,21498.96,21283.83,1.01
2013-07-23,HSI,恒生指数,21517.2,21915.42,21964.03,21517.2,2.09
2013-07-24,HSI,恒生指数,21912.9,21968.93,21984.26,21799.31,0.84
2013-07-25,HSI,恒生指数,21872.14,21900.96,21947.83,21841.45,0.48
2013-07-26,HSI,恒生指数,21892.34,21968.95,22034.38,21834.24,0.91
2013-07-29,HSI,恒生指数,21896.12,21850.15,21953.35,21749.69,0.93
2013-07-30,HSI,恒生指数,21870.14,21953.96,22033.21,21839.76,0.89
2013-07-31,HSI,恒生指数,21888.8,21883.66,22070.14,21853.44,0.99
2013-08-01,HSI,恒生指数,22025.75,22088.79,22152.06,21983.15,0.77
2013-08-02,HSI,恒生指数,22264.77,22190.97,22291.41,22136.78,0.7
2013-08-05,HSI,恒生指数,22273.82,22222.01,22273.82,22193.67,0.36
2013-08-06,HSI,恒生指数,22000.94,21923.7,22012.51,21807.96,0.92
2013-08-07,HSI,恒生指数,21756.47,21588.84,21901.46,21571.15,1.51
2013-08-08,HSI,恒生指数,21697.87,21655.88,21785.69,21629.5,0.72
2013-08-09,HSI,恒生指数,21760.05,21807.56,21811.24,21674.97,0.63
2013-08-12,HSI,恒生指数,21796.46,22271.28,22283.05,21735.06,2.51
2013-08-13,HSI,恒生指数,22368.47,22541.13,22563.81,22310.54,1.14
2013-08-15,HSI,恒生指数,22568.05,22539.25,22695.99,22472.88,0.99
2013-08-16,HSI,恒生指数,22450.83,22517.81,22663.75,22311.55,1.56
2013-08-19,HSI,恒生指数,22432.87,22463.7,22551.27,22387.71,0.73
2013-08-20,HSI,恒生指数,22396.29,21970.29,22481.74,21907.21,2.56
2013-08-21,HSI,恒生指数,21964.69,21817.73,21970.25,21618.6,1.6
2013-08-22,HSI,恒生指数,21538.19,21895.4,21944.47,21538.19,1.86
2013-08-23,HSI,恒生指数,22006.41,21863.51,22103.9,21769.04,1.53
2013-08-26,HSI,恒生指数,21943.4,22005.32,22116.0,21898.15,1.0
2013-08-27,HSI,恒生指数,21907.43,21874.77,21987.51,21770.75,0.99
2013-08-28,HSI,恒生指数,21584.56,21524.65,21655.24,21465.72,0.87
2013-08-29,HSI,恒生指数,21612.95,21704.78,21717.84,21554.25,0.76
2013-08-30,HSI,恒生指数,21618.34,21731.37,21753.4,21549.96,0.94
2013-09-02,HSI,恒生指数,21948.72,22175.34,22240.04,21948.72,1.34
2013-09-03,HSI,恒生指数,22323.0,22394.58,22456.8,22290.83,0.75
2013-09-04,HSI,恒生指数,22171.93,22326.22,22438.4,22142.99,1.32
2013-09-05,HSI,恒生指数,22538.96,22597.97,22682.94,22486.63,0.88
2013-09-06,HSI,恒生指数,22615.98,22621.22,22699.59,22578.33,0.54
2013-09-09,HSI,恒生指数,22770.25,22750.65,22853.02,22680.63,0.76
2013-09-10,HSI,恒生指数,22932.6,22976.65,22988.81,22842.88,0.64
2013-09-11,HSI,恒生指数,23095.86,22937.14,23120.46,22848.53,1.18
2013-09-12,HSI,恒生指数,22952.85,22953.72,23048.22,22908.99,0.61
2013-09-13,HSI,恒生指数,22920.76,22915.28,22956.77,22790.78,0.72
2013-09-16,HSI,恒生指数,23210.36,23252.41,23268.15,23173.84,0.41
2013-09-17,HSI,恒生指数,23246.91,23180.52,23246.91,23127.87,0.51
2013-09-18,HSI,恒生指数,23213.79,23117.45,23214.68,23080.59,0.58
2013-09-19,HSI,恒生指数,23549.89,23502.51,23554.34,23469.03,0.37
2013-09-23,HSI,恒生指数,23414.98,23371.54,23466.67,23291.23,0.75
2013-09-24,HSI,恒生指数,23324.38,23179.04,23324.38,23102.25,0.95
2013-09-25,HSI,恒生指数,23192.71,23209.63,23281.61,23154.84,0.55
2013-09-26,HSI,恒生指数,23192.7,23125.03,23224.36,23043.89,0.78
2013-09-27,HSI,恒生指数,23199.09,23207.04,23340.18,23118.84,0.96
2013-09-30,HSI,恒生指数,22946.74,22859.86,22986.95,22845.44,0.61
2013-10-02,HSI,恒生指数,22997.21,22984.48,23138.86,22933.31,0.9
2013-10-03,HSI,恒生指数,23167.2,23214.4,23241.5,23126.99,0.5
2013-10-04,HSI,恒生指数,23051.55,23138.54,23152.68,22983.47,0.73
2013-10-07,HSI,恒生指数,23152.92,22973.95,23152.92,22896.65,1.11
2013-10-08,HSI,恒生指数,22988.22,23178.85,23228.69,22927.12,1.31
2013-10-09,HSI,恒生指数,23002.08,23033.97,23065.67,22965.91,0.43
2013-10-10,HSI,恒生指数,23077.47,22951.3,23084.1,22743.47,1.48
2013-10-11,HSI,恒生指数,23318.46,23218.32,23336.59,23204.26,0.58
2013-10-15,HSI,恒生指数,23399.79,23336.52,23411.21,23279.33,0.57
2013-10-16,HSI,恒生指数,23350.94,23228.33,23350.94,23128.69,0.95
2013-10-17,HSI,恒生指数,23351.48,23094.88,23357.16,23073.88,1.22
2013-10-18,HSI,恒生指数,23261.65,23340.1,23364.47,23213.04,0.66
2013-10-21,HSI,恒生指数,23494.37,23438.15,23534.67,23356.79,0.76
2013-10-22,HSI,恒生指数,23309.01,23315.99,23387.54,23263.53,0.53
2013-10-23,HSI,恒生指数,23455.4,22999.95,23505.79,22970.52,2.3
2013-10-24,HSI,恒生指数,22975.55,22835.82,22975.55,22762.19,0.93
2013-10-25,HSI,恒生指数,22758.37,22698.34,22839.15,22640.18,0.87
2013-10-28,HSI,恒生指数,22753.75,22806.58,22849.3,22753.75,0.42
2013-10-29,HSI,恒生指数,22842.33,22846.54,22979.35,22760.9,0.96
2013-10-30,HSI,恒生指数,22966.95,23304.02,23316.12,22935.6,1.67
2013-10-31,HSI,恒生指数,23134.39,23206.37,23250.66,23108.27,0.61
2013-11-01,HSI,恒生指数,23208.8,23249.79,23336.98,23149.53,0.81
2013-11-04,HSI,恒生指数,23322.07,23189.62,23345.93,23165.06,0.78
2013-11-05,HSI,恒生指数,23313.61,23038.95,23313.61,22949.42,1.57
2013-11-06,HSI,恒生指数,23042.11,23036.94,23119.04,23036.94,0.36
2013-11-07,HSI,恒生指数,23023.73,22881.03,23023.73,22819.65,0.89
2013-11-08,HSI,恒生指数,22713.0,22744.39,22813.76,22686.57,0.56
2013-11-11,HSI,恒生指数,22781.99,23069.85,23124.3,22688.41,1.92
2013-11-12,HSI,恒生指数,23051.76,22901.41,23084.88,22857.26,0.99
2013-11-13,HSI,恒生指数,22665.91,22463.83,22665.91,22463.4,0.88
2013-11-14,HSI,恒生指数,22673.32,22649.15,22691.67,22529.33,0.72
2013-11-15,HSI,恒生指数,22749.6,23032.15,23050.35,22749.6,1.33
2013-11-18,HSI,恒生指数,23397.73,23660.06,23706.68,23390.66,1.37
2013-11-19,HSI,恒生指数,23834.52,23657.81,23856.9,23620.28,1.0
2013-11-20,HSI,恒生指数,23774.31,23700.86,23843.8,23690.81,0.65
2013-11-21,HSI,恒生指数,23661.42,23580.29,23661.42,23508.79,0.64
2013-11-22,HSI,恒生指数,23752.28,23696.28,23764.41,23641.2,0.52
2013-11-25,HSI,恒生指数,23829.97,23684.45,23829.97,23673.53,0.66
2013-11-26,HSI,恒生指数,23675.37,23681.28,23751.86,23659.98,0.39
2013-11-27,HSI,恒生指数,23653.95,23806.35,23856.92,23649.8,0.87
2013-11-28,HSI,恒生指数,23934.94,23789.09,24014.81,23734.54,1.18
2013-11-29,HSI,恒生指数,23862.38,23881.29,23912.29,23809.71,0.43
2013-12-02,HSI,恒生指数,23936.15,24038.55,24111.55,23844.24,1.12
2013-12-03,HSI,恒生指数,23887.77,23910.47,23975.76,23833.25,0.59
2013-12-04,HSI,恒生指数,23719.6,23728.7,23846.84,23603.02,1.02
2013-12-05,HSI,恒生指数,23634.09,23712.57,23728.9,23563.21,0.7
2013-12-06,HSI,恒生指数,23620.31,23743.1,23812.89,23614.2,0.84
2013-12-09,HSI,恒生指数,23970.0,23811.17,23970.0,23775.01,0.82
2013-12-10,HSI,恒生指数,23799.45,23744.19,23810.94,23707.76,0.43
2013-12-11,HSI,恒生指数,23686.8,23338.24,23693.51,23295.14,1.68
2013-12-12,HSI,恒生指数,23265.13,23218.12,23327.44,23160.9,0.71
2013-12-13,HSI,恒生指数,23080.19,23245.96,23331.53,23017.34,1.35
2013-12-16,HSI,恒生指数,23138.28,23114.66,23204.63,22999.76,0.88
2013-12-17,HSI,恒生指数,23281.38,23069.23,23281.38,23040.6,1.04
2013-12-18,HSI,恒生指数,23076.54,23143.82,23240.71,22993.54,1.07
2013-12-19,HSI,恒生指数,23404.45,22888.75,23404.45,22753.3,2.81
2013-12-20,HSI,恒生指数,22904.18,22812.18,22936.92,22713.7,0.98
2013-12-23,HSI,恒生指数,22946.55,22921.56,23005.92,22862.89,0.63
2013-12-24,HSI,恒生指数,23045.64,23179.55,23194.63,23026.1,0.74
2013-12-27,HSI,恒生指数,23138.91,23243.24,23283.31,23130.86,0.66
2013-12-30,HSI,恒生指数,23353.54,23244.87,23369.37,23178.28,0.82
2013-12-31,HSI,恒生指数,23328.44,23306.39,23361.34,23271.8,0.39
2014-01-02,HSI,恒生指数,23452.76,23340.05,23469.33,23173.93,1.27
2014-01-03,HSI,恒生指数,23097.98,22817.28,23097.98,22782.42,1.35
2014-01-06,HSI,恒生指数,22732.83,22684.15,22757.45,22567.77,0.83
2014-01-07,HSI,恒生指数,22689.25,22712.78,22802.85,22644.58,0.7
2014-01-08,HSI,恒生指数,22834.81,22996.59,23031.19,22778.83,1.11
2014-01-09,HSI,恒生指数,22925.23,22787.33,23044.97,22709.03,1.46
2014-01-10,HSI,恒生指数,22735.93,22846.25,22932.21,22726.84,0.9
2014-01-13,HSI,恒生指数,23046.41,22888.76,23067.33,22762.24,1.34
2014-01-14,HSI,恒生指数,22637.55,22791.28,22883.0,22637.55,1.07
2014-01-15,HSI,恒生指数,22985.78,22902.0,23010.07,22826.98,0.8
2014-01-16,HSI,恒生指数,23085.14,22986.41,23085.14,22936.74,0.65
2014-01-17,HSI,恒生指数,22898.48,23133.35,23263.42,22849.1,1.8
2014-01-20,HSI,恒生指数,23048.13,22928.95,23089.24,22884.62,0.88
2014-01-21,HSI,恒生指数,23040.84,23033.12,23139.65,22986.47,0.67
2014-01-22,HSI,恒生指数,22954.77,23082.25,23119.61,22913.66,0.89
2014-01-23,HSI,恒生指数,23082.01,22733.9,23093.85,22722.58,1.61
2014-01-24,HSI,恒生指数,22522.44,22450.06,22659.72,22435.72,0.99
2014-01-27,HSI,恒生指数,22019.1,21976.1,22044.23,21880.73,0.73
2014-01-28,HSI,恒生指数,22012.51,21960.64,22022.14,21892.2,0.59
2014-01-29,HSI,恒生指数,22111.63,22141.61,22222.7,22109.93,0.51
2014-01-30,HSI,恒生指数,21827.33,22035.42,22052.16,21746.23,1.38
2014-02-04,HSI,恒生指数,21561.7,21397.77,21609.59,21388.61,1.0
2014-02-05,HSI,恒生指数,21564.88,21269.38,21564.88,21197.78,1.72
2014-02-06,HSI,恒生指数,21320.91,21423.13,21440.4,21277.01,0.77
2014-02-07,HSI,恒生指数,21498.09,21636.85,21703.69,21480.09,1.04
2014-02-10,HSI,恒生指数,21646.75,21579.26,21687.84,21524.81,0.75
2014-02-11,HSI,恒生指数,21623.79,21962.98,22025.58,21623.79,1.86
2014-02-12,HSI,恒生指数,22057.7,22285.79,22308.25,22010.56,1.36
2014-02-13,HSI,恒生指数,22297.7,22165.53,22297.7,22098.2,0.9
2014-02-14,HSI,恒生指数,22382.72,22298.41,22412.74,22243.77,0.76
2014-02-17,HSI,恒生指数,22463.4,22535.94,22585.68,22463.4,0.55
2014-02-18,HSI,恒生指数,22535.2,22587.72,22592.36,22437.38,0.69
2014-02-19,HSI,恒生指数,22600.6,22664.52,22708.4,22534.19,0.77
2014-02-20,HSI,恒生指数,22595.91,22394.08,22742.72,22297.85,1.96
2014-02-21,HSI,恒生指数,22617.63,22568.24,22633.29,22442.39,0.85
2014-02-24,HSI,恒生指数,22576.35,22388.56,22576.35,22260.13,1.4
2014-02-25,HSI,恒生指数,22498.42,22317.2,22518.84,22259.76,1.16
2014-02-26,HSI,恒生指数,22297.62,22437.44,22502.96,22258.89,1.09
2014-02-27,HSI,恒生指数,22465.96,22828.18,22866.23,22432.48,1.93
2014-02-28,HSI,恒生指数,22942.96,22836.96,22986.7,22709.52,1.21
2014-03-03,HSI,恒生指数,22630.77,22500.67,22749.13,22487.23,1.15
2014-03-04,HSI,恒生指数,22542.17,22657.63,22783.98,22534.1,1.11
2014-03-05,HSI,恒生指数,22839.43,22579.78,22839.43,22529.83,1.37
2014-03-06,HSI,恒生指数,22588.77,22702.97,22764.38,22588.76,0.78
2014-03-07,HSI,恒生指数,22728.53,22660.49,22820.41,22604.02,0.95
2014-03-10,HSI,恒生指数,22339.42,22264.93,22388.46,22206.8,0.8
2014-03-11,HSI,恒生指数,22234.61,22269.61,22351.99,22198.07,0.69
2014-03-12,HSI,恒生指数,22019.03,21901.95,22019.03,21873.2,0.65
2014-03-13,HSI,恒生指数,21920.94,21756.08,22041.33,21743.34,1.36
2014-03-14,HSI,恒生指数,21612.07,21539.49,21630.7,21462.49,0.77
2014-03-17,HSI,恒生指数,21494.37,21473.95,21535.7,21423.03,0.52
2014-03-18,HSI,恒生指数,21549.22,21583.5,21606.98,21469.21,0.64
2014-03-19,HSI,恒生指数,21585.12,21568.69,21614.53,21485.51,0.6
2014-03-20,HSI,恒生指数,21352.49,21182.16,21475.48,21137.61,1.57
2014-03-21,HSI,恒生指数,21239.09,21436.7,21470.31,21171.91,1.41
2014-03-24,HSI,恒生指数,21657.55,21846.45,21866.97,21590.07,1.29
2014-03-25,HSI,恒生指数,21773.64,21732.32,21858.11,21704.73,0.7
2014-03-26,HSI,恒生指数,21889.76,21887.75,22006.64,21865.33,0.65
2014-03-27,HSI,恒生指数,21897.07,21834.45,21926.83,21715.63,0.96
2014-03-28,HSI,恒生指数,21930.4,22065.53,22143.24,21930.4,0.97
2014-03-31,HSI,恒生指数,22244.16,22151.06,22244.16,22043.51,0.91
2014-04-01,HSI,恒生指数,22292.32,22448.54,22458.94,22250.66,0.94
2014-04-02,HSI,恒生指数,22598.4,22523.94,22598.4,22436.28,0.72
2014-04-03,HSI,恒生指数,22666.06,22565.08,22722.24,22531.24,0.85
2014-04-04,HSI,恒生指数,22476.25,22510.08,22595.71,22452.64,0.63
2014-04-07,HSI,恒生指数,22416.47,22377.15,22485.24,22326.41,0.71
2014-04-08,HSI,恒生指数,22390.14,22596.97,22625.21,22329.99,1.32
2014-04-09,HSI,恒生指数,22725.43,22843.17,22933.33,22721.19,0.94
2014-04-10,HSI,恒生指数,22949.79,23186.96,23224.54,22734.39,2.15
2014-04-11,HSI,恒生指数,23150.8,23003.64,23194.15,22946.21,1.07
2014-04-14,HSI,恒生指数,22911.82,23038.8,23090.94,22911.82,0.78
2014-04-15,HSI,恒生指数,23054.35,22671.26,23054.35,22658.27,1.72
2014-04-16,HSI,恒生指数,22686.21,22696.01,22866.56,22627.51,1.05
2014-04-17,HSI,恒生指数,22858.79,22760.24,22858.79,22657.95,0.88
2014-04-22,HSI,恒生指数,22718.69,22730.68,22808.3,22644.43,0.72
2014-04-23,HSI,恒生指数,22855.26,22509.64,22855.26,22495.59,1.58
2014-04-24,HSI,恒生指数,22527.38,22562.8,22575.5,22461.1,0.51
2014-04-25,HSI,恒生指数,22524.56,22223.53,22548.52,22213.74,1.48
2014-04-28,HSI,恒生指数,22122.38,22132.53,22202.27,22096.95,0.47
2014-04-29,HSI,恒生指数,22172.08,22453.89,22474.19,22099.2,1.69
2014-04-30,HSI,恒生指数,22466.04,22133.97,22466.04,22097.36,1.64
2014-05-02,HSI,恒生指数,22194.66,22260.67,22312.71,22150.35,0.73
2014-05-05,HSI,恒生指数,22195.8,21976.33,22284.56,21873.87,1.84
2014-05-07,HSI,恒生指数,21904.52,21746.26,21923.15,21680.33,1.1
2014-05-08,HSI,恒生指数,21804.65,21837.12,21929.43,21738.15,0.88
2014-05-09,HSI,恒生指数,21819.94,21862.99,21925.39,21705.12,1.01
2014-05-12,HSI,恒生指数,21921.59,22261.61,22399.64,21796.9,2.76
2014-05-13,HSI,恒生指数,22436.24,22352.38,22436.24,22286.46,0.67
2014-05-14,HSI,恒生指数,22484.49,22582.77,22664.37,22365.23,1.34
2014-05-15,HSI,恒生指数,22726.59,22730.86,22792.63,22610.01,0.81
2014-05-16,HSI,恒生指数,22645.52,22712.91,22718.07,22555.59,0.71
2014-05-19,HSI,恒生指数,22751.24,22704.5,22751.24,22555.97,0.86
2014-05-20,HSI,恒生指数,22758.02,22834.68,22914.17,22758.02,0.69
2014-05-21,HSI,恒生指数,22715.58,22836.52,22883.5,22649.66,1.02
2014-05-22,HSI,恒生指数,22942.27,22953.76,23053.28,22884.52,0.74
2014-05-23,HSI,恒生指数,23010.45,22965.86,23010.45,22922.35,0.38
2014-05-26,HSI,恒生指数,23055.47,22963.18,23086.98,22898.78,0.82
2014-05-27,HSI,恒生指数,22953.12,22944.3,22984.46,22886.46,0.43
2014-05-28,HSI,恒生指数,23023.82,23080.03,23204.94,22949.86,1.11
2014-05-29,HSI,恒生指数,23103.31,23010.14,23209.26,22968.1,1.04
2014-05-30,HSI,恒生指数,23074.79,23081.65,23178.6,22993.71,0.8
2014-06-03,HSI,恒生指数,23327.51,23291.04,23327.51,23134.34,0.84
2014-06-04,HSI,恒生指数,23284.17,23151.71,23284.17,23110.85,0.74
2014-06-05,HSI,恒生指数,23142.66,23109.66,23178.08,23052.43,0.54
2014-06-06,HSI,恒生指数,23231.32,22951.0,23231.32,22950.67,1.21
2014-06-09,HSI,恒生指数,23086.94,23117.47,23159.6,23053.38,0.46
2014-06-10,HSI,恒生指数,23206.2,23315.74,23360.25,23061.25,1.29
2014-06-11,HSI,恒生指数,23281.14,23257.29,23281.14,23168.14,0.48
2014-06-12,HSI,恒生指数,23127.82,23175.02,23237.76,23065.5,0.74
2014-06-13,HSI,恒生指数,23099.87,23319.17,23397.77,23099.87,1.29
2014-06-16,HSI,恒生指数,23299.04,23300.67,23340.42,23232.56,0.46
2014-06-17,HSI,恒生指数,23237.63,23203.59,23242.69,23127.02,0.5
2014-06-18,HSI,恒生指数,23128.22,23181.72,23299.36,23128.22,0.74
2014-06-19,HSI,恒生指数,23264.92,23167.73,23300.31,23122.75,0.77
2014-06-20,HSI,恒生指数,23199.18,23194.06,23285.52,23157.86,0.55
2014-06-23,HSI,恒生指数,23165.26,22804.81,23393.81,22802.1,2.55
2014-06-24,HSI,恒生指数,22915.92,22880.64,22946.1,22832.91,0.5
2014-06-25,HSI,恒生指数,22935.06,22866.7,22938.7,22829.29,0.48
2014-06-26,HSI,恒生指数,22947.84,23197.83,23203.48,22926.04,1.21
2014-06-27,HSI,恒生指数,23188.48,23221.52,23272.1,23111.03,0.69
2014-06-30,HSI,恒生指数,23273.19,23190.72,23346.23,22960.08,1.66
2014-07-02,HSI,恒生指数,23326.53,23549.62,23576.35,23293.82,1.22
2014-07-03,HSI,恒生指数,23553.6,23531.44,23591.47,23482.9,0.46
2014-07-04,HSI,恒生指数,23609.32,23546.36,23626.14,23508.27,0.5
2014-07-07,HSI,恒生指数,23581.4,23540.92,23592.38,23435.24,0.67
2014-07-08,HSI,恒生指数,23555.31,23541.38,23555.66,23455.13,0.43
2014-07-09,HSI,恒生指数,23408.05,23176.07,23408.05,23126.68,1.2
2014-07-10,HSI,恒生指数,23281.45,23238.99,23281.45,23182.06,0.43
2014-07-11,HSI,恒生指数,23155.69,23233.45,23307.54,23146.99,0.69
2014-07-14,HSI,恒生指数,23310.16,23346.67,23459.48,23273.41,0.8
2014-07-15,HSI,恒生指数,23482.84,23459.96,23496.57,23398.25,0.42
2014-07-16,HSI,恒生指数,23490.43,23523.28,23562.32,23430.14,0.56
2014-07-17,HSI,恒生指数,23583.35,23520.87,23583.35,23421.99,0.69
2014-07-18,HSI,恒生指数,23316.46,23454.79,23460.13,23240.61,0.93
2014-07-21,HSI,恒生指数,23484.53,23387.14,23498.35,23372.63,0.54
2014-07-22,HSI,恒生指数,23465.81,23782.11,23803.17,23423.34,1.62
2014-07-23,HSI,恒生指数,23841.22,23971.87,23975.74,23834.39,0.59
2014-07-24,HSI,恒生指数,24080.61,24141.5,24150.0,24005.25,0.6
2014-07-25,HSI,恒生指数,24247.2,24216.01,24247.2,24088.99,0.66
2014-07-28,HSI,恒生指数,24249.27,24428.63,24501.13,24248.36,1.04
2014-07-29,HSI,恒生指数,24526.63,24640.53,24666.96,24437.1,0.94
2014-07-30,HSI,恒生指数,24704.58,24732.21,24912.22,24660.35,1.02
2014-07-31,HSI,恒生指数,24805.75,24756.85,24893.74,24661.57,0.94
2014-08-01,HSI,恒生指数,24594.23,24532.43,24731.52,24485.73,0.99
2014-08-04,HSI,恒生指数,24590.11,24600.08,24690.6,24558.37,0.54
2014-08-05,HSI,恒生指数,24679.11,24648.26,24679.11,24494.09,0.75
2014-08-06,HSI,恒生指数,24558.82,24584.13,24589.71,24397.41,0.78
2014-08-07,HSI,恒生指数,24498.83,24387.56,24502.3,24364.58,0.56
2014-08-08,HSI,恒生指数,24307.1,24331.41,24493.01,24190.93,1.24
2014-08-11,HSI,恒生指数,24533.34,24646.02,24671.33,24491.02,0.74
2014-08-12,HSI,恒生指数,24668.57,24689.41,24691.66,24552.42,0.56
2014-08-13,HSI,恒生指数,24726.24,24890.34,24907.11,24611.22,1.2
2014-08-14,HSI,恒生指数,24894.18,24801.36,24964.42,24721.87,0.97
2014-08-15,HSI,恒生指数,24969.72,24954.94,25010.31,24872.71,0.55
2014-08-18,HSI,恒生指数,24943.6,24955.46,24978.94,24765.03,0.86
2014-08-19,HSI,恒生指数,25045.55,25122.95,25201.21,24909.26,1.17
2014-08-20,HSI,恒生指数,25156.95,25159.76,25190.03,25056.71,0.53
2014-08-21,HSI,恒生指数,25142.34,24994.1,25142.34,24896.2,0.98
2014-08-22,HSI,恒生指数,25113.73,25112.23,25132.93,25025.94,0.43
2014-08-25,HSI,恒生指数,25049.96,25166.91,25243.16,24946.85,1.18
2014-08-26,HSI,恒生指数,25147.75,25074.5,25188.31,25068.98,0.47
2014-08-27,HSI,恒生指数,25134.49,24918.75,25160.68,24883.46,1.11
2014-08-28,HSI,恒生指数,25055.81,24741.0,25055.81,24679.1,1.51
2014-08-29,HSI,恒生指数,24748.19,24742.06,24814.27,24630.8,0.74
2014-09-01,HSI,恒生指数,24703.74,24752.09,24891.27,24696.18,0.79
2014-09-02,HSI,恒生指数,24699.76,24749.02,24816.89,24576.23,0.97
2014-09-03,HSI,恒生指数,24786.04,25317.95,25325.16,24751.72,2.32
2014-09-04,HSI,恒生指数,25268.44,25297.92,25362.98,25193.37,0.67
2014-09-05,HSI,恒生指数,25356.56,25240.15,25356.56,25171.59,0.73
2014-09-08,HSI,恒生指数,25293.09,25190.45,25293.09,25074.02,0.87
2014-09-10,HSI,恒生指数,24969.39,24705.36,24969.39,24681.19,1.14
2014-09-11,HSI,恒生指数,24701.73,24662.64,24782.95,24589.9,0.78
2014-09-12,HSI,恒生指数,24620.19,24595.32,24701.43,24487.94,0.87
2014-09-15,HSI,恒生指数,24410.38,24356.99,24471.8,24300.57,0.7
2014-09-16,HSI,恒生指数,24318.82,24136.01,24405.98,24117.6,1.18
2014-09-17,HSI,恒生指数,24380.28,24376.41,24470.26,24339.53,0.54
2014-09-18,HSI,恒生指数,24294.64,24168.72,24294.64,24103.53,0.78
2014-09-19,HSI,恒生指数,24334.65,24306.16,24419.85,24155.62,1.09
2014-09-22,HSI,恒生指数,24072.18,23955.49,24082.62,23949.29,0.55
2014-09-23,HSI,恒生指数,23882.59,23837.07,24012.06,23825.96,0.78
2014-09-24,HSI,恒生指数,23788.98,23921.61,24016.41,23788.98,0.95
2014-09-25,HSI,恒生指数,24048.38,23768.13,24058.02,23754.33,1.27
2014-09-26,HSI,恒生指数,23581.56,23678.41,23717.08,23555.62,0.68
2014-09-29,HSI,恒生指数,23399.51,23229.21,23399.51,23095.78,1.28
2014-09-30,HSI,恒生指数,23137.26,22932.98,23137.26,22855.04,1.21
2014-10-03,HSI,恒生指数,22691.59,23064.56,23147.85,22565.6,2.54
2014-10-06,HSI,恒生指数,23053.79,23315.04,23441.27,22988.64,1.96
2014-10-07,HSI,恒生指数,23224.22,23422.52,23517.85,23209.77,1.32
2014-10-08,HSI,恒生指数,23221.76,23263.33,23369.39,23184.15,0.79
2014-10-09,HSI,恒生指数,23461.35,23534.53,23581.35,23437.87,0.62
2014-10-10,HSI,恒生指数,23198.8,23088.54,23237.4,23071.27,0.71
2014-10-13,HSI,恒生指数,22884.0,23143.38,23273.04,22871.27,1.74
2014-10-14,HSI,恒生指数,23064.92,23047.97,23409.96,23040.8,1.6
2014-10-15,HSI,恒生指数,23087.5,23140.05,23238.04,22992.93,1.06
2014-10-16,HSI,恒生指数,22913.5,22900.94,23040.31,22868.02,0.74
2014-10-17,HSI,恒生指数,22904.11,23023.21,23148.96,22888.76,1.14
2014-10-20,HSI,恒生指数,23239.78,23070.26,23290.42,23052.31,1.03
2014-10-21,HSI,恒生指数,23073.36,23088.58,23231.52,22964.92,1.16
2014-10-22,HSI,恒生指数,23300.45,23403.97,23460.77,23193.48,1.16
2014-10-23,HSI,恒生指数,23296.0,23333.18,23397.17,23221.69,0.75
2014-10-24,HSI,恒生指数,23311.88,23302.2,23352.59,23157.48,0.84
2014-10-27,HSI,恒生指数,23275.4,23143.23,23275.4,23012.8,1.13
2014-10-28,HSI,恒生指数,23189.83,23520.36,23570.92,23189.83,1.65
2014-10-29,HSI,恒生指数,23703.95,23819.87,23855.67,23699.56,0.66
2014-10-30,HSI,恒生指数,23841.74,23702.04,23841.74,23615.1,0.95
2014-10-31,HSI,恒生指数,23913.69,23998.06,24046.4,23850.7,0.83
2014-11-03,HSI,恒生指数,24133.45,23915.97,24133.45,23875.09,1.08
2014-11-04,HSI,恒生指数,23849.72,23845.66,24016.42,23815.85,0.84
2014-11-05,HSI,恒生指数,23846.84,23695.62,23846.84,23623.14,0.94
2014-11-06,HSI,恒生指数,23737.76,23649.31,23775.73,23623.41,0.64
2014-11-07,HSI,恒生指数,23607.65,23550.24,23831.25,23430.2,1.7
2014-11-10,HSI,恒生指数,24074.85,23744.7,24110.24,23703.72,1.73
2014-11-11,HSI,恒生指数,23809.41,23808.28,23931.45,23760.53,0.72
2014-11-12,HSI,恒生指数,23883.31,23938.18,23999.97,23801.73,0.83
2014-11-13,HSI,恒生指数,23854.33,24019.94,24097.92,23850.39,1.03
2014-11-14,HSI,恒生指数,24048.36,24087.38,24102.7,23966.8,0.57
2014-11-17,HSI,恒生指数,24313.06,23797.08,24313.06,23787.28,2.18
2014-11-18,HSI,恒生指数,23868.9,23529.17,23881.01,23483.19,1.67
2014-11-19,HSI,恒生指数,23466.07,23373.31,23572.21,23341.16,0.98
2014-11-20,HSI,恒生指数,23401.0,23349.64,23461.02,23252.63,0.89
2014-11-21,HSI,恒生指数,23353.72,23437.12,23508.02,23301.48,0.88
2014-11-24,HSI,恒生指数,23883.32,23893.14,23936.34,23823.56,0.48
2014-11-25,HSI,恒生指数,23841.16,23843.91,23935.07,23809.51,0.53
2014-11-26,HSI,恒生指数,23833.19,24111.98,24176.64,23799.42,1.58
2014-11-27,HSI,恒生指数,24169.85,24004.28,24228.11,23962.44,1.1
2014-11-28,HSI,恒生指数,23982.29,23987.45,24117.16,23887.63,0.96
2014-12-01,HSI,恒生指数,23678.0,23367.45,23731.76,23318.48,1.72
2014-12-02,HSI,恒生指数,23400.11,23654.3,23784.95,23293.81,2.1
2014-12-03,HSI,恒生指数,23756.05,23428.62,23921.76,23378.81,2.3
2014-12-04,HSI,恒生指数,23554.81,23832.56,23844.24,23456.71,1.65
2014-12-05,HSI,恒生指数,23907.78,24002.64,24170.05,23772.84,1.67
2014-12-08,HSI,恒生指数,24113.14,24047.67,24189.59,24012.15,0.74
2014-12-09,HSI,恒生指数,23910.41,23485.83,23934.02,23399.87,2.22
2014-12-10,HSI,恒生指数,23442.69,23524.52,23656.51,23345.89,1.32
2014-12-11,HSI,恒生指数,23269.51,23312.54,23382.83,23169.67,0.91
2014-12-12,HSI,恒生指数,23328.99,23249.2,23445.96,23230.03,0.93
2014-12-15,HSI,恒生指数,22977.84,23027.85,23067.67,22856.02,0.91
2014-12-16,HSI,恒生指数,22877.3,22670.5,22944.28,22641.06,1.32
2014-12-17,HSI,恒生指数,22697.68,22585.84,22726.56,22529.75,0.87
2014-12-18,HSI,恒生指数,22878.34,22832.21,22935.05,22736.89,0.88
2014-12-19,HSI,恒生指数,23158.27,23116.63,23189.6,23041.37,0.65
2014-12-22,HSI,恒生指数,23264.05,23408.57,23478.9,23264.05,0.93
2014-12-23,HSI,恒生指数,23423.33,23333.69,23495.62,23269.43,0.97
2014-12-24,HSI,恒生指数,23290.42,23349.34,23421.1,23290.42,0.56
2014-12-29,HSI,恒生指数,23694.53,23773.18,23867.46,23694.53,0.74
2014-12-30,HSI,恒生指数,23853.13,23501.1,23853.13,23442.55,1.73
2014-12-31,HSI,恒生指数,23480.81,23605.04,23632.35,23464.25,0.72
2015-01-02,HSI,恒生指数,23683.63,23857.82,23867.46,23635.6,0.98
2015-01-05,HSI,恒生指数,23699.19,23721.32,23998.87,23655.52,1.44
2015-01-06,HSI,恒生指数,23515.13,23485.41,23611.0,23312.5,1.26
2015-01-07,HSI,恒生指数,23396.7,23681.26,23715.71,23332.03,1.63
2015-01-08,HSI,恒生指数,23920.35,23835.53,23941.64,23719.05,0.94
2015-01-09,HSI,恒生指数,24049.7,23919.95,24169.06,23859.49,1.3
2015-01-12,HSI,恒生指数,24118.59,24026.46,24118.59,23905.01,0.89
2015-01-13,HSI,恒生指数,23908.23,24215.97,24254.11,23908.23,1.44
2015-01-14,HSI,恒生指数,24276.33,24112.6,24326.7,24056.22,1.12
2015-01-15,HSI,恒生指数,24169.35,24350.91,24369.0,24070.39,1.24
2015-01-16,HSI,恒生指数,24196.85,24103.52,24253.09,24086.21,0.69
2015-01-19,HSI,恒生指数,23971.23,23738.49,24049.55,23590.05,1.91
2015-01-20,HSI,恒生指数,23798.46,23951.16,23997.31,23747.92,1.05
2015-01-21,HSI,恒生指数,24036.41,24352.58,24373.28,24016.63,1.49
2015-01-22,HSI,恒生指数,24480.02,24522.63,24589.62,24438.98,0.62
2015-01-23,HSI,恒生指数,24807.36,24850.45,24896.22,24726.77,0.69
2015-01-26,HSI,恒生指数,24907.19,24909.9,24916.49,24761.55,0.62
2015-01-27,HSI,恒生指数,24995.08,24807.28,24995.08,24672.76,1.29
2015-01-28,HSI,恒生指数,24799.98,24861.81,24983.89,24716.68,1.08
2015-01-29,HSI,恒生指数,24645.2,24595.85,24739.22,24524.18,0.86
2015-01-30,HSI,恒生指数,24771.37,24507.05,24771.37,24450.05,1.31
2015-02-02,HSI,恒生指数,24347.27,24484.74,24506.81,24324.37,0.74
2015-02-03,HSI,恒生指数,24542.49,24554.78,24602.6,24327.51,1.12
2015-02-04,HSI,恒生指数,24750.76,24679.76,24824.58,24642.5,0.74
2015-02-05,HSI,恒生指数,25048.26,24765.49,25048.26,24642.81,1.64
2015-02-06,HSI,恒生指数,24843.2,24679.39,24843.2,24645.76,0.8
2015-02-09,HSI,恒生指数,24529.55,24521.0,24657.87,24449.48,0.84
2015-02-10,HSI,恒生指数,24475.04,24528.1,24583.79,24422.85,0.66
2015-02-11,HSI,恒生指数,24512.62,24315.02,24551.74,24266.68,1.16
2015-02-12,HSI,恒生指数,24377.59,24422.15,24514.49,24226.29,1.19
2015-02-13,HSI,恒生指数,24535.66,24682.54,24702.54,24521.13,0.74
2015-02-16,HSI,恒生指数,24717.49,24726.53,24771.6,24687.15,0.34
2015-02-17,HSI,恒生指数,24653.88,24784.88,24855.75,24653.88,0.82
2015-02-18,HSI,恒生指数,24836.05,24832.08,24871.79,24806.06,0.27
2015-02-23,HSI,恒生指数,24916.24,24836.76,24916.24,24664.68,1.01
2015-02-24,HSI,恒生指数,24776.72,24750.07,24808.3,24673.93,0.54
2015-02-25,HSI,恒生指数,24822.28,24778.28,24869.37,24691.78,0.72
2015-02-26,HSI,恒生指数,24718.28,24902.06,24998.64,24709.56,1.17
2015-02-27,HSI,恒生指数,24902.61,24823.29,25101.96,24815.03,1.15
2015-03-02,HSI,恒生指数,24996.76,24887.44,24997.83,24715.38,1.14
2015-03-03,HSI,恒生指数,24984.62,24702.78,24984.62,24663.43,1.29
2015-03-04,HSI,恒生指数,24656.94,24465.38,24705.96,24439.29,1.08
2015-03-05,HSI,恒生指数,24274.9,24193.04,24393.85,24133.71,1.06
2015-03-06,HSI,恒生指数,24235.76,24164.0,24294.36,24126.09,0.7
2015-03-09,HSI,恒生指数,23982.5,24123.05,24205.86,23910.16,1.22
2015-03-10,HSI,恒生指数,24150.68,23896.98,24152.4,23869.82,1.17
2015-03-11,HSI,恒生指数,23807.1,23717.97,23899.86,23703.84,0.82
2015-03-12,HSI,恒生指数,23709.17,23797.96,23880.25,23677.06,0.86
2015-03-13,HSI,恒生指数,23808.97,23823.21,23918.71,23790.83,0.54
2015-03-16,HSI,恒生指数,23771.4,23949.55,23970.05,23711.27,1.09
2015-03-17,HSI,恒生指数,24106.47,23901.49,24106.47,23822.78,1.18
2015-03-18,HSI,恒生指数,23938.63,24120.08,24210.75,23938.63,1.14
2015-03-19,HSI,恒生指数,24325.56,24468.89,24500.23,24248.84,1.04
2015-03-20,HSI,恒生指数,24417.53,24375.24,24524.55,24351.5,0.71
2015-03-23,HSI,恒生指数,24538.34,24494.51,24559.77,24436.42,0.51
2015-03-24,HSI,恒生指数,24484.68,24399.6,24490.15,24294.95,0.8
2015-03-25,HSI,恒生指数,24410.53,24528.23,24613.69,24377.92,0.97
2015-03-26,HSI,恒生指数,24442.51,24497.08,24592.01,24399.84,0.78
2015-03-27,HSI,恒生指数,24541.44,24486.2,24549.88,24420.47,0.53
2015-03-30,HSI,恒生指数,24727.46,24855.12,24949.35,24725.52,0.91
2015-03-31,HSI,恒生指数,25113.2,24900.89,25113.2,24876.37,0.95
2015-04-01,HSI,恒生指数,24955.2,25082.75,25099.06,24926.11,0.69
2015-04-02,HSI,恒生指数,25214.33,25275.64,25297.8,25152.57,0.58
2015-04-08,HSI,恒生指数,25708.24,26236.86,26247.63,25640.04,2.4
2015-04-09,HSI,恒生指数,26913.28,26944.39,27922.67,26732.23,4.54
2015-04-10,HSI,恒生指数,27373.68,27272.39,27373.68,26812.75,2.08
2015-04-13,HSI,恒生指数,27374.33,28016.34,28031.96,27304.12,2.67
2015-04-14,HSI,恒生指数,27688.26,27561.49,27915.01,27483.45,1.54
2015-04-15,HSI,恒生指数,27693.25,27618.82,27807.98,27442.52,1.33
2015-04-16,HSI,恒生指数,27557.29,27739.71,27787.98,27470.1,1.15
2015-04-17,HSI,恒生指数,27808.24,27653.12,27969.41,27597.68,1.34
2015-04-20,HSI,恒生指数,27770.79,27094.93,27770.79,26959.77,2.93
2015-04-21,HSI,恒生指数,27404.15,27850.49,27925.36,27404.15,1.92
2015-04-22,HSI,恒生指数,27821.32,27933.85,28048.46,27727.86,1.15
2015-04-23,HSI,恒生指数,28112.38,27827.7,28213.63,27804.03,1.47
2015-04-24,HSI,恒生指数,27978.39,28060.98,28089.37,27591.57,1.79
2015-04-27,HSI,恒生指数,28245.14,28433.59,28588.52,28245.14,1.22
2015-04-28,HSI,恒生指数,28448.22,28442.75,28548.45,28251.99,1.04
2015-04-29,HSI,恒生指数,28453.1,28400.34,28453.1,28201.76,0.88
2015-04-30,HSI,恒生指数,28289.14,28133.0,28317.87,27997.9,1.13
2015-05-04,HSI,恒生指数,28231.26,28123.82,28343.74,28017.2,1.16
2015-05-05,HSI,恒生指数,28295.72,27755.54,28316.63,27598.17,2.55
2015-05-06,HSI,恒生指数,27698.1,27640.91,28054.68,27570.41,1.74
2015-05-07,HSI,恒生指数,27567.62,27289.97,27604.49,27207.28,1.44
2015-05-08,HSI,恒生指数,27557.52,27577.34,27652.62,27367.11,1.05
2015-05-11,HSI,恒生指数,27837.04,27718.2,27837.28,27582.23,0.92
2015-05-12,HSI,恒生指数,27664.18,27407.18,27693.63,27395.91,1.07
2015-05-13,HSI,恒生指数,27473.5,27249.28,27524.82,27191.03,1.22
2015-05-14,HSI,恒生指数,27395.92,27286.55,27397.67,27192.93,0.75
2015-05-15,HSI,恒生指数,27459.58,27822.28,27928.6,27315.1,2.25
2015-05-18,HSI,恒生指数,27792.44,27591.25,27792.44,27435.57,1.28
2015-05-19,HSI,恒生指数,27597.07,27693.54,27765.55,27500.76,0.96
2015-05-20,HSI,恒生指数,27751.44,27585.05,27751.44,27490.33,0.94
2015-05-21,HSI,恒生指数,27507.32,27523.72,27611.72,27393.31,0.79
2015-05-22,HSI,恒生指数,27723.67,27992.83,28041.32,27696.97,1.25
2015-05-26,HSI,恒生指数,28462.32,28249.86,28524.6,28237.49,1.03
2015-05-27,HSI,恒生指数,28214.66,28081.21,28214.66,27982.14,0.82
2015-05-28,HSI,恒生指数,28162.25,27454.31,28162.25,27242.11,3.28
2015-05-29,HSI,恒生指数,27398.28,27424.19,27604.27,27255.89,1.27
2015-06-01,HSI,恒生指数,27373.06,27597.16,27766.32,27241.95,1.91
2015-06-02,HSI,恒生指数,27473.45,27466.72,27602.88,27348.13,0.92
2015-06-03,HSI,恒生指数,27716.34,27657.47,27767.23,27508.84,0.94
2015-06-04,HSI,恒生指数,27645.36,27551.89,27854.74,27094.5,2.75
2015-06-05,HSI,恒生指数,27538.06,27260.16,27646.72,27211.36,1.58
2015-06-08,HSI,恒生指数,27147.24,27316.28,27428.59,27060.24,1.35
2015-06-09,HSI,恒生指数,27295.88,26989.52,27322.14,26971.57,1.28
2015-06-10,HSI,恒生指数,27052.79,26687.64,27116.92,26573.96,2.01
2015-06-11,HSI,恒生指数,26938.15,26907.85,26991.51,26839.43,0.57
2015-06-12,HSI,恒生指数,27082.6,27280.54,27356.51,26987.52,1.37
2015-06-15,HSI,恒生指数,27095.18,26861.81,27131.36,26841.52,1.06
2015-06-16,HSI,恒生指数,26807.67,26566.7,26892.88,26553.04,1.27
2015-06-17,HSI,恒生指数,26671.2,26753.79,26880.79,26555.96,1.22
2015-06-18,HSI,恒生指数,26786.53,26694.66,26873.67,26595.96,1.04
2015-06-19,HSI,恒生指数,26885.73,26760.53,27011.95,26701.72,1.16
2015-06-22,HSI,恒生指数,26854.32,27080.85,27166.52,26811.66,1.33
2015-06-23,HSI,恒生指数,27126.47,27333.46,27406.41,27008.51,1.47
2015-06-24,HSI,恒生指数,27397.37,27404.97,27470.5,27292.85,0.65
2015-06-25,HSI,恒生指数,27329.17,27145.75,27350.49,27120.72,0.84
2015-06-26,HSI,恒生指数,27016.09,26663.87,27016.09,26522.45,1.82
2015-06-29,HSI,恒生指数,26560.13,25966.98,26631.51,25617.78,3.8
2015-06-30,HSI,恒生指数,26023.22,26250.03,26470.44,25885.66,2.25
2015-07-02,HSI,恒生指数,26459.43,26282.32,26459.43,26135.62,1.23
2015-07-03,HSI,恒生指数,26349.84,26064.11,26402.85,25933.12,1.79
2015-07-06,HSI,恒生指数,26083.99,25236.28,26261.53,24750.31,5.8
2015-07-07,HSI,恒生指数,25391.76,24975.31,25439.34,24819.26,2.46
2015-07-08,HSI,恒生指数,24411.3,23516.56,24411.3,22836.82,6.3
2015-07-09,HSI,恒生指数,23435.5,24392.79,24695.75,23332.9,5.8
2015-07-10,HSI,恒生指数,24567.92,24901.28,25015.17,24567.92,1.83
2015-07-13,HSI,恒生指数,24709.58,25224.01,25275.76,24596.44,2.73
2015-07-14,HSI,恒生指数,25184.06,25120.91,25250.95,24906.47,1.37
2015-07-15,HSI,恒生指数,25219.45,25055.76,25219.45,24862.65,1.42
2015-07-16,HSI,恒生指数,24976.08,25162.78,25170.35,24841.14,1.31
2015-07-17,HSI,恒生指数,25246.64,25415.27,25517.45,25183.86,1.33
2015-07-20,HSI,恒生指数,25540.31,25404.81,25540.31,25298.96,0.95
2015-07-21,HSI,恒生指数,25428.88,25536.43,25634.32,25342.69,1.15
2015-07-22,HSI,恒生指数,25401.79,25282.62,25401.79,25177.6,0.88
2015-07-23,HSI,恒生指数,25308.55,25398.85,25500.99,25250.36,0.99
2015-07-24,HSI,恒生指数,25279.95,25128.51,25279.95,25073.2,0.81
2015-07-27,HSI,恒生指数,24906.78,24351.96,24908.58,24282.21,2.49
2015-07-28,HSI,恒生指数,24269.9,24503.94,24947.35,24140.62,3.31
2015-07-29,HSI,恒生指数,24630.44,24619.45,24718.64,24444.47,1.12
2015-07-30,HSI,恒生指数,24822.42,24497.98,24872.7,24478.07,1.6
2015-07-31,HSI,恒生指数,24650.93,24636.28,24661.19,24467.83,0.79
2015-08-03,HSI,恒生指数,24533.14,24411.42,24533.14,24232.6,1.22
2015-08-04,HSI,恒生指数,24364.41,24406.12,24519.35,24217.78,1.24
2015-08-05,HSI,恒生指数,24466.3,24514.16,24582.19,24420.95,0.66
2015-08-06,HSI,恒生指数,24527.74,24375.28,24527.74,24320.75,0.84
2015-08-07,HSI,恒生指数,24327.56,24552.47,24641.93,24327.56,1.29
2015-08-10,HSI,恒生指数,24433.66,24521.12,24602.67,24135.64,1.9
2015-08-11,HSI,恒生指数,24694.78,24498.21,24924.07,24420.71,2.05
2015-08-12,HSI,恒生指数,24269.11,23916.02,24324.19,23826.96,2.03
2015-08-13,HSI,恒生指数,23935.48,24018.8,24133.87,23860.82,1.14
2015-08-14,HSI,恒生指数,24055.02,23991.03,24126.3,23957.36,0.7
2015-08-17,HSI,恒生指数,23945.6,23814.65,23950.57,23699.84,1.05
2015-08-18,HSI,恒生指数,23956.86,23474.97,24024.37,23464.35,2.35
2015-08-19,HSI,恒生指数,23555.02,23167.85,23586.79,23138.73,1.91
2015-08-20,HSI,恒生指数,22973.87,22757.47,23033.97,22610.53,1.83
2015-08-21,HSI,恒生指数,22343.25,22409.62,22492.79,22185.85,1.35
2015-08-24,HSI,恒生指数,21605.97,21251.57,21679.45,21136.48,2.42
2015-08-25,HSI,恒生指数,21119.53,21404.96,21871.4,20865.26,4.73
2015-08-26,HSI,恒生指数,21434.25,21080.39,21686.45,21060.09,2.93
2015-08-27,HSI,恒生指数,21758.62,21838.54,21963.43,21407.59,2.64
2015-08-28,HSI,恒生指数,22424.4,21612.39,22424.4,21585.33,3.84
2015-08-31,HSI,恒生指数,21793.02,21670.58,21793.02,21399.62,1.82
2015-09-01,HSI,恒生指数,21692.78,21185.43,21692.78,21170.86,2.41
2015-09-02,HSI,恒生指数,21101.42,20934.94,21288.53,20771.77,2.44
2015-09-04,HSI,恒生指数,21158.93,20840.61,21174.86,20715.02,2.2
2015-09-07,HSI,恒生指数,20683.31,20583.52,21056.39,20579.93,2.29
2015-09-08,HSI,恒生指数,20636.83,21259.04,21431.99,20524.88,4.41
2015-09-09,HSI,恒生指数,21632.69,22131.31,22228.59,21529.81,3.29
2015-09-10,HSI,恒生指数,21667.86,21562.5,21771.57,21492.09,1.26
2015-09-11,HSI,恒生指数,21710.13,21504.37,21909.82,21472.16,2.03
2015-09-14,HSI,恒生指数,21678.88,21561.9,21762.15,21441.71,1.49
2015-09-15,HSI,恒生指数,21527.53,21455.23,21634.48,21411.17,1.04
2015-09-16,HSI,恒生指数,21731.34,21966.66,22103.06,21608.5,2.31
2015-09-17,HSI,恒生指数,22172.68,21854.63,22203.36,21718.71,2.21
2015-09-18,HSI,恒生指数,21807.25,21920.83,22052.11,21807.25,1.12
2015-09-21,HSI,恒生指数,21614.43,21756.93,21778.06,21590.7,0.85
2015-09-22,HSI,恒生指数,21794.34,21796.58,22111.67,21768.98,1.58
2015-09-23,HSI,恒生指数,21529.47,21302.91,21577.45,21008.61,2.61
2015-09-24,HSI,恒生指数,21304.9,21095.98,21363.21,21053.5,1.45
2015-09-25,HSI,恒生指数,21070.39,21186.32,21318.33,20957.99,1.71
2015-09-29,HSI,恒生指数,20579.22,20556.6,20579.22,20368.12,1.0
2015-09-30,HSI,恒生指数,20795.93,20846.3,20939.39,20683.11,1.25
2015-10-02,HSI,恒生指数,21172.94,21506.09,21530.8,21130.11,1.92
2015-10-05,HSI,恒生指数,21930.97,21854.5,21980.84,21739.9,1.12
2015-10-06,HSI,恒生指数,22169.1,21831.62,22169.1,21719.29,2.06
2015-10-07,HSI,恒生指数,21884.73,22515.76,22527.79,21817.42,3.25
2015-10-08,HSI,恒生指数,22588.69,22354.91,22588.69,22201.11,1.72
2015-10-09,HSI,恒生指数,22615.94,22458.8,22807.86,22440.88,1.64
2015-10-12,HSI,恒生指数,22614.33,22730.93,22779.5,22562.26,0.97
2015-10-13,HSI,恒生指数,22677.6,22600.46,22798.9,22515.73,1.25
2015-10-14,HSI,恒生指数,22398.82,22439.91,22576.5,22356.56,0.97
2015-10-15,HSI,恒生指数,22667.42,22888.17,22940.25,22567.65,1.66
2015-10-16,HSI,恒生指数,23133.59,23067.37,23178.14,22953.56,0.98
2015-10-19,HSI,恒生指数,23085.61,23075.61,23100.66,22913.6,0.81
2015-10-20,HSI,恒生指数,22991.6,22989.22,23057.93,22843.04,0.93
2015-10-22,HSI,恒生指数,22795.58,22845.37,22869.59,22727.59,0.62
2015-10-23,HSI,恒生指数,23220.38,23151.94,23220.38,23088.03,0.58
2015-10-26,HSI,恒生指数,23423.64,23116.25,23423.64,23066.94,1.54
2015-10-27,HSI,恒生指数,23053.12,23142.73,23143.88,22885.22,1.12
2015-10-28,HSI,恒生指数,23070.7,22956.57,23120.25,22923.66,0.85
2015-10-29,HSI,恒生指数,23054.53,22819.94,23054.53,22811.32,1.06
2015-10-30,HSI,恒生指数,22785.86,22640.04,22847.16,22612.56,1.03
2015-11-02,HSI,恒生指数,22502.28,22370.04,22605.8,22332.71,1.21
2015-11-03,HSI,恒生指数,22603.15,22568.43,22697.0,22560.17,0.61
2015-11-04,HSI,恒生指数,22737.44,23053.57,23342.07,22737.44,2.68
2015-11-05,HSI,恒生指数,23045.1,23051.04,23180.27,22960.62,0.95
2015-11-06,HSI,恒生指数,22914.2,22867.33,22922.79,22791.91,0.57
2015-11-09,HSI,恒生指数,22753.51,22726.77,22970.83,22689.26,1.23
2015-11-10,HSI,恒生指数,22505.7,22401.7,22534.92,22339.69,0.86
2015-11-11,HSI,恒生指数,22394.15,22352.17,22479.46,22324.41,0.69
2015-11-12,HSI,恒生指数,22477.6,22888.92,22980.97,22454.96,2.35
2015-11-13,HSI,恒生指数,22494.09,22396.14,22519.33,22318.62,0.88
2015-11-16,HSI,恒生指数,21958.28,22010.82,22127.38,21958.28,0.76
2015-11-17,HSI,恒生指数,22315.18,22264.25,22497.33,22243.96,1.15
2015-11-18,HSI,恒生指数,22331.77,22188.26,22349.73,22163.28,0.84
2015-11-19,HSI,恒生指数,22423.88,22500.22,22559.06,22416.0,0.64
2015-11-20,HSI,恒生指数,22510.45,22754.72,22790.07,22412.03,1.68
2015-11-23,HSI,恒生指数,22760.05,22665.9,22802.71,22619.68,0.8
2015-11-24,HSI,恒生指数,22593.09,22587.63,22629.75,22433.51,0.87
2015-11-25,HSI,恒生指数,22533.53,22498.0,22617.21,22436.01,0.8
2015-11-26,HSI,恒生指数,22749.6,22488.94,22787.5,22453.69,1.48
2015-11-27,HSI,恒生指数,22555.42,22068.32,22555.42,22051.01,2.24
2015-11-30,HSI,恒生指数,21974.81,21996.42,22195.25,21907.35,1.3
2015-12-01,HSI,恒生指数,22197.81,22381.35,22477.51,22143.57,1.52
2015-12-02,HSI,恒生指数,22471.35,22479.69,22563.47,22368.66,0.87
2015-12-03,HSI,恒生指数,22327.04,22417.01,22485.25,22327.04,0.7
2015-12-04,HSI,恒生指数,22142.11,22235.89,22242.49,22108.46,0.6
2015-12-07,HSI,恒生指数,22336.32,22203.22,22352.25,22200.55,0.68
2015-12-08,HSI,恒生指数,22058.55,21905.13,22058.55,21765.62,1.32
2015-12-09,HSI,恒生指数,21773.77,21803.76,21872.33,21755.69,0.53
2015-12-10,HSI,恒生指数,21714.23,21704.61,21880.19,21668.12,0.97
2015-12-11,HSI,恒生指数,21719.17,21464.05,21731.39,21440.7,1.34
2015-12-14,HSI,恒生指数,21063.28,21309.85,21378.19,21010.26,1.71
2015-12-15,HSI,恒生指数,21215.54,21274.37,21442.21,21215.54,1.06
2015-12-16,HSI,恒生指数,21557.73,21701.21,21772.79,21557.73,1.01
2015-12-17,HSI,恒生指数,21841.09,21872.06,22005.19,21763.76,1.11
2015-12-18,HSI,恒生指数,21656.56,21755.56,21956.49,21625.82,1.51
2015-12-21,HSI,恒生指数,21641.17,21791.68,21871.22,21641.17,1.06
2015-12-22,HSI,恒生指数,21846.9,21830.02,21870.31,21750.74,0.55
2015-12-23,HSI,恒生指数,21869.4,22040.59,22103.63,21846.48,1.18
2015-12-24,HSI,恒生指数,22207.82,22140.47,22217.45,22128.72,0.4
2015-12-28,HSI,恒生指数,22151.73,21919.62,22151.73,21880.51,1.22
2015-12-29,HSI,恒生指数,21923.27,21999.62,22024.28,21881.71,0.65
2015-12-30,HSI,恒生指数,22094.59,21882.15,22114.56,21868.03,1.12
2015-12-31,HSI,恒生指数,21892.25,21914.4,21970.33,21864.12,0.49
2016-01-04,HSI,恒生指数,21782.62,21327.12,21794.84,21227.61,2.59
2016-01-05,HSI,恒生指数,21318.69,21188.72,21452.74,21095.9,1.67
2016-01-06,HSI,恒生指数,21142.63,20980.81,21199.62,20947.3,1.19
2016-01-07,HSI,恒生指数,20772.6,20333.34,20826.44,20323.97,2.39
2016-01-08,HSI,恒生指数,20491.88,20453.71,20596.42,20324.62,1.34
2016-01-11,HSI,恒生指数,19997.42,19888.5,20068.78,19865.18,1.0
2016-01-12,HSI,恒生指数,20030.03,19711.76,20130.8,19694.99,2.19
2016-01-13,HSI,恒生指数,20028.86,19934.88,20234.78,19850.73,1.95
2016-01-14,HSI,恒生指数,19578.92,19817.41,19893.88,19509.08,1.93
2016-01-15,HSI,恒生指数,19781.46,19520.77,19828.93,19500.38,1.66
2016-01-18,HSI,恒生指数,19287.38,19237.45,19439.49,19195.56,1.25
2016-01-19,HSI,恒生指数,19283.57,19635.81,19647.75,19204.22,2.31
2016-01-20,HSI,恒生指数,19332.22,18886.3,19332.22,18833.88,2.54
2016-01-21,HSI,恒生指数,19079.13,18542.15,19238.27,18534.3,3.73
2016-01-22,HSI,恒生指数,19000.79,19080.51,19152.8,18769.61,2.07
2016-01-25,HSI,恒生指数,19341.41,19340.14,19490.27,19291.91,1.04
2016-01-26,HSI,恒生指数,19068.84,18860.8,19098.07,18811.83,1.48
2016-01-27,HSI,恒生指数,19211.86,19052.45,19216.99,18931.34,1.51
2016-01-28,HSI,恒生指数,19093.77,19195.83,19223.59,18982.22,1.27
2016-01-29,HSI,恒生指数,19138.42,19683.11,19709.99,19130.59,3.02
2016-02-01,HSI,恒生指数,19770.96,19595.5,19770.96,19444.26,1.66
2016-02-02,HSI,恒生指数,19474.87,19446.84,19628.57,19403.49,1.15
2016-02-03,HSI,恒生指数,18910.88,18991.59,19032.71,18764.82,1.38
2016-02-04,HSI,恒生指数,19190.36,19183.09,19338.37,19166.18,0.91
2016-02-05,HSI,恒生指数,19287.36,19288.17,19397.88,19230.0,0.88
2016-02-11,HSI,恒生指数,18486.93,18545.8,18627.51,18446.56,0.94
2016-02-12,HSI,恒生指数,18278.8,18319.58,18482.33,18278.8,1.1
2016-02-15,HSI,恒生指数,18668.87,18918.14,18937.06,18668.87,1.46
2016-02-16,HSI,恒生指数,19013.74,19122.08,19260.67,18974.6,1.51
2016-02-17,HSI,恒生指数,19198.18,18924.57,19308.54,18909.06,2.09
2016-02-18,HSI,恒生指数,19409.21,19363.08,19436.39,19266.22,0.9
2016-02-19,HSI,恒生指数,19238.43,19285.5,19342.03,19210.65,0.68
2016-02-22,HSI,恒生指数,19374.24,19464.09,19524.97,19374.24,0.78
2016-02-23,HSI,恒生指数,19506.94,19414.78,19519.85,19328.26,0.98
2016-02-24,HSI,恒生指数,19282.34,19192.45,19360.8,19060.16,1.55
2016-02-25,HSI,恒生指数,19215.49,18888.75,19215.49,18867.7,1.81
2016-02-26,HSI,恒生指数,19179.95,19364.15,19436.71,19122.56,1.66
2016-02-29,HSI,恒生指数,19366.17,19111.93,19377.72,19053.78,1.67
2016-03-01,HSI,恒生指数,19259.99,19407.46,19420.0,19108.3,1.63
2016-03-02,HSI,恒生指数,19788.17,20003.49,20058.12,19783.92,1.41
2016-03-03,HSI,恒生指数,20082.01,19941.76,20082.01,19791.6,1.45
2016-03-04,HSI,恒生指数,20052.1,20176.7,20200.38,19977.43,1.12
2016-03-07,HSI,恒生指数,20306.09,20159.72,20331.69,20095.63,1.17
2016-03-08,HSI,恒生指数,20132.1,20011.58,20137.73,19902.75,1.17
2016-03-09,HSI,恒生指数,19898.74,19996.26,20005.41,19818.42,0.93
2016-03-10,HSI,恒生指数,20055.42,19984.42,20184.23,19923.54,1.3
2016-03-11,HSI,恒生指数,19900.67,20199.6,20238.72,19853.63,1.93
2016-03-14,HSI,恒生指数,20371.59,20435.34,20512.03,20328.88,0.91
2016-03-15,HSI,恒生指数,20298.15,20288.77,20366.56,20254.59,0.55
2016-03-16,HSI,恒生指数,20339.9,20257.7,20383.2,20168.74,1.06
2016-03-17,HSI,恒生指数,20580.06,20503.81,20619.34,20435.65,0.91
2016-03-18,HSI,恒生指数,20599.19,20671.63,20687.97,20514.97,0.84
2016-03-21,HSI,恒生指数,20738.25,20684.15,20772.46,20618.56,0.74
2016-03-22,HSI,恒生指数,20765.07,20666.75,20765.07,20576.8,0.91
2016-03-23,HSI,恒生指数,20629.4,20615.23,20693.48,20513.61,0.87
2016-03-24,HSI,恒生指数,20450.69,20345.61,20499.4,20268.53,1.12
2016-03-29,HSI,恒生指数,20386.32,20366.3,20386.32,20250.15,0.67
2016-03-30,HSI,恒生指数,20545.44,20803.39,20820.73,20541.07,1.37
2016-03-31,HSI,恒生指数,20811.46,20776.7,20872.55,20689.22,0.88
2016-04-01,HSI,恒生指数,20786.18,20498.92,20786.18,20455.41,1.59
2016-04-05,HSI,恒生指数,20311.86,20177.0,20311.86,20116.87,0.95
2016-04-06,HSI,恒生指数,20100.0,20206.67,20249.84,20100.0,0.74
2016-04-07,HSI,恒生指数,20297.82,20266.05,20370.52,20165.76,1.01
2016-04-08,HSI,恒生指数,20061.6,20370.4,20370.44,20045.47,1.6
2016-04-11,HSI,恒生指数,20246.65,20440.81,20550.95,20240.69,1.52
2016-04-12,HSI,恒生指数,20440.72,20504.44,20546.43,20407.82,0.68
2016-04-13,HSI,恒生指数,20739.34,21158.71,21171.29,20716.91,2.22
2016-04-14,HSI,恒生指数,21456.61,21337.81,21511.08,21266.21,1.16
2016-04-15,HSI,恒生指数,21374.65,21316.47,21423.06,21234.12,0.89
2016-04-18,HSI,恒生指数,21129.68,21161.5,21172.0,21002.77,0.79
2016-04-19,HSI,恒生指数,21438.13,21436.21,21459.04,21259.17,0.94
2016-04-20,HSI,恒生指数,21452.82,21236.31,21452.82,21103.34,1.63
2016-04-21,HSI,恒生指数,21406.4,21622.25,21634.74,21331.59,1.43
2016-04-22,HSI,恒生指数,21448.15,21467.04,21495.79,21358.53,0.63
2016-04-25,HSI,恒生指数,21408.56,21304.44,21430.57,21254.46,0.82
2016-04-26,HSI,恒生指数,21380.02,21407.27,21419.92,21080.88,1.59
2016-04-27,HSI,恒生指数,21372.33,21361.6,21442.51,21277.04,0.77
2016-04-28,HSI,恒生指数,21488.96,21388.03,21654.07,21255.42,1.87
2016-04-29,HSI,恒生指数,21215.2,21067.05,21235.39,21023.77,0.99
2016-05-03,HSI,恒生指数,21061.77,20676.94,21061.77,20668.37,1.87
2016-05-04,HSI,恒生指数,20556.5,20525.83,20580.38,20411.41,0.82
2016-05-05,HSI,恒生指数,20363.86,20449.82,20534.76,20342.75,0.94
2016-05-06,HSI,恒生指数,20357.45,20109.87,20377.94,20058.77,1.56
2016-05-09,HSI,恒生指数,20279.9,20156.81,20303.19,20125.78,0.88
2016-05-10,HSI,恒生指数,19962.43,20242.68,20294.46,19962.43,1.65
2016-05-11,HSI,恒生指数,20347.76,20055.29,20347.76,20008.92,1.67
2016-05-12,HSI,恒生指数,20100.5,19915.46,20100.5,19863.62,1.18
2016-05-13,HSI,恒生指数,19843.49,19719.29,19881.91,19594.61,1.44
2016-05-16,HSI,恒生指数,19711.77,19883.95,19998.76,19705.91,1.49
2016-05-17,HSI,恒生指数,19987.24,20118.8,20145.77,19847.7,1.5
2016-05-18,HSI,恒生指数,19862.42,19826.41,19923.83,19749.29,0.87
2016-05-19,HSI,恒生指数,19729.63,19694.33,19793.46,19646.35,0.74
2016-05-20,HSI,恒生指数,19631.71,19852.2,19954.33,19631.71,1.64
2016-05-23,HSI,恒生指数,19788.13,19809.03,19955.03,19750.62,1.03
2016-05-24,HSI,恒生指数,19828.02,19830.43,19870.16,19712.67,0.8
2016-05-25,HSI,恒生指数,20156.76,20368.05,20379.66,20156.76,1.12
2016-05-26,HSI,恒生指数,20373.48,20397.11,20404.73,20249.96,0.76
2016-05-27,HSI,恒生指数,20425.0,20576.77,20620.15,20290.84,1.61
2016-05-30,HSI,恒生指数,20523.67,20629.39,20765.61,20465.84,1.46
2016-05-31,HSI,恒生指数,20617.33,20815.09,20974.71,20617.33,1.73
2016-06-01,HSI,恒生指数,20726.53,20760.98,20898.45,20713.29,0.89
2016-06-02,HSI,恒生指数,20769.81,20859.22,20878.21,20680.65,0.95
2016-06-03,HSI,恒生指数,20956.08,20947.24,21049.2,20887.79,0.77
2016-06-06,HSI,恒生指数,20971.13,21030.22,21039.87,20840.95,0.95
2016-06-07,HSI,恒生指数,21218.96,21328.24,21351.33,21153.68,0.94
2016-06-08,HSI,恒生指数,21294.27,21297.88,21352.37,21179.95,0.81
2016-06-10,HSI,恒生指数,21240.08,21042.64,21270.62,21017.98,1.19
2016-06-13,HSI,恒生指数,20647.51,20512.99,20664.59,20430.81,1.11
2016-06-14,HSI,恒生指数,20476.75,20387.53,20537.92,20358.94,0.87
2016-06-15,HSI,恒生指数,20161.01,20467.52,20553.58,20161.01,1.93
2016-06-16,HSI,恒生指数,20284.91,20038.42,20297.4,19964.37,1.63
2016-06-17,HSI,恒生指数,20244.23,20169.98,20282.04,20090.8,0.95
2016-06-20,HSI,恒生指数,20425.06,20510.2,20551.02,20288.49,1.3
2016-06-21,HSI,恒生指数,20522.36,20668.44,20681.79,20516.73,0.8
2016-06-22,HSI,恒生指数,20553.94,20795.12,20841.51,20515.25,1.58
2016-06-23,HSI,恒生指数,20862.59,20868.34,20889.05,20753.94,0.65
2016-06-24,HSI,恒生指数,20483.51,20259.13,21034.18,19662.7,6.57
2016-06-27,HSI,恒生指数,19982.66,20227.3,20329.16,19969.47,1.78
2016-06-28,HSI,恒生指数,19898.75,20172.46,20196.2,19898.75,1.47
2016-06-29,HSI,恒生指数,20217.07,20436.12,20456.58,20217.07,1.19
2016-06-30,HSI,恒生指数,20736.85,20794.37,20828.03,20614.65,1.04
2016-07-04,HSI,恒生指数,20967.47,21059.2,21166.02,20840.64,1.56
2016-07-05,HSI,恒生指数,20919.52,20750.72,20945.98,20737.16,0.99
2016-07-06,HSI,恒生指数,20475.4,20495.29,20560.06,20304.39,1.23
2016-07-07,HSI,恒生指数,20606.68,20706.92,20731.12,20576.74,0.75
2016-07-08,HSI,恒生指数,20622.83,20564.17,20645.59,20468.53,0.86
2016-07-11,HSI,恒生指数,20951.17,20880.5,20972.85,20840.0,0.65
2016-07-12,HSI,恒生指数,21046.94,21224.74,21252.64,20957.26,1.41
2016-07-13,HSI,恒生指数,21356.64,21322.37,21441.23,21279.77,0.76
2016-07-14,HSI,恒生指数,21297.54,21561.06,21581.42,21242.93,1.59
2016-07-15,HSI,恒生指数,21589.08,21659.25,21739.21,21515.35,1.04
2016-07-18,HSI,恒生指数,21656.88,21803.18,21822.0,21616.16,0.95
2016-07-19,HSI,恒生指数,21734.34,21673.2,21767.88,21612.6,0.71
2016-07-20,HSI,恒生指数,21646.39,21882.48,21895.23,21632.51,1.21
2016-07-21,HSI,恒生指数,21971.97,22000.49,22118.22,21913.16,0.94
2016-07-22,HSI,恒生指数,21913.04,21964.27,21972.87,21832.43,0.64
2016-07-25,HSI,恒生指数,22071.77,21993.44,22071.77,21878.88,0.88
2016-07-26,HSI,恒生指数,21890.89,22129.73,22300.51,21890.89,1.86
2016-07-27,HSI,恒生指数,22193.31,22218.99,22277.24,21997.88,1.26
2016-07-28,HSI,恒生指数,22134.12,22174.34,22214.72,22053.51,0.73
2016-07-29,HSI,恒生指数,22055.95,21891.37,22152.75,21830.46,1.45
2016-08-01,HSI,恒生指数,22027.65,22129.14,22260.95,22027.65,1.07
2016-08-03,HSI,恒生指数,21743.32,21739.12,21822.22,21725.38,0.44
2016-08-04,HSI,恒生指数,21873.36,21832.23,21922.42,21788.31,0.62
2016-08-05,HSI,恒生指数,21961.05,22146.09,22193.29,21961.05,1.06
2016-08-08,HSI,恒生指数,22324.18,22494.76,22503.28,22260.07,1.1
2016-08-09,HSI,恒生指数,22464.1,22465.61,22496.75,22402.91,0.42
2016-08-10,HSI,恒生指数,22511.1,22492.43,22618.04,22399.29,0.97
2016-08-11,HSI,恒生指数,22412.31,22580.55,22689.94,22359.92,1.47
2016-08-12,HSI,恒生指数,22788.88,22766.91,22816.75,22704.05,0.5
2016-08-15,HSI,恒生指数,22765.23,22932.51,22975.74,22765.23,0.92
2016-08-16,HSI,恒生指数,23008.09,22910.84,23084.52,22841.66,1.06
2016-08-17,HSI,恒生指数,22995.51,22799.78,23029.48,22775.87,1.11
2016-08-18,HSI,恒生指数,23046.69,23023.16,23193.9,22976.11,0.96
2016-08-19,HSI,恒生指数,23153.74,22937.22,23153.74,22875.56,1.21
2016-08-22,HSI,恒生指数,22941.53,22997.91,23005.16,22792.42,0.93
2016-08-23,HSI,恒生指数,22927.47,22998.93,22998.93,22854.35,0.63
2016-08-24,HSI,恒生指数,23010.63,22820.78,23036.07,22702.61,1.45
2016-08-25,HSI,恒生指数,22814.37,22814.95,22898.12,22735.03,0.71
2016-08-26,HSI,恒生指数,22827.22,22909.54,22997.4,22827.22,0.75
2016-08-29,HSI,恒生指数,22904.2,22821.34,22922.68,22762.73,0.7
2016-08-30,HSI,恒生指数,22945.08,23016.11,23073.52,22898.78,0.77
2016-08-31,HSI,恒生指数,23043.08,22976.88,23063.15,22939.87,0.54
2016-09-01,HSI,恒生指数,22897.16,23162.34,23193.03,22843.42,1.52
2016-09-02,HSI,恒生指数,23157.01,23266.7,23306.48,23152.79,0.66
2016-09-05,HSI,恒生指数,23576.31,23649.55,23688.41,23530.36,0.68
2016-09-06,HSI,恒生指数,23683.28,23787.68,23787.68,23548.55,1.01
2016-09-07,HSI,恒生指数,23785.23,23741.81,23830.75,23695.68,0.57
2016-09-08,HSI,恒生指数,23704.36,23919.34,23928.93,23663.59,1.12
2016-09-09,HSI,恒生指数,23924.77,24099.7,24364.0,23914.73,1.88
2016-09-12,HSI,恒生指数,23596.03,23290.6,23625.37,23290.6,1.39
2016-09-13,HSI,恒生指数,23564.13,23215.76,23652.41,23196.49,1.96
2016-09-14,HSI,恒生指数,23225.58,23190.64,23371.53,23155.73,0.93
2016-09-15,HSI,恒生指数,23237.2,23335.59,23471.48,23194.37,1.19
2016-09-19,HSI,恒生指数,23486.62,23550.45,23625.92,23394.95,0.99
2016-09-20,HSI,恒生指数,23494.01,23530.86,23556.06,23397.13,0.67
2016-09-21,HSI,恒生指数,23522.86,23669.9,23729.02,23436.23,1.24
2016-09-22,HSI,恒生指数,23920.18,23759.8,24058.65,23683.58,1.58
2016-09-23,HSI,恒生指数,23836.6,23686.48,23846.71,23628.64,0.92
2016-09-26,HSI,恒生指数,23554.83,23317.92,23563.5,23276.13,1.21
2016-09-27,HSI,恒生指数,23356.03,23571.9,23646.03,23295.05,1.51
2016-09-28,HSI,恒生指数,23455.73,23619.65,23619.65,23370.44,1.06
2016-09-29,HSI,恒生指数,23828.6,23739.47,23828.6,23607.99,0.93
2016-09-30,HSI,恒生指数,23435.29,23297.15,23484.37,23239.36,1.03
2016-10-03,HSI,恒生指数,23652.83,23584.43,23698.3,23500.71,0.85
2016-10-04,HSI,恒生指数,23665.35,23689.44,23689.44,23518.56,0.72
2016-10-05,HSI,恒生指数,23619.91,23788.31,23847.46,23566.22,1.19
2016-10-06,HSI,恒生指数,23859.41,23952.5,24004.09,23826.45,0.75
2016-10-07,HSI,恒生指数,23948.95,23851.82,23948.95,23770.14,0.75
2016-10-11,HSI,恒生指数,24013.84,23549.52,24064.5,23441.07,2.61
2016-10-12,HSI,恒生指数,23386.92,23407.05,23444.67,23267.63,0.75
2016-10-13,HSI,恒生指数,23300.38,23031.3,23347.97,23006.12,1.46
2016-10-14,HSI,恒生指数,23119.96,23233.31,23318.36,23087.14,1.0
2016-10-17,HSI,恒生指数,23164.54,23037.54,23177.19,22978.01,0.86
2016-10-18,HSI,恒生指数,23130.2,23394.39,23402.89,23130.2,1.18
2016-10-19,HSI,恒生指数,23393.8,23304.97,23445.56,23234.67,0.9
2016-10-20,HSI,恒生指数,23412.68,23374.4,23500.82,23360.55,0.6
2016-10-24,HSI,恒生指数,23431.63,23604.08,23620.09,23235.61,1.64
2016-10-25,HSI,恒生指数,23581.69,23565.11,23631.34,23506.64,0.53
2016-10-26,HSI,恒生指数,23396.14,23325.43,23464.03,23310.23,0.65
2016-10-27,HSI,恒生指数,23347.19,23132.35,23352.62,23002.53,1.5
2016-10-28,HSI,恒生指数,23088.83,22954.81,23157.73,22847.73,1.34
2016-10-31,HSI,恒生指数,22845.82,22934.54,23045.53,22775.29,1.18
2016-11-01,HSI,恒生指数,23015.06,23147.07,23268.05,23015.06,1.1
2016-11-02,HSI,恒生指数,22946.06,22810.5,22956.85,22785.35,0.74
2016-11-03,HSI,恒生指数,22708.55,22683.51,22855.01,22683.51,0.75
2016-11-04,HSI,恒生指数,22611.54,22642.62,22771.61,22587.59,0.81
2016-11-07,HSI,恒生指数,22682.71,22801.4,22867.24,22623.84,1.07
2016-11-08,HSI,恒生指数,22981.91,22909.47,22996.97,22820.39,0.77
2016-11-09,HSI,恒生指数,23048.32,22415.19,23048.32,21957.71,4.76
2016-11-10,HSI,恒生指数,22848.74,22839.11,22918.34,22777.51,0.63
2016-11-11,HSI,恒生指数,22622.46,22531.09,22673.31,22442.75,1.01
2016-11-14,HSI,恒生指数,22344.23,22222.22,22359.01,22118.87,1.07
2016-11-15,HSI,恒生指数,22270.9,22323.91,22411.12,22254.09,0.71
2016-11-16,HSI,恒生指数,22439.98,22280.53,22499.39,22280.53,0.98
2016-11-17,HSI,恒生指数,22170.07,22262.88,22367.47,22114.02,1.14
2016-11-18,HSI,恒生指数,22239.23,22344.21,22374.36,22146.88,1.02
2016-11-21,HSI,恒生指数,22313.04,22357.78,22480.75,22227.8,1.13
2016-11-22,HSI,恒生指数,22491.71,22678.07,22719.42,22484.6,1.05
2016-11-23,HSI,恒生指数,22702.41,22676.69,22804.26,22640.95,0.72
2016-11-24,HSI,恒生指数,22574.82,22608.49,22647.38,22487.54,0.7
2016-11-25,HSI,恒生指数,22609.22,22723.45,22764.34,22589.53,0.77
2016-11-28,HSI,恒生指数,22738.94,22830.57,22964.02,22738.94,0.99
2016-11-29,HSI,恒生指数,22739.51,22737.07,22868.14,22724.59,0.63
2016-11-30,HSI,恒生指数,22842.36,22789.77,22889.47,22755.0,0.59
2016-12-01,HSI,恒生指数,22948.65,22878.23,23012.28,22837.53,0.77
2016-12-02,HSI,恒生指数,22736.84,22564.82,22756.01,22559.2,0.86
2016-12-05,HSI,恒生指数,22580.75,22505.55,22628.13,22375.28,1.12
2016-12-06,HSI,恒生指数,22694.27,22675.15,22746.67,22625.32,0.54
2016-12-07,HSI,恒生指数,22805.13,22800.92,22843.01,22708.88,0.59
2016-12-08,HSI,恒生指数,23027.38,22861.84,23076.24,22817.32,1.14
2016-12-09,HSI,恒生指数,22765.84,22760.98,22813.85,22660.22,0.67
2016-12-12,HSI,恒生指数,22860.27,22433.02,22863.61,22375.58,2.14
2016-12-13,HSI,恒生指数,22407.62,22446.7,22458.42,22292.65,0.74
2016-12-14,HSI,恒生指数,22596.71,22456.62,22627.6,22456.62,0.76
2016-12-15,HSI,恒生指数,22257.71,22059.4,22305.07,21999.3,1.36
2016-12-16,HSI,恒生指数,21996.38,22020.75,22155.14,21965.68,0.86
2016-12-19,HSI,恒生指数,21945.84,21832.68,21955.94,21786.56,0.77
2016-12-20,HSI,恒生指数,21767.61,21729.06,21873.56,21667.19,0.95
2016-12-21,HSI,恒生指数,21770.89,21809.8,21910.39,21755.85,0.71
2016-12-22,HSI,恒生指数,21800.22,21636.2,21822.18,21594.58,1.04
2016-12-23,HSI,恒生指数,21553.78,21574.76,21601.07,21491.83,0.5
2016-12-28,HSI,恒生指数,21562.7,21754.74,21811.96,21488.82,1.5
2016-12-29,HSI,恒生指数,21591.04,21790.91,21810.4,21587.07,1.03
2016-12-30,HSI,恒生指数,21818.91,22000.56,22069.62,21818.91,1.15
2017-01-03,HSI,恒生指数,21993.36,22150.4,22189.31,21883.82,1.39
2017-01-04,HSI,恒生指数,22201.08,22134.47,22228.06,22076.63,0.68
2017-01-05,HSI,恒生指数,22302.64,22456.69,22483.01,22230.31,1.14
2017-01-06,HSI,恒生指数,22583.29,22503.01,22605.66,22445.78,0.71
2017-01-09,HSI,恒生指数,22561.11,22558.69,22626.43,22476.35,0.67
2017-01-10,HSI,恒生指数,22561.17,22744.85,22744.85,22549.86,0.86
2017-01-11,HSI,恒生指数,22816.01,22935.35,22944.58,22767.37,0.78
2017-01-12,HSI,恒生指数,22956.44,22829.02,22971.49,22751.67,0.96
2017-01-13,HSI,恒生指数,22879.57,22937.38,22971.45,22859.28,0.49
2017-01-16,HSI,恒生指数,22895.36,22718.15,22908.86,22657.35,1.1
2017-01-17,HSI,恒生指数,22819.87,22840.97,22867.84,22710.93,0.69
2017-01-18,HSI,恒生指数,22889.33,23098.26,23151.75,22882.02,1.18
2017-01-19,HSI,恒生指数,23104.35,23049.96,23104.35,22941.96,0.7
2017-01-20,HSI,恒生指数,22966.53,22885.91,22987.68,22858.25,0.56
2017-01-23,HSI,恒生指数,22926.3,22898.52,23068.08,22861.29,0.9
2017-01-24,HSI,恒生指数,22965.25,22949.86,22986.45,22907.78,0.34
2017-01-25,HSI,恒生指数,23066.4,23049.12,23066.4,22961.38,0.46
2017-01-26,HSI,恒生指数,23173.46,23374.17,23386.41,23145.31,1.05
2017-01-27,HSI,恒生指数,23339.15,23360.78,23397.09,23307.05,0.39
2017-02-01,HSI,恒生指数,23211.88,23318.39,23318.39,23082.62,1.01
2017-02-02,HSI,恒生指数,23309.46,23184.52,23439.02,23131.37,1.32
2017-02-03,HSI,恒生指数,23216.97,23129.21,23226.92,22997.46,0.99
2017-02-06,HSI,恒生指数,23239.29,23348.24,23348.24,23149.7,0.86
2017-02-07,HSI,恒生指数,23287.89,23331.57,23403.6,23256.69,0.63
2017-02-08,HSI,恒生指数,23284.76,23485.13,23520.77,23160.99,1.54
2017-02-09,HSI,恒生指数,23533.52,23525.14,23644.63,23489.65,0.66
2017-02-10,HSI,恒生指数,23645.9,23574.98,23718.47,23573.85,0.61
2017-02-13,HSI,恒生指数,23664.53,23710.98,23751.92,23615.39,0.58
2017-02-14,HSI,恒生指数,23695.29,23703.01,23735.11,23614.47,0.51
2017-02-15,HSI,恒生指数,23771.95,23994.87,24067.62,23771.95,1.25
2017-02-16,HSI,恒生指数,24139.31,24107.7,24161.39,23969.57,0.8
2017-02-17,HSI,恒生指数,24077.87,24033.74,24106.34,23944.68,0.67
2017-02-20,HSI,恒生指数,24066.0,24146.08,24202.34,24022.15,0.75
2017-02-21,HSI,恒生指数,24174.11,23963.63,24213.64,23909.15,1.26
2017-02-22,HSI,恒生指数,24059.09,24201.96,24201.96,23999.55,0.84
2017-02-23,HSI,恒生指数,24122.18,24114.86,24216.53,24046.91,0.7
2017-02-24,HSI,恒生指数,24115.61,23965.7,24121.91,23958.13,0.68
2017-02-27,HSI,恒生指数,23941.81,23925.05,24067.68,23822.88,1.02
2017-02-28,HSI,恒生指数,23952.64,23740.73,24007.81,23740.73,1.12
2017-03-01,HSI,恒生指数,23849.22,23776.49,23857.28,23730.05,0.54
2017-03-02,HSI,恒生指数,24044.48,23728.07,24080.87,23694.33,1.63
2017-03-03,HSI,恒生指数,23618.36,23552.72,23635.24,23511.6,0.52
2017-03-06,HSI,恒生指数,23600.49,23596.28,23691.05,23574.28,0.5
2017-03-07,HSI,恒生指数,23630.35,23681.07,23728.0,23585.77,0.6
2017-03-08,HSI,恒生指数,23627.28,23782.27,23816.23,23563.14,1.07
2017-03-09,HSI,恒生指数,23667.77,23501.56,23673.58,23456.06,0.91
2017-03-10,HSI,恒生指数,23534.98,23568.67,23603.77,23438.86,0.7
2017-03-13,HSI,恒生指数,23643.3,23829.67,23877.59,23567.93,1.31
2017-03-14,HSI,恒生指数,23871.0,23827.95,23918.12,23768.34,0.63
2017-03-15,HSI,恒生指数,23705.07,23792.85,23842.81,23645.51,0.83
2017-03-16,HSI,恒生指数,24101.98,24288.28,24288.28,24003.75,1.2
2017-03-17,HSI,恒生指数,24376.13,24309.93,24385.81,24237.97,0.61
2017-03-20,HSI,恒生指数,24312.57,24501.99,24501.99,24312.57,0.78
2017-03-21,HSI,恒生指数,24565.73,24593.12,24656.65,24500.35,0.64
2017-03-22,HSI,恒生指数,24336.33,24320.41,24380.42,24207.1,0.7
2017-03-23,HSI,恒生指数,24381.04,24327.7,24466.73,24271.26,0.8
2017-03-24,HSI,恒生指数,24396.41,24358.27,24420.77,24263.17,0.65
2017-03-27,HSI,恒生指数,24235.69,24193.7,24434.9,24138.78,1.22
2017-03-28,HSI,恒生指数,24329.17,24345.87,24360.0,24274.52,0.35
2017-03-29,HSI,恒生指数,24470.66,24392.05,24470.66,24330.7,0.57
2017-03-30,HSI,恒生指数,24429.12,24301.09,24431.12,24250.4,0.74
2017-03-31,HSI,恒生指数,24305.53,24111.59,24329.98,24105.38,0.92
2017-04-03,HSI,恒生指数,24236.56,24261.48,24261.48,24162.55,0.41
2017-04-05,HSI,恒生指数,24370.95,24400.8,24400.8,24166.01,0.97
2017-04-06,HSI,恒生指数,24310.41,24273.72,24381.63,24210.69,0.7
2017-04-07,HSI,恒生指数,24247.01,24267.3,24268.39,23982.4,1.18
2017-04-10,HSI,恒生指数,24302.01,24262.18,24314.66,24215.54,0.41
2017-04-11,HSI,恒生指数,24280.87,24088.46,24318.15,24007.85,1.28
2017-04-12,HSI,恒生指数,24068.91,24313.5,24313.5,23994.13,1.33
2017-04-13,HSI,恒生指数,24173.42,24261.66,24378.38,24158.16,0.91
2017-04-18,HSI,恒生指数,24268.17,23924.54,24276.31,23892.59,1.58
2017-04-19,HSI,恒生指数,23875.98,23825.88,23893.14,23723.87,0.71
2017-04-20,HSI,恒生指数,23851.02,24056.98,24058.87,23827.07,0.97
2017-04-21,HSI,恒生指数,24143.04,24042.02,24190.14,23991.87,0.82
2017-04-24,HSI,恒生指数,24185.76,24139.48,24206.44,23958.18,1.03
2017-04-25,HSI,恒生指数,24204.78,24455.94,24455.94,24201.91,1.05
2017-04-26,HSI,恒生指数,24563.25,24578.43,24637.85,24515.23,0.5
2017-04-27,HSI,恒生指数,24663.1,24698.48,24717.44,24455.12,1.07
2017-04-28,HSI,恒生指数,24691.29,24615.13,24697.03,24563.77,0.54
2017-05-02,HSI,恒生指数,24773.8,24696.13,24773.8,24577.33,0.8
2017-05-04,HSI,恒生指数,24680.45,24683.88,24683.88,24530.93,0.62
2017-05-05,HSI,恒生指数,24625.35,24476.35,24634.28,24358.72,1.12
2017-05-08,HSI,恒生指数,24604.29,24577.91,24624.21,24476.2,0.6
2017-05-09,HSI,恒生指数,24656.95,24889.03,24889.83,24548.97,1.39
2017-05-10,HSI,恒生指数,24931.82,25015.42,25164.97,24931.82,0.94
2017-05-11,HSI,恒生指数,25101.53,25125.55,25203.54,25024.76,0.71
2017-05-12,HSI,恒生指数,25126.48,25156.34,25211.28,25087.32,0.49
2017-05-15,HSI,恒生指数,25233.31,25371.59,25385.72,25213.47,0.68
2017-05-16,HSI,恒生指数,25413.35,25335.94,25413.35,25228.46,0.73
2017-05-17,HSI,恒生指数,25355.76,25293.63,25374.95,25245.44,0.51
2017-05-18,HSI,恒生指数,25034.19,25136.52,25263.81,25025.05,0.94
2017-05-19,HSI,恒生指数,25171.66,25174.87,25266.22,25124.06,0.57
2017-05-22,HSI,恒生指数,25318.29,25391.34,25450.04,25201.34,0.99
2017-05-23,HSI,恒生指数,25415.57,25403.15,25486.98,25307.27,0.71
2017-05-24,HSI,恒生指数,25382.26,25428.5,25428.5,25296.66,0.52
2017-05-25,HSI,恒生指数,25511.46,25630.78,25680.67,25491.78,0.74
2017-05-26,HSI,恒生指数,25670.98,25639.27,25724.4,25588.7,0.53
2017-05-29,HSI,恒生指数,25672.4,25701.63,25744.72,25579.15,0.65
2017-05-31,HSI,恒生指数,25706.45,25660.65,25817.95,25650.06,0.65
2017-06-01,HSI,恒生指数,25736.35,25809.22,25834.75,25614.61,0.86
2017-06-02,HSI,恒生指数,25926.06,25924.05,25973.0,25851.85,0.47
2017-06-05,HSI,恒生指数,25976.36,25862.99,25998.66,25801.84,0.76
2017-06-06,HSI,恒生指数,25819.53,25997.14,26019.01,25805.02,0.83
2017-06-07,HSI,恒生指数,26025.21,25974.16,26073.44,25898.82,0.67
2017-06-08,HSI,恒生指数,25974.0,26063.06,26069.98,25923.21,0.57
2017-06-09,HSI,恒生指数,26090.33,26030.29,26090.33,25922.68,0.64
2017-06-12,HSI,恒生指数,25925.45,25708.04,25957.78,25689.23,1.03
2017-06-13,HSI,恒生指数,25826.52,25852.1,25883.22,25722.63,0.62
2017-06-14,HSI,恒生指数,25915.46,25875.9,25915.46,25713.02,0.78
2017-06-15,HSI,恒生指数,25772.28,25565.34,25772.28,25565.34,0.8
2017-06-16,HSI,恒生指数,25601.81,25626.49,25719.97,25557.8,0.63
2017-06-19,HSI,恒生指数,25736.2,25924.55,25939.72,25735.07,0.8
2017-06-20,HSI,恒生指数,26028.43,25843.04,26043.1,25833.93,0.81
2017-06-21,HSI,恒生指数,25752.27,25694.58,25846.52,25575.98,1.05
2017-06-22,HSI,恒生指数,25597.46,25674.53,25867.94,25597.46,1.05
2017-06-23,HSI,恒生指数,25724.28,25670.05,25770.37,25648.77,0.47
2017-06-26,HSI,恒生指数,25727.93,25871.89,25875.48,25720.38,0.6
2017-06-27,HSI,恒生指数,25911.2,25839.99,25929.61,25780.69,0.58
2017-06-28,HSI,恒生指数,25735.21,25683.5,25821.36,25625.71,0.76
2017-06-29,HSI,恒生指数,25872.93,25965.42,25965.42,25872.93,0.36
2017-06-30,HSI,恒生指数,25679.64,25764.58,25816.25,25679.64,0.53
2017-07-03,HSI,恒生指数,25654.77,25784.17,25821.39,25654.77,0.65
2017-07-04,HSI,恒生指数,25782.85,25389.01,25838.27,25251.72,2.27
2017-07-05,HSI,恒生指数,25354.38,25521.97,25559.18,25199.86,1.42
2017-07-06,HSI,恒生指数,25574.57,25465.22,25599.7,25436.83,0.64
2017-07-07,HSI,恒生指数,25377.21,25340.85,25409.9,25315.91,0.37
2017-07-10,HSI,恒生指数,25392.03,25500.06,25622.75,25331.95,1.15
2017-07-11,HSI,恒生指数,25605.19,25877.64,25941.47,25596.21,1.35
2017-07-12,HSI,恒生指数,25991.35,26043.64,26147.3,25991.35,0.6
2017-07-13,HSI,恒生指数,26340.29,26346.17,26383.76,26255.31,0.49
2017-07-14,HSI,恒生指数,26416.68,26389.23,26416.68,26295.99,0.46
2017-07-17,HSI,恒生指数,26572.92,26470.58,26618.66,26353.83,1.0
2017-07-18,HSI,恒生指数,26489.52,26524.94,26540.17,26381.14,0.6
2017-07-19,HSI,恒生指数,26561.81,26672.16,26682.64,26541.56,0.53
2017-07-20,HSI,恒生指数,26770.48,26740.21,26794.18,26632.98,0.6
2017-07-21,HSI,恒生指数,26777.44,26706.09,26778.42,26663.25,0.43
2017-07-24,HSI,恒生指数,26720.04,26846.83,26882.0,26674.5,0.78
2017-07-25,HSI,恒生指数,26847.58,26852.05,26889.7,26799.77,0.33
2017-07-26,HSI,恒生指数,26960.81,26941.02,27007.27,26786.63,0.82
2017-07-27,HSI,恒生指数,27002.7,27131.17,27169.15,26962.03,0.77
2017-07-28,HSI,恒生指数,27007.97,26979.39,27047.88,26928.44,0.44
2017-07-31,HSI,恒生指数,27048.45,27323.99,27324.38,27045.41,1.03
2017-08-01,HSI,恒生指数,27326.04,27540.23,27558.0,27326.04,0.85
2017-08-02,HSI,恒生指数,27645.28,27607.38,27747.35,27570.5,0.64
2017-08-03,HSI,恒生指数,27533.51,27531.01,27601.05,27399.58,0.73
2017-08-04,HSI,恒生指数,27564.71,27562.68,27615.03,27508.11,0.39
2017-08-07,HSI,恒生指数,27665.71,27690.36,27731.92,27629.2,0.37
2017-08-08,HSI,恒生指数,27684.6,27854.91,27867.56,27626.19,0.87
2017-08-09,HSI,恒生指数,27760.08,27757.09,27876.12,27602.66,0.98
2017-08-10,HSI,恒生指数,27791.36,27444.0,27791.36,27267.03,1.89
2017-08-11,HSI,恒生指数,27000.43,26883.51,27184.21,26863.71,1.17
2017-08-14,HSI,恒生指数,27091.77,27250.23,27268.23,27032.4,0.88
2017-08-15,HSI,恒生指数,27371.25,27174.96,27438.42,27174.96,0.97
2017-08-16,HSI,恒生指数,27238.81,27409.07,27422.3,27238.81,0.68
2017-08-17,HSI,恒生指数,27610.29,27344.22,27624.52,27302.48,1.17
2017-08-18,HSI,恒生指数,26999.6,27047.57,27236.32,26951.92,1.04
2017-08-21,HSI,恒生指数,27100.63,27154.68,27221.31,27086.43,0.5
2017-08-22,HSI,恒生指数,27322.2,27401.67,27509.06,27316.08,0.71
2017-08-24,HSI,恒生指数,27642.23,27518.6,27642.23,27485.87,0.57
2017-08-25,HSI,恒生指数,27539.11,27848.16,27878.37,27480.11,1.45
2017-08-28,HSI,恒生指数,27905.59,27863.29,28071.59,27806.05,0.95
2017-08-29,HSI,恒生指数,27744.58,27765.01,27839.83,27638.73,0.72
2017-08-30,HSI,恒生指数,27957.74,28094.61,28127.9,27912.82,0.77
2017-08-31,HSI,恒生指数,27934.45,27970.3,27994.06,27861.48,0.47
2017-09-01,HSI,恒生指数,28015.22,27953.16,28116.7,27915.44,0.72
2017-09-04,HSI,恒生指数,27881.71,27740.26,27884.46,27662.29,0.79
2017-09-05,HSI,恒生指数,27797.44,27741.35,27871.76,27685.3,0.67
2017-09-06,HSI,恒生指数,27671.56,27613.76,27684.26,27421.79,0.95
2017-09-07,HSI,恒生指数,27817.87,27522.92,27817.87,27492.82,1.18
2017-09-08,HSI,恒生指数,27571.59,27668.47,27708.09,27569.13,0.5
2017-09-11,HSI,恒生指数,27877.69,27955.13,27976.98,27859.0,0.43
2017-09-12,HSI,恒生指数,28068.7,27972.24,28071.54,27883.83,0.67
2017-09-13,HSI,恒生指数,27984.27,27894.08,27984.27,27751.28,0.83
2017-09-14,HSI,恒生指数,27788.84,27777.2,27895.07,27699.09,0.7
2017-09-15,HSI,恒生指数,27736.6,27807.59,27893.58,27514.04,1.37
2017-09-18,HSI,恒生指数,27971.37,28159.77,28160.39,27917.18,0.87
2017-09-19,HSI,恒生指数,28200.54,28051.41,28248.12,28032.17,0.77
2017-09-20,HSI,恒生指数,28099.29,28127.8,28149.36,28013.11,0.49
2017-09-21,HSI,恒生指数,28091.24,28110.33,28184.37,28046.94,0.49
2017-09-22,HSI,恒生指数,27949.83,27880.53,27960.92,27845.52,0.41
2017-09-25,HSI,恒生指数,27851.54,27500.34,27851.54,27476.27,1.35
2017-09-26,HSI,恒生指数,27308.61,27513.01,27567.88,27300.37,0.97
2017-09-27,HSI,恒生指数,27503.05,27642.43,27673.4,27503.05,0.62
2017-09-28,HSI,恒生指数,27661.27,27421.6,27665.16,27421.6,0.88
2017-09-29,HSI,恒生指数,27492.13,27554.3,27581.13,27383.16,0.72
2017-10-03,HSI,恒生指数,27884.21,28173.21,28194.16,27737.38,1.66
2017-10-04,HSI,恒生指数,28311.27,28379.18,28521.77,28311.27,0.75
2017-10-06,HSI,恒生指数,28626.41,28458.04,28626.41,28377.85,0.88
2017-10-09,HSI,恒生指数,28440.17,28326.59,28488.35,28282.01,0.73
2017-10-10,HSI,恒生指数,28334.92,28490.83,28503.84,28260.2,0.86
2017-10-11,HSI,恒生指数,28622.01,28389.57,28625.66,28330.73,1.04
2017-10-12,HSI,恒生指数,28431.05,28459.03,28528.71,28343.32,0.65
2017-10-13,HSI,恒生指数,28423.65,28476.43,28492.39,28369.87,0.43
2017-10-16,HSI,恒生指数,28661.98,28692.8,28792.06,28620.38,0.6
2017-10-17,HSI,恒生指数,28777.18,28697.49,28777.18,28641.95,0.47
2017-10-18,HSI,恒生指数,28636.2,28711.76,28729.34,28629.73,0.35
2017-10-19,HSI,恒生指数,28783.85,28159.09,28798.78,28094.54,2.45
2017-10-20,HSI,恒生指数,28360.02,28487.24,28519.76,28313.7,0.73
2017-10-23,HSI,恒生指数,28557.8,28305.88,28557.8,28253.32,1.07
2017-10-24,HSI,恒生指数,28232.62,28154.97,28356.1,28098.83,0.91
2017-10-25,HSI,恒生指数,28238.85,28302.89,28387.21,28198.56,0.67
2017-10-26,HSI,恒生指数,28165.61,28202.38,28316.2,28102.75,0.75
2017-10-27,HSI,恒生指数,28332.91,28438.85,28494.52,28305.73,0.67
2017-10-30,HSI,恒生指数,28585.15,28336.19,28650.82,28336.19,1.11
2017-10-31,HSI,恒生指数,28247.0,28245.54,28354.11,28183.79,0.6
2017-11-01,HSI,恒生指数,28387.55,28594.06,28606.59,28329.5,0.98
2017-11-02,HSI,恒生指数,28604.95,28518.64,28643.58,28492.2,0.53
2017-11-03,HSI,恒生指数,28603.51,28603.61,28661.29,28542.66,0.42
2017-11-06,HSI,恒生指数,28616.35,28596.8,28650.79,28137.77,1.79
2017-11-07,HSI,恒生指数,28715.4,28994.34,29017.4,28715.07,1.06
2017-11-08,HSI,恒生指数,28950.5,28907.6,29123.44,28885.07,0.82
2017-11-09,HSI,恒生指数,28987.79,29136.57,29192.51,28960.05,0.8
2017-11-10,HSI,恒生指数,29060.13,29120.92,29237.85,29036.45,0.69
2017-11-13,HSI,恒生指数,29058.23,29182.18,29258.5,29058.23,0.69
2017-11-14,HSI,恒生指数,29272.1,29152.12,29320.03,29143.63,0.6
2017-11-15,HSI,恒生指数,29026.11,28851.69,29106.49,28851.69,0.87
2017-11-16,HSI,恒生指数,28963.77,29018.76,29095.49,28877.76,0.75
2017-11-17,HSI,恒生指数,29214.36,29199.04,29341.92,29158.35,0.63
2017-11-20,HSI,恒生指数,29227.08,29260.31,29299.87,29089.58,0.72
2017-11-21,HSI,恒生指数,29369.69,29818.07,29818.07,29343.48,1.62
2017-11-22,HSI,恒生指数,30087.19,30003.49,30199.69,29911.07,0.97
2017-11-23,HSI,恒生指数,30033.18,29707.94,30169.99,29593.79,1.92
2017-11-24,HSI,恒生指数,29788.18,29866.32,29918.92,29696.59,0.75
2017-11-27,HSI,恒生指数,29857.65,29686.19,29859.11,29610.96,0.83
2017-11-28,HSI,恒生指数,29608.64,29680.85,29687.45,29334.59,1.19
2017-11-29,HSI,恒生指数,29813.94,29623.83,29831.19,29563.39,0.9
2017-11-30,HSI,恒生指数,29340.27,29177.35,29353.51,29127.3,0.76
2017-12-01,HSI,恒生指数,29261.31,29074.24,29345.97,29028.76,1.09
2017-12-04,HSI,恒生指数,28951.19,29138.28,29343.78,28803.19,1.86
2017-12-05,HSI,恒生指数,28898.58,28842.8,29124.24,28838.12,0.98
2017-12-06,HSI,恒生指数,28850.36,28224.8,28929.21,28204.53,2.51
2017-12-07,HSI,恒生指数,28366.14,28303.19,28478.34,28134.93,1.22
2017-12-08,HSI,恒生指数,28400.01,28639.85,28705.76,28344.39,1.28
2017-12-11,HSI,恒生指数,28645.41,28965.29,28998.51,28645.41,1.23
2017-12-12,HSI,恒生指数,28972.74,28793.88,29066.77,28745.73,1.11
2017-12-13,HSI,恒生指数,28856.78,29222.1,29276.67,28707.6,1.98
2017-12-14,HSI,恒生指数,29335.76,29166.38,29367.51,29047.61,1.09
2017-12-15,HSI,恒生指数,29000.11,28848.11,29017.66,28738.84,0.96
2017-12-18,HSI,恒生指数,28923.53,29050.41,29143.33,28821.19,1.12
2017-12-19,HSI,恒生指数,29193.74,29253.66,29339.11,29144.17,0.67
2017-12-20,HSI,恒生指数,29199.29,29234.09,29326.52,29159.28,0.57
2017-12-21,HSI,恒生指数,29209.64,29367.06,29431.81,29145.13,0.98
2017-12-22,HSI,恒生指数,29505.05,29578.01,29578.01,29413.86,0.56
2017-12-27,HSI,恒生指数,29632.97,29597.66,29693.82,29516.51,0.6
2017-12-28,HSI,恒生指数,29684.79,29863.71,29873.1,29661.06,0.72
2017-12-29,HSI,恒生指数,29914.05,29919.15,29997.96,29849.31,0.5
2018-01-02,HSI,恒生指数,30028.29,30515.31,30515.31,30028.29,1.63
2018-01-03,HSI,恒生指数,30658.73,30560.95,30724.32,30456.76,0.88
2018-01-04,HSI,恒生指数,30691.71,30736.48,30796.93,30560.43,0.77
2018-01-05,HSI,恒生指数,30893.86,30814.64,30911.01,30638.53,0.89
2018-01-08,HSI,恒生指数,30895.09,30899.53,30929.15,30732.54,0.64
2018-01-09,HSI,恒生指数,30933.51,31011.41,31056.7,30852.43,0.66
2018-01-10,HSI,恒生指数,31009.24,31073.72,31267.57,30928.58,1.09
2018-01-11,HSI,恒生指数,31066.21,31120.39,31133.18,30950.07,0.59
2018-01-12,HSI,恒生指数,31298.05,31412.54,31412.54,31198.36,0.69
2018-01-15,HSI,恒生指数,31702.56,31338.87,31733.18,31265.25,1.49
2018-01-16,HSI,恒生指数,31423.62,31904.75,31904.75,31423.62,1.54
2018-01-17,HSI,恒生指数,31825.52,31983.41,31983.41,31825.52,0.49
2018-01-18,HSI,恒生指数,32148.45,32121.94,32233.81,31869.7,1.14
2018-01-19,HSI,恒生指数,32142.16,32254.89,32254.89,31986.0,0.84
2018-01-22,HSI,恒生指数,32276.96,32393.41,32417.23,32046.84,1.15
2018-01-23,HSI,恒生指数,32606.14,32930.7,32930.7,32554.23,1.16
2018-01-24,HSI,恒生指数,32907.23,32958.69,33018.71,32728.51,0.88
2018-01-25,HSI,恒生指数,32979.38,32654.45,32998.05,32650.22,1.06
2018-01-26,HSI,恒生指数,32836.28,33154.12,33223.58,32794.13,1.32
2018-01-29,HSI,恒生指数,33335.48,32966.89,33484.08,32897.04,1.77
2018-01-30,HSI,恒生指数,32751.72,32607.29,32976.75,32501.35,1.44
2018-01-31,HSI,恒生指数,32435.76,32887.27,32933.98,32330.39,1.85
2018-02-01,HSI,恒生指数,32950.3,32642.09,33048.04,32642.09,1.23
2018-02-02,HSI,恒生指数,32569.01,32601.78,32778.51,32321.42,1.4
2018-02-05,HSI,恒生指数,31715.56,32245.22,32394.87,31712.02,2.09
2018-02-06,HSI,恒生指数,31028.68,30595.42,31286.03,30577.83,2.2
2018-02-07,HSI,恒生指数,31378.35,30323.2,31472.47,30292.15,3.86
2018-02-08,HSI,恒生指数,30555.8,30451.27,30739.11,30251.32,1.61
2018-02-09,HSI,恒生指数,29679.21,29507.42,29679.21,29129.26,1.81
2018-02-12,HSI,恒生指数,29713.08,29459.63,29801.52,29459.63,1.16
2018-02-13,HSI,恒生指数,29850.15,29839.53,30169.0,29783.1,1.31
2018-02-14,HSI,恒生指数,30024.47,30515.6,30637.23,29968.54,2.24
2018-02-15,HSI,恒生指数,30958.71,31115.43,31145.1,30816.65,1.08
2018-02-20,HSI,恒生指数,31165.29,30873.63,31339.69,30720.48,1.99
2018-02-21,HSI,恒生指数,31050.52,31431.89,31477.85,30885.95,1.92
2018-02-22,HSI,恒生指数,31084.45,30965.68,31195.27,30930.1,0.84
2018-02-23,HSI,恒生指数,31289.08,31267.17,31386.81,31149.32,0.77
2018-02-26,HSI,恒生指数,31528.29,31498.6,31567.46,31273.95,0.94
2018-02-27,HSI,恒生指数,31790.85,31268.66,31798.98,31141.52,2.09
2018-02-28,HSI,恒生指数,31037.41,30844.72,31061.76,30703.9,1.14
2018-03-01,HSI,恒生指数,30476.99,31044.25,31081.68,30453.82,2.04
2018-03-02,HSI,恒生指数,30611.1,30583.45,30670.94,30477.95,0.62
2018-03-05,HSI,恒生指数,30524.26,29886.39,30679.47,29852.42,2.7
2018-03-06,HSI,恒生指数,30380.96,30510.73,30620.06,30129.8,1.64
2018-03-07,HSI,恒生指数,30323.77,30196.92,30673.08,30117.4,1.82
2018-03-08,HSI,恒生指数,30523.68,30654.52,30724.03,30428.61,0.98
2018-03-09,HSI,恒生指数,30858.27,30996.21,30996.21,30840.8,0.51
2018-03-12,HSI,恒生指数,31536.3,31594.33,31607.58,31342.48,0.86
2018-03-13,HSI,恒生指数,31570.2,31601.45,31709.99,31461.47,0.79
2018-03-14,HSI,恒生指数,31321.79,31435.01,31453.48,31141.85,0.99
2018-03-15,HSI,恒生指数,31181.15,31541.1,31583.38,31121.66,1.47
2018-03-16,HSI,恒生指数,31363.03,31501.97,31564.78,31337.45,0.72
2018-03-19,HSI,恒生指数,31370.47,31513.76,31656.3,31244.62,1.31
2018-03-20,HSI,恒生指数,31315.42,31549.93,31576.05,31183.4,1.25
2018-03-21,HSI,恒生指数,31811.98,31414.52,31978.14,31381.54,1.89
2018-03-22,HSI,恒生指数,31575.93,31071.05,31686.67,31018.44,2.13
2018-03-23,HSI,恒生指数,29930.23,30309.29,30320.31,29930.23,1.26
2018-03-26,HSI,恒生指数,30267.07,30548.77,30548.77,29995.16,1.83
2018-03-27,HSI,恒生指数,30985.75,30790.83,30985.75,30738.76,0.81
2018-03-28,HSI,恒生指数,30510.38,30022.53,30637.21,30022.53,2.0
2018-03-29,HSI,恒生指数,30154.18,30093.38,30252.95,29819.63,1.44
2018-04-03,HSI,恒生指数,29927.88,30180.1,30269.28,29755.36,1.71
2018-04-04,HSI,恒生指数,30244.22,29518.69,30329.08,29518.69,2.69
2018-04-06,HSI,恒生指数,29750.24,29844.94,29980.56,29608.33,1.26
2018-04-09,HSI,恒生指数,30104.32,30229.58,30514.8,29909.37,2.03
2018-04-10,HSI,恒生指数,30205.09,30728.74,30806.86,30163.09,2.13
2018-04-11,HSI,恒生指数,30761.23,30897.71,31021.12,30723.07,0.97
2018-04-12,HSI,恒生指数,31094.11,30831.28,31094.11,30637.14,1.48
2018-04-13,HSI,恒生指数,31076.76,30808.38,31076.76,30707.77,1.2
2018-04-16,HSI,恒生指数,30849.72,30315.59,30849.72,30190.75,2.14
2018-04-17,HSI,恒生指数,30354.89,30062.75,30477.79,30012.7,1.53
2018-04-18,HSI,恒生指数,30469.95,30284.25,30487.17,29979.4,1.69
2018-04-19,HSI,恒生指数,30532.95,30708.44,30761.47,30451.0,1.03
2018-04-20,HSI,恒生指数,30647.94,30418.33,30848.47,30355.79,1.6
2018-04-23,HSI,恒生指数,30327.03,30254.4,30481.86,30184.45,0.98
2018-04-24,HSI,恒生指数,30353.83,30636.24,30665.1,30335.29,1.09
2018-04-25,HSI,恒生指数,30486.86,30328.15,30507.19,30244.16,0.86
2018-04-26,HSI,恒生指数,30378.15,30007.68,30463.42,29871.2,1.95
2018-04-27,HSI,恒生指数,30300.83,30280.67,30336.0,30019.12,1.06
2018-04-30,HSI,恒生指数,30530.4,30808.45,30853.13,30483.91,1.22
2018-05-02,HSI,恒生指数,30782.21,30723.88,30824.77,30570.81,0.82
2018-05-03,HSI,恒生指数,30405.48,30313.37,30432.07,30118.65,1.02
2018-05-04,HSI,恒生指数,30316.98,29926.5,30341.46,29859.3,1.59
2018-05-07,HSI,恒生指数,30102.06,29994.26,30138.33,29791.87,1.16
2018-05-08,HSI,恒生指数,30123.77,30402.81,30444.22,30123.77,1.07
2018-05-09,HSI,恒生指数,30452.16,30536.14,30568.76,30346.62,0.73
2018-05-10,HSI,恒生指数,30716.97,30809.22,30851.3,30712.93,0.45
2018-05-11,HSI,恒生指数,31151.8,31122.06,31277.39,31032.44,0.8
2018-05-14,HSI,恒生指数,31498.36,31541.08,31592.56,31423.57,0.54
2018-05-15,HSI,恒生指数,31573.18,31152.03,31573.18,31152.03,1.34
2018-05-16,HSI,恒生指数,31014.72,31110.2,31218.08,30818.78,1.28
2018-05-17,HSI,恒生指数,31416.71,30942.15,31416.71,30942.15,1.53
2018-05-18,HSI,恒生指数,31033.97,31047.91,31148.06,30904.68,0.79
2018-05-21,HSI,恒生指数,31232.79,31234.35,31464.1,31232.79,0.75
2018-05-23,HSI,恒生指数,31191.87,30665.64,31191.87,30665.64,1.68
2018-05-24,HSI,恒生指数,30718.66,30760.41,30788.97,30718.66,0.23
2018-05-25,HSI,恒生指数,30664.27,30588.04,30736.97,30525.74,0.69
2018-05-28,HSI,恒生指数,30759.84,30792.26,30839.3,30530.47,1.01
2018-05-29,HSI,恒生指数,30647.26,30484.58,30713.32,30454.18,0.84
2018-05-30,HSI,恒生指数,30109.37,30056.79,30241.23,29964.34,0.91
2018-05-31,HSI,恒生指数,30274.18,30468.56,30533.58,30148.43,1.28
2018-06-01,HSI,恒生指数,30548.78,30492.91,30581.12,30363.49,0.71
2018-06-04,HSI,恒生指数,30836.77,30997.98,31012.92,30743.18,0.88
2018-06-05,HSI,恒生指数,31009.47,31093.45,31188.93,30896.11,0.94
2018-06-06,HSI,恒生指数,31162.02,31259.1,31332.42,31161.37,0.55
2018-06-07,HSI,恒生指数,31464.63,31512.63,31521.13,31369.28,0.49
2018-06-08,HSI,恒生指数,31435.26,30958.21,31435.26,30874.1,1.78
2018-06-11,HSI,恒生指数,31016.52,31063.7,31134.03,30898.57,0.76
2018-06-12,HSI,恒生指数,31029.85,31103.06,31242.86,30944.97,0.96
2018-06-13,HSI,恒生指数,30990.37,30725.15,31023.73,30688.26,1.08
2018-06-14,HSI,恒生指数,30684.07,30440.17,30777.96,30349.96,1.39
2018-06-15,HSI,恒生指数,30411.07,30309.49,30519.29,30259.11,0.85
2018-06-19,HSI,恒生指数,29999.01,29468.15,30012.04,29332.28,2.24
2018-06-20,HSI,恒生指数,29478.46,29696.17,29944.3,29406.2,1.83
2018-06-21,HSI,恒生指数,29764.05,29296.05,29882.27,29285.71,2.01
2018-06-22,HSI,恒生指数,29215.54,29338.7,29436.84,29089.39,1.19
2018-06-25,HSI,恒生指数,29326.12,28961.39,29403.36,28895.4,1.73
2018-06-26,HSI,恒生指数,28881.18,28881.4,29034.23,28505.09,1.83
2018-06-27,HSI,恒生指数,28957.64,28356.26,28988.83,28342.82,2.24
2018-06-28,HSI,恒生指数,28368.01,28497.32,28567.29,28169.1,1.4
2018-06-29,HSI,恒生指数,28463.85,28955.11,28962.29,28463.85,1.75
2018-07-03,HSI,恒生指数,28617.0,28545.57,28617.0,27990.45,2.16
2018-07-04,HSI,恒生指数,28546.32,28241.67,28642.34,28141.28,1.76
2018-07-05,HSI,恒生指数,28101.85,28182.09,28320.9,27830.75,1.74
2018-07-06,HSI,恒生指数,28254.37,28315.62,28554.21,27925.33,2.23
2018-07-09,HSI,恒生指数,28606.16,28688.5,28821.54,28518.52,1.07
2018-07-10,HSI,恒生指数,28900.71,28682.25,28981.93,28682.25,1.04
2018-07-11,HSI,恒生指数,28013.72,28311.69,28365.72,28013.72,1.23
2018-07-12,HSI,恒生指数,28260.09,28480.83,28614.53,28217.31,1.4
2018-07-13,HSI,恒生指数,28689.18,28525.44,28715.36,28500.51,0.75
2018-07-16,HSI,恒生指数,28580.96,28539.66,28699.21,28327.0,1.3
2018-07-17,HSI,恒生指数,28451.5,28181.68,28460.87,28137.95,1.13
2018-07-18,HSI,恒生指数,28352.11,28117.42,28386.38,28045.47,1.21
2018-07-19,HSI,恒生指数,28251.16,28010.86,28329.98,27998.36,1.18
2018-07-20,HSI,恒生指数,28054.76,28224.48,28294.74,27745.85,1.96
2018-07-23,HSI,恒生指数,28298.61,28256.12,28391.58,28091.06,1.06
2018-07-24,HSI,恒生指数,28282.3,28662.57,28718.0,28282.3,1.54
2018-07-25,HSI,恒生指数,28906.97,28920.9,28964.79,28764.35,0.7
2018-07-26,HSI,恒生指数,29083.4,28781.14,29083.4,28625.08,1.58
2018-07-27,HSI,恒生指数,28734.73,28804.28,28816.69,28572.79,0.85
2018-07-30,HSI,恒生指数,28631.05,28733.13,28839.24,28539.56,1.04
2018-07-31,HSI,恒生指数,28663.14,28583.01,28682.31,28538.03,0.5
2018-08-01,HSI,恒生指数,28756.72,28340.74,28772.8,28219.97,1.93
2018-08-02,HSI,恒生指数,28159.01,27714.56,28218.28,27578.09,2.26
2018-08-03,HSI,恒生指数,27751.6,27676.32,27786.15,27604.56,0.66
2018-08-06,HSI,恒生指数,27885.51,27819.56,28074.53,27730.42,1.24
2018-08-07,HSI,恒生指数,27889.44,28248.88,28266.68,27843.16,1.52
2018-08-08,HSI,恒生指数,28473.48,28359.14,28473.48,28224.46,0.88
2018-08-09,HSI,恒生指数,28260.5,28607.3,28728.17,28192.81,1.89
2018-08-10,HSI,恒生指数,28614.73,28366.62,28665.9,28296.99,1.29
2018-08-13,HSI,恒生指数,27956.78,27936.57,28085.17,27823.21,0.92
2018-08-14,HSI,恒生指数,27938.32,27752.93,27946.55,27522.82,1.52
2018-08-15,HSI,恒生指数,27724.72,27323.59,27727.27,27249.08,1.72
2018-08-16,HSI,恒生指数,26871.11,27100.06,27405.25,26871.11,1.95
2018-08-17,HSI,恒生指数,27388.57,27213.41,27450.84,27101.1,1.29
2018-08-20,HSI,恒生指数,27273.78,27598.02,27609.8,27209.22,1.47
2018-08-21,HSI,恒生指数,27670.54,27752.79,27771.3,27526.3,0.89
2018-08-22,HSI,恒生指数,27836.68,27927.58,27954.52,27579.8,1.35
2018-08-23,HSI,恒生指数,28005.33,27790.46,28051.65,27659.21,1.41
2018-08-24,HSI,恒生指数,27565.98,27671.87,27830.91,27532.06,1.08
2018-08-27,HSI,恒生指数,28016.66,28271.27,28289.06,27956.04,1.2
2018-08-28,HSI,恒生指数,28530.89,28351.62,28579.64,28234.53,1.22
2018-08-29,HSI,恒生指数,28362.84,28416.44,28485.83,28272.13,0.75
2018-08-30,HSI,恒生指数,28533.93,28164.05,28533.93,28121.4,1.45
2018-08-31,HSI,恒生指数,27798.21,27888.55,27962.03,27720.32,0.86
2018-09-03,HSI,恒生指数,27809.45,27712.54,27822.19,27577.04,0.88
2018-09-04,HSI,恒生指数,27619.18,27973.34,27984.89,27563.79,1.52
2018-09-05,HSI,恒生指数,27789.02,27243.85,27861.99,27208.34,2.34
2018-09-06,HSI,恒生指数,27069.21,26974.82,27268.39,26818.82,1.65
2018-09-07,HSI,恒生指数,26895.87,26973.47,27196.57,26669.58,1.95
2018-09-10,HSI,恒生指数,26922.27,26613.42,26926.63,26453.29,1.75
2018-09-11,HSI,恒生指数,26611.93,26422.55,26690.65,26394.87,1.11
2018-09-12,HSI,恒生指数,26462.82,26345.04,26468.91,26219.56,0.94
2018-09-13,HSI,恒生指数,26798.39,27014.49,27014.49,26648.77,1.39
2018-09-14,HSI,恒生指数,27229.79,27286.41,27340.02,27027.45,1.16
2018-09-17,HSI,恒生指数,27029.91,26932.85,27037.48,26763.21,1.01
2018-09-18,HSI,恒生指数,26846.33,27084.66,27156.55,26648.99,1.88
2018-09-19,HSI,恒生指数,27170.02,27407.37,27488.35,27085.79,1.49
2018-09-20,HSI,恒生指数,27605.72,27477.67,27628.19,27327.23,1.1
2018-09-21,HSI,恒生指数,27712.35,27953.58,27965.96,27536.27,1.56
2018-09-24,HSI,恒生指数,27783.85,27499.39,27783.85,27425.01,1.28
2018-09-26,HSI,恒生指数,27606.81,27816.87,28031.81,27589.37,1.61
2018-09-27,HSI,恒生指数,27912.51,27715.67,27928.29,27638.54,1.04
2018-09-28,HSI,恒生指数,27879.06,27788.52,27927.95,27672.83,0.92
2018-10-02,HSI,恒生指数,27716.16,27126.38,27716.16,27073.08,2.31
2018-10-03,HSI,恒生指数,26840.2,27091.26,27270.16,26840.2,1.59
2018-10-04,HSI,恒生指数,27029.4,26623.87,27029.4,26551.44,1.76
2018-10-05,HSI,恒生指数,26503.75,26572.57,26639.64,26373.46,1.0
2018-10-08,HSI,恒生指数,26717.6,26202.57,26717.6,26187.83,1.99
2018-10-09,HSI,恒生指数,26194.17,26172.91,26366.6,26067.51,1.14
2018-10-10,HSI,恒生指数,26281.28,26193.07,26499.84,26193.07,1.17
2018-10-11,HSI,恒生指数,25392.9,25266.37,25437.85,25125.22,1.19
2018-10-12,HSI,恒生指数,25401.41,25801.49,25835.76,25286.86,2.17
2018-10-15,HSI,恒生指数,25683.59,25445.06,25683.59,25399.54,1.1
2018-10-16,HSI,恒生指数,25586.16,25462.26,25712.13,25266.54,1.75
2018-10-18,HSI,恒生指数,25674.66,25454.55,25674.66,25261.72,1.62
2018-10-19,HSI,恒生指数,25172.03,25561.4,25743.45,25090.3,2.57
2018-10-22,HSI,恒生指数,25668.33,26153.15,26234.86,25668.33,2.22
2018-10-23,HSI,恒生指数,26015.49,25346.55,26015.49,25315.76,2.68
2018-10-24,HSI,恒生指数,25401.17,25249.78,25653.36,25194.29,1.81
2018-10-25,HSI,恒生指数,24766.72,24994.46,24994.46,24653.79,1.35
2018-10-26,HSI,恒生指数,25031.49,24717.63,25062.2,24589.04,1.89
2018-10-29,HSI,恒生指数,24955.79,24812.04,24955.79,24594.74,1.46
2018-10-30,HSI,恒生指数,24765.12,24585.53,24939.18,24540.63,1.61
2018-10-31,HSI,恒生指数,24752.83,24979.69,24979.69,24700.11,1.14
2018-11-01,HSI,恒生指数,25228.75,25416.0,25535.12,25190.9,1.38
2018-11-02,HSI,恒生指数,25980.44,26486.35,26486.35,25909.71,2.27
2018-11-05,HSI,恒生指数,26050.34,25934.39,26146.81,25747.52,1.51
2018-11-06,HSI,恒生指数,26062.24,26120.96,26159.83,25826.69,1.28
2018-11-07,HSI,恒生指数,26125.09,26147.69,26530.87,25920.72,2.34
2018-11-08,HSI,恒生指数,26491.27,26227.72,26491.27,26141.25,1.34
2018-11-09,HSI,恒生指数,25925.09,25601.92,25925.09,25475.32,1.71
2018-11-12,HSI,恒生指数,25576.28,25633.18,25765.96,25505.33,1.02
2018-11-13,HSI,恒生指数,25092.3,25792.87,25792.87,25092.3,2.73
2018-11-14,HSI,恒生指数,25874.36,25654.43,25874.36,25489.86,1.49
2018-11-15,HSI,恒生指数,25862.18,26103.34,26127.14,25611.72,2.01
2018-11-16,HSI,恒生指数,26041.56,26183.53,26197.31,25850.04,1.33
2018-11-19,HSI,恒生指数,26278.87,26372.0,26397.39,26146.39,0.96
2018-11-20,HSI,恒生指数,26043.51,25840.34,26132.29,25776.22,1.35
2018-11-21,HSI,恒生指数,25496.85,25971.47,25998.28,25494.51,1.95
2018-11-22,HSI,恒生指数,26139.39,26019.41,26139.39,25873.38,1.02
2018-11-23,HSI,恒生指数,25950.07,25927.68,25983.25,25807.26,0.68
2018-11-26,HSI,恒生指数,26099.35,26376.18,26413.76,26031.9,1.47
2018-11-27,HSI,恒生指数,26345.37,26331.96,26417.84,26158.97,0.98
2018-11-28,HSI,恒生指数,26406.68,26682.56,26705.3,26332.66,1.42
2018-11-29,HSI,恒生指数,26904.21,26451.03,26923.33,26399.81,1.96
2018-11-30,HSI,恒生指数,26506.09,26506.75,26683.25,26396.62,1.08
2018-12-03,HSI,恒生指数,27185.66,27182.04,27259.43,27006.83,0.95
2018-12-04,HSI,恒生指数,27119.19,27260.44,27260.44,26984.71,1.01
2018-12-05,HSI,恒生指数,26745.69,26819.68,26914.87,26745.69,0.62
2018-12-06,HSI,恒生指数,26349.42,26156.38,26381.12,26016.09,1.36
2018-12-07,HSI,恒生指数,26249.81,26063.76,26280.66,26055.78,0.86
2018-12-10,HSI,恒生指数,25794.95,25752.38,25845.34,25570.89,1.05
2018-12-11,HSI,恒生指数,25623.4,25771.67,25861.73,25623.4,0.93
2018-12-12,HSI,恒生指数,26054.01,26186.71,26238.73,26013.36,0.87
2018-12-13,HSI,恒生指数,26417.89,26524.35,26581.93,26314.77,1.02
2018-12-14,HSI,恒生指数,26219.0,26094.79,26219.0,26061.47,0.59
2018-12-17,HSI,恒生指数,26178.04,26087.98,26186.3,26002.3,0.71
2018-12-18,HSI,恒生指数,25903.98,25814.25,26152.88,25713.5,1.68
2018-12-19,HSI,恒生指数,25860.68,25865.39,25925.99,25784.09,0.55
2018-12-20,HSI,恒生指数,25723.53,25623.53,25859.82,25416.88,1.71
2018-12-21,HSI,恒生指数,25512.3,25753.42,25805.61,25313.75,1.92
2018-12-24,HSI,恒生指数,25515.4,25651.38,25651.38,25421.43,0.89
2018-12-27,HSI,恒生指数,25818.81,25478.88,25920.63,25446.8,1.85
2018-12-28,HSI,恒生指数,25502.34,25504.2,25600.25,25416.36,0.72
2018-12-31,HSI,恒生指数,25732.52,25845.7,25916.23,25682.66,0.92
2019-01-02,HSI,恒生指数,25824.44,25130.35,25824.44,25055.27,2.98
2019-01-03,HSI,恒生指数,25077.68,25064.36,25262.21,24896.87,1.45
2019-01-04,HSI,恒生指数,24946.12,25626.03,25626.03,24924.73,2.8
2019-01-07,HSI,恒生指数,26015.84,25835.7,26043.64,25753.46,1.13
2019-01-08,HSI,恒生指数,25852.5,25875.45,25960.89,25688.5,1.05
2019-01-09,HSI,恒生指数,26237.29,26462.32,26597.07,26192.65,1.56
2019-01-10,HSI,恒生指数,26391.78,26521.43,26588.21,26212.34,1.42
2019-01-11,HSI,恒生指数,26692.02,26667.27,26692.02,26494.86,0.74
2019-01-14,HSI,恒生指数,26559.68,26298.33,26575.33,26195.78,1.42
2019-01-15,HSI,恒生指数,26518.62,26830.29,26838.55,26427.45,1.56
2019-01-16,HSI,恒生指数,26702.93,26902.1,26903.78,26567.52,1.25
2019-01-17,HSI,恒生指数,26953.21,26755.63,27012.19,26703.31,1.15
2019-01-18,HSI,恒生指数,26993.44,27090.81,27116.65,26915.08,0.75
2019-01-21,HSI,恒生指数,27134.27,27196.54,27323.61,27084.3,0.88
2019-01-22,HSI,恒生指数,27189.4,27005.45,27223.7,26854.66,1.36
2019-01-23,HSI,恒生指数,26879.91,27008.2,27131.22,26879.91,0.93
2019-01-24,HSI,恒生指数,27075.37,27120.98,27120.98,26889.79,0.86
2019-01-25,HSI,恒生指数,27282.88,27569.19,27569.19,27217.75,1.3
2019-01-28,HSI,恒生指数,27695.81,27576.96,27790.22,27462.37,1.19
2019-01-29,HSI,恒生指数,27397.54,27531.68,27575.37,27328.17,0.9
2019-01-30,HSI,恒生指数,27571.41,27642.85,27642.85,27369.75,0.99
2019-01-31,HSI,恒生指数,27842.05,27942.47,28010.9,27773.98,0.86
2019-02-01,HSI,恒生指数,28193.28,27930.74,28193.28,27802.5,1.4
2019-02-04,HSI,恒生指数,27985.42,27990.21,28005.15,27847.43,0.56
2019-02-08,HSI,恒生指数,27708.13,27946.32,28008.82,27534.2,1.7
2019-02-11,HSI,恒生指数,27927.45,28143.84,28143.84,27847.85,1.06
2019-02-12,HSI,恒生指数,28093.31,28171.33,28219.59,27983.48,0.84
2019-02-13,HSI,恒生指数,28184.87,28497.59,28533.36,28160.46,1.32
2019-02-14,HSI,恒生指数,28396.4,28432.05,28476.65,28275.18,0.71
2019-02-15,HSI,恒生指数,28241.44,27900.84,28256.69,27845.87,1.44
2019-02-18,HSI,恒生指数,28186.75,28347.01,28412.08,28186.75,0.81
2019-02-19,HSI,恒生指数,28440.49,28228.13,28488.97,28208.87,0.99
2019-02-20,HSI,恒生指数,28404.68,28514.05,28599.77,28357.3,0.86
2019-02-21,HSI,恒生指数,28450.0,28629.92,28759.35,28364.85,1.38
2019-02-22,HSI,恒生指数,28478.96,28816.3,28816.3,28430.2,1.35
2019-02-25,HSI,恒生指数,28975.52,28959.3,29009.98,28763.46,0.86
2019-02-26,HSI,恒生指数,28971.23,28772.06,28971.23,28700.01,0.94
2019-02-27,HSI,恒生指数,28833.16,28757.44,29014.19,28701.47,1.09
2019-02-28,HSI,恒生指数,28719.71,28633.18,28917.49,28571.13,1.2
2019-03-01,HSI,恒生指数,28716.6,28812.17,28860.2,28663.71,0.69
2019-03-04,HSI,恒生指数,28855.11,28959.59,29241.8,28760.67,1.67
2019-03-05,HSI,恒生指数,28823.16,28961.6,29025.79,28734.81,1.0
2019-03-06,HSI,恒生指数,29003.25,29037.6,29122.81,28938.39,0.64
2019-03-07,HSI,恒生指数,28965.42,28779.45,29007.07,28772.45,0.81
2019-03-08,HSI,恒生指数,28409.14,28228.42,28533.76,28201.09,1.16
2019-03-11,HSI,恒生指数,28265.85,28503.3,28512.27,28240.78,0.96
2019-03-12,HSI,恒生指数,28760.27,28920.87,28941.09,28734.09,0.73
2019-03-13,HSI,恒生指数,28924.28,28807.45,28924.28,28690.37,0.81
2019-03-14,HSI,恒生指数,28891.06,28851.39,28932.47,28696.31,0.82
2019-03-15,HSI,恒生指数,28843.86,29012.26,29204.73,28828.26,1.3
2019-03-18,HSI,恒生指数,29112.44,29409.01,29409.01,29034.13,1.29
2019-03-19,HSI,恒生指数,29419.14,29466.28,29486.15,29319.51,0.57
2019-03-20,HSI,恒生指数,29357.19,29320.97,29435.81,29251.25,0.63
2019-03-21,HSI,恒生指数,29387.75,29071.56,29446.77,29051.85,1.35
2019-03-22,HSI,恒生指数,29173.33,29113.36,29243.1,28847.34,1.36
2019-03-25,HSI,恒生指数,28501.37,28523.35,28702.24,28463.11,0.82
2019-03-26,HSI,恒生指数,28677.76,28566.91,28701.6,28435.06,0.93
2019-03-27,HSI,恒生指数,28564.71,28728.25,28781.63,28551.65,0.81
2019-03-28,HSI,恒生指数,28663.2,28775.21,28816.59,28558.8,0.9
2019-03-29,HSI,恒生指数,28812.64,29051.36,29100.69,28761.88,1.18
2019-04-01,HSI,恒生指数,29383.72,29562.02,29612.37,29383.72,0.79
2019-04-02,HSI,恒生指数,29736.99,29624.67,29736.99,29534.42,0.69
2019-04-03,HSI,恒生指数,29785.27,29986.39,29999.34,29715.77,0.96
2019-04-04,HSI,恒生指数,29950.42,29936.32,30050.91,29765.55,0.95
2019-04-08,HSI,恒生指数,30119.58,30077.15,30185.06,29913.62,0.91
2019-04-09,HSI,恒生指数,30065.99,30157.49,30222.02,30018.98,0.68
2019-04-10,HSI,恒生指数,30052.27,30119.56,30139.61,29892.62,0.82
2019-04-11,HSI,恒生指数,30138.14,29839.45,30184.61,29783.67,1.33
2019-04-12,HSI,恒生指数,29806.35,29909.76,29909.76,29694.85,0.72
2019-04-15,HSI,恒生指数,30119.85,29810.72,30280.12,29810.72,1.57
2019-04-16,HSI,恒生指数,29754.3,30129.87,30142.86,29665.11,1.6
2019-04-17,HSI,恒生指数,30160.69,30124.68,30178.58,30004.97,0.58
2019-04-18,HSI,恒生指数,30088.65,29963.26,30101.83,29896.86,0.68
2019-04-23,HSI,恒生指数,29782.95,29963.24,30055.94,29755.87,1.0
2019-04-24,HSI,恒生指数,30112.19,29805.83,30112.19,29682.87,1.43
2019-04-25,HSI,恒生指数,29667.52,29549.8,29849.7,29535.2,1.06
2019-04-26,HSI,恒生指数,29513.08,29605.01,29672.79,29504.14,0.57
2019-04-29,HSI,恒生指数,29730.85,29892.81,29917.11,29639.38,0.94
2019-04-30,HSI,恒生指数,29828.15,29699.11,29855.76,29620.45,0.79
2019-05-02,HSI,恒生指数,29643.05,29944.18,29967.74,29643.05,1.09
2019-05-03,HSI,恒生指数,29818.48,30081.55,30081.55,29678.86,1.34
2019-05-06,HSI,恒生指数,29342.38,29209.82,29384.01,28956.47,1.42
2019-05-07,HSI,恒生指数,29313.58,29363.02,29480.04,29156.45,1.11
2019-05-08,HSI,恒生指数,28987.09,29003.2,29252.0,28945.91,1.04
2019-05-09,HSI,恒生指数,28839.35,28311.07,28891.11,28281.98,2.1
2019-05-10,HSI,恒生指数,28462.34,28550.24,28833.45,28203.22,2.23
2019-05-14,HSI,恒生指数,27951.12,28122.02,28205.96,27925.62,0.98
2019-05-15,HSI,恒生指数,28171.32,28268.71,28441.49,28171.32,0.96
2019-05-16,HSI,恒生指数,28117.48,28275.07,28379.37,28050.78,1.16
2019-05-17,HSI,恒生指数,28428.0,27946.46,28428.0,27909.73,1.83
2019-05-20,HSI,恒生指数,27959.23,27787.61,27999.6,27699.23,1.07
2019-05-21,HSI,恒生指数,27671.4,27657.24,27915.16,27598.06,1.14
2019-05-22,HSI,恒生指数,27753.54,27705.94,27828.81,27640.62,0.68
2019-05-23,HSI,恒生指数,27505.53,27267.13,27523.86,27169.67,1.28
2019-05-24,HSI,恒生指数,27368.68,27353.93,27457.59,27291.94,0.61
2019-05-27,HSI,恒生指数,27239.08,27288.09,27371.35,27105.22,0.97
2019-05-28,HSI,恒生指数,27274.83,27390.81,27490.55,27230.09,0.95
2019-05-29,HSI,恒生指数,27226.95,27235.71,27429.37,27178.71,0.92
2019-05-30,HSI,恒生指数,27319.25,27114.88,27319.25,27020.73,1.1
2019-05-31,HSI,恒生指数,27002.96,26901.09,27155.36,26850.27,1.13
2019-06-03,HSI,恒生指数,26909.71,26893.86,26968.1,26735.48,0.86
2019-06-04,HSI,恒生指数,26994.08,26761.52,26994.08,26671.9,1.2
2019-06-05,HSI,恒生指数,27116.08,26895.44,27119.48,26803.66,1.18
2019-06-06,HSI,恒生指数,26935.87,26965.28,26984.02,26837.67,0.54
2019-06-10,HSI,恒生指数,27206.61,27578.64,27606.42,27155.03,1.67
2019-06-11,HSI,恒生指数,27677.06,27789.34,27857.85,27577.91,1.02
2019-06-12,HSI,恒生指数,27603.12,27308.46,27603.12,27222.03,1.37
2019-06-13,HSI,恒生指数,27217.72,27294.71,27294.71,26825.35,1.72
2019-06-14,HSI,恒生指数,27180.74,27118.35,27275.88,27051.75,0.82
2019-06-17,HSI,恒生指数,27252.45,27227.16,27503.1,27227.16,1.02
2019-06-18,HSI,恒生指数,27289.7,27498.77,27584.12,27201.02,1.41
2019-06-19,HSI,恒生指数,28224.87,28202.14,28224.87,28022.49,0.74
2019-06-20,HSI,恒生指数,28308.85,28550.43,28563.08,28258.02,1.08
2019-06-21,HSI,恒生指数,28581.51,28473.71,28581.51,28359.25,0.78
2019-06-24,HSI,恒生指数,28400.63,28513.0,28634.48,28358.06,0.97
2019-06-25,HSI,恒生指数,28447.96,28185.98,28470.1,28066.13,1.42
2019-06-26,HSI,恒生指数,28046.16,28221.98,28267.98,27985.98,1.0
2019-06-27,HSI,恒生指数,28352.94,28621.42,28621.42,28287.34,1.18
2019-06-28,HSI,恒生指数,28632.59,28542.62,28632.59,28416.96,0.75
2019-07-02,HSI,恒生指数,28904.04,28875.56,28959.06,28768.54,0.67
2019-07-03,HSI,恒生指数,28781.97,28855.14,28891.89,28721.21,0.59
2019-07-04,HSI,恒生指数,28891.97,28795.77,29007.98,28776.48,0.8
2019-07-05,HSI,恒生指数,28785.53,28774.83,28880.58,28714.92,0.58
2019-07-08,HSI,恒生指数,28513.14,28331.69,28541.1,28194.07,1.21
2019-07-09,HSI,恒生指数,28299.73,28116.28,28312.97,28080.73,0.82
2019-07-10,HSI,恒生指数,28245.09,28204.69,28311.78,28144.87,0.59
2019-07-11,HSI,恒生指数,28347.86,28431.8,28582.69,28347.86,0.83
2019-07-12,HSI,恒生指数,28401.87,28471.62,28603.87,28399.66,0.72
2019-07-15,HSI,恒生指数,28303.36,28554.88,28567.25,28071.19,1.74
2019-07-16,HSI,恒生指数,28583.93,28619.62,28634.65,28489.41,0.51
2019-07-17,HSI,恒生指数,28463.77,28593.17,28593.17,28377.34,0.75
2019-07-18,HSI,恒生指数,28393.04,28461.66,28511.65,28376.5,0.47
2019-07-19,HSI,恒生指数,28585.15,28765.4,28809.59,28551.2,0.91
2019-07-22,HSI,恒生指数,28612.28,28371.26,28649.44,28303.55,1.2
2019-07-23,HSI,恒生指数,28392.04,28466.48,28489.29,28313.79,0.62
2019-07-24,HSI,恒生指数,28578.14,28524.04,28764.5,28515.92,0.87
2019-07-25,HSI,恒生指数,28575.49,28594.3,28628.51,28517.01,0.39
2019-07-26,HSI,恒生指数,28406.07,28397.74,28487.64,28338.3,0.52
2019-07-29,HSI,恒生指数,28262.8,28106.41,28302.66,27945.41,1.26
2019-07-30,HSI,恒生指数,28059.82,28146.5,28274.65,28059.82,0.76
2019-07-31,HSI,恒生指数,27931.28,27777.75,27939.72,27701.44,0.85
2019-08-01,HSI,恒生指数,27582.21,27565.7,27754.04,27495.89,0.93
2019-08-02,HSI,恒生指数,26950.53,26918.58,27043.46,26868.96,0.63
2019-08-05,HSI,恒生指数,26480.47,26151.32,26502.61,26086.86,1.54
2019-08-06,HSI,恒生指数,25472.43,25976.24,26042.23,25397.35,2.47
2019-08-07,HSI,恒生指数,25977.72,25997.03,26025.44,25738.8,1.1
2019-08-08,HSI,恒生指数,25999.45,26120.77,26317.42,25999.45,1.22
2019-08-09,HSI,恒生指数,26278.92,25939.3,26313.78,25939.3,1.43
2019-08-12,HSI,恒生指数,25869.48,25824.72,26069.23,25824.72,0.94
2019-08-13,HSI,恒生指数,25536.62,25281.3,25616.71,25270.91,1.34
2019-08-14,HSI,恒生指数,25711.1,25302.28,25717.98,25197.38,2.06
2019-08-15,HSI,恒生指数,24945.74,25495.46,25552.13,24899.93,2.58
2019-08-16,HSI,恒生指数,25484.96,25734.22,25798.11,25314.27,1.9
2019-08-19,HSI,恒生指数,25994.8,26291.84,26356.22,25994.8,1.4
2019-08-20,HSI,恒生指数,26256.54,26231.54,26347.23,26149.4,0.75
2019-08-21,HSI,恒生指数,26160.54,26270.04,26318.13,26075.91,0.92
2019-08-22,HSI,恒生指数,26272.91,26048.72,26288.24,25977.67,1.18
2019-08-23,HSI,恒生指数,26057.88,26179.33,26241.22,25940.44,1.15
2019-08-26,HSI,恒生指数,25322.0,25680.33,25692.28,25249.51,1.69
2019-08-27,HSI,恒生指数,25715.98,25664.07,25764.61,25581.73,0.71
2019-08-28,HSI,恒生指数,25767.08,25615.48,25830.64,25596.08,0.91
2019-08-29,HSI,恒生指数,25606.33,25703.5,25714.78,25372.49,1.34
2019-08-30,HSI,恒生指数,26011.64,25724.73,26011.64,25536.15,1.85
2019-09-02,HSI,恒生指数,25627.83,25626.55,25662.31,25502.7,0.62
2019-09-03,HSI,恒生指数,25546.32,25527.85,25736.05,25498.11,0.93
2019-09-04,HSI,恒生指数,25675.16,26523.23,26654.21,25675.16,3.84
2019-09-05,HSI,恒生指数,26512.86,26515.53,26697.85,26283.12,1.56
2019-09-06,HSI,恒生指数,26773.13,26690.76,26790.79,26563.17,0.86
2019-09-09,HSI,恒生指数,26743.36,26681.4,26807.86,26609.65,0.74
2019-09-10,HSI,恒生指数,26831.98,26683.68,26870.77,26634.47,0.89
2019-09-11,HSI,恒生指数,26790.64,27159.06,27159.51,26705.63,1.7
2019-09-12,HSI,恒生指数,27283.98,27087.63,27283.98,26967.25,1.17
2019-09-13,HSI,恒生指数,27154.51,27352.69,27366.45,27074.54,1.08
2019-09-16,HSI,恒生指数,27212.89,27124.55,27212.89,26976.3,0.86
2019-09-17,HSI,恒生指数,26942.96,26790.24,26951.84,26694.37,0.95
2019-09-18,HSI,恒生指数,26838.43,26754.12,26891.16,26730.63,0.6
2019-09-19,HSI,恒生指数,26820.73,26468.95,26820.73,26372.09,1.68
2019-09-20,HSI,恒生指数,26532.88,26435.67,26564.36,26410.41,0.58
2019-09-23,HSI,恒生指数,26463.62,26222.4,26483.03,26186.01,1.12
2019-09-24,HSI,恒生指数,26300.21,26281.0,26391.98,26207.27,0.7
2019-09-25,HSI,恒生指数,26162.71,25945.35,26190.56,25917.68,1.04
2019-09-26,HSI,恒生指数,26075.15,26041.93,26099.64,25917.58,0.7
2019-09-27,HSI,恒生指数,25977.98,25954.81,26017.46,25840.66,0.68
2019-09-30,HSI,恒生指数,25844.71,26092.27,26161.7,25786.29,1.45
2019-10-02,HSI,恒生指数,25901.47,26042.69,26092.62,25778.22,1.2
2019-10-03,HSI,恒生指数,25831.44,26110.31,26192.87,25809.47,1.47
2019-10-04,HSI,恒生指数,26169.51,25821.03,26169.51,25612.49,2.13
2019-10-08,HSI,恒生指数,25848.73,25893.4,26180.03,25761.5,1.62
2019-10-09,HSI,恒生指数,25736.88,25682.81,25866.84,25656.66,0.81
2019-10-10,HSI,恒生指数,25625.57,25707.93,25809.58,25521.95,1.12
2019-10-11,HSI,恒生指数,25986.82,26308.44,26393.01,25976.07,1.62
2019-10-14,HSI,恒生指数,26520.93,26521.85,26636.93,26386.41,0.95
2019-10-15,HSI,恒生指数,26609.13,26503.93,26609.13,26433.43,0.66
2019-10-16,HSI,恒生指数,26553.9,26664.28,26698.56,26432.43,1.0
2019-10-17,HSI,恒生指数,26809.04,26848.49,26956.82,26729.51,0.85
2019-10-18,HSI,恒生指数,26910.55,26719.58,26985.08,26650.13,1.25
2019-10-21,HSI,恒生指数,26715.22,26725.68,26818.44,26658.32,0.6
2019-10-22,HSI,恒生指数,26813.81,26786.2,26844.29,26698.3,0.55
2019-10-23,HSI,恒生指数,26771.98,26566.73,26818.99,26491.71,1.22
2019-10-24,HSI,恒生指数,26651.03,26797.95,26810.43,26592.18,0.82
2019-10-25,HSI,恒生指数,26795.64,26667.39,26795.64,26621.18,0.65
2019-10-28,HSI,恒生指数,26770.11,26891.26,27005.68,26762.7,0.91
2019-10-29,HSI,恒生指数,27027.56,26786.76,27027.56,26729.06,1.11
2019-10-30,HSI,恒生指数,26766.98,26667.71,26809.53,26602.95,0.77
2019-10-31,HSI,恒生指数,26708.45,26906.72,27009.5,26708.45,1.13
2019-11-01,HSI,恒生指数,26806.44,27100.76,27102.42,26800.57,1.12
2019-11-04,HSI,恒生指数,27299.88,27547.3,27547.3,27299.46,0.91
2019-11-05,HSI,恒生指数,27601.1,27683.4,27733.07,27463.33,0.98
2019-11-06,HSI,恒生指数,27636.33,27688.64,27750.91,27547.77,0.73
2019-11-07,HSI,恒生指数,27690.6,27847.23,27900.8,27534.91,1.32
2019-11-08,HSI,恒生指数,27894.56,27651.14,27894.56,27582.29,1.12
2019-11-11,HSI,恒生指数,27361.41,26926.55,27361.41,26830.47,1.92
2019-11-12,HSI,恒生指数,27064.26,27065.28,27076.67,26794.61,1.05
2019-11-13,HSI,恒生指数,26761.16,26571.46,26761.16,26465.33,1.09
2019-11-14,HSI,恒生指数,26444.23,26323.69,26605.96,26203.97,1.51
2019-11-15,HSI,恒生指数,26529.95,26326.66,26544.65,26300.08,0.93
2019-11-18,HSI,恒生指数,26442.39,26681.09,26702.16,26406.35,1.12
2019-11-19,HSI,恒生指数,26671.32,27093.8,27093.8,26605.63,1.83
2019-11-20,HSI,恒生指数,26936.79,26889.61,26962.17,26804.35,0.58
2019-11-21,HSI,恒生指数,26587.59,26466.88,26587.59,26306.02,1.05
2019-11-22,HSI,恒生指数,26584.88,26595.08,26690.17,26487.67,0.77
2019-11-25,HSI,恒生指数,26873.35,26993.04,27114.22,26852.89,0.98
2019-11-26,HSI,恒生指数,27183.9,26913.92,27227.87,26913.92,1.16
2019-11-27,HSI,恒生指数,26943.52,26954.0,26974.28,26866.8,0.4
2019-11-28,HSI,恒生指数,26763.63,26893.73,26991.8,26763.63,0.85
2019-11-29,HSI,恒生指数,26705.38,26346.49,26705.38,26308.1,1.48
2019-12-02,HSI,恒生指数,26475.34,26444.72,26511.55,26393.09,0.45
2019-12-03,HSI,恒生指数,26315.97,26391.3,26424.12,26063.02,1.37
2019-12-04,HSI,恒生指数,26071.39,26062.56,26191.79,25995.15,0.75
2019-12-05,HSI,恒生指数,26300.51,26217.04,26300.51,26134.06,0.64
2019-12-06,HSI,恒生指数,26345.2,26498.37,26520.08,26309.34,0.8
2019-12-09,HSI,恒生指数,26513.97,26494.73,26618.25,26432.27,0.7
2019-12-10,HSI,恒生指数,26378.99,26436.62,26527.09,26355.53,0.65
2019-12-11,HSI,恒生指数,26410.09,26645.43,26659.98,26364.43,1.12
2019-12-12,HSI,恒生指数,26837.94,26994.14,27048.98,26837.94,0.79
2019-12-13,HSI,恒生指数,27494.51,27687.76,27687.76,27405.26,1.05
2019-12-16,HSI,恒生指数,27530.5,27508.09,27715.93,27473.32,0.88
2019-12-17,HSI,恒生指数,27630.69,27843.71,27894.72,27563.44,1.2
2019-12-18,HSI,恒生指数,27946.74,27884.21,27970.76,27775.98,0.7
2019-12-19,HSI,恒生指数,27908.78,27800.49,27908.78,27675.24,0.84
2019-12-20,HSI,恒生指数,27834.55,27871.35,27959.52,27740.66,0.79
2019-12-23,HSI,恒生指数,28024.62,27906.41,28024.62,27830.08,0.7
2019-12-24,HSI,恒生指数,27901.51,27864.21,27921.29,27792.66,0.46
2019-12-27,HSI,恒生指数,28033.66,28225.42,28226.11,28000.62,0.81
2019-12-30,HSI,恒生指数,28250.48,28319.39,28418.65,28165.13,0.9
2019-12-31,HSI,恒生指数,28241.43,28189.75,28298.46,28123.86,0.62
2020-01-02,HSI,恒生指数,28249.37,28543.52,28543.52,28245.97,1.06
2020-01-03,HSI,恒生指数,28828.36,28451.5,28883.3,28428.17,1.59
2020-01-06,HSI,恒生指数,28326.5,28226.19,28367.87,28054.29,1.1
2020-01-07,HSI,恒生指数,28352.68,28322.06,28473.08,28264.07,0.74
2020-01-08,HSI,恒生指数,27999.58,28087.92,28198.61,27857.73,1.2
2020-01-09,HSI,恒生指数,28367.65,28561.0,28561.0,28325.86,0.84
2020-01-10,HSI,恒生指数,28665.14,28638.2,28665.14,28504.27,0.56
2020-01-13,HSI,恒生指数,28772.37,28954.94,28971.4,28671.84,1.05
2020-01-14,HSI,恒生指数,29149.53,28885.14,29149.53,28790.49,1.24
2020-01-15,HSI,恒生指数,28891.07,28773.59,28972.68,28619.1,1.22
2020-01-16,HSI,恒生指数,28806.12,28883.04,28987.73,28709.57,0.97
2020-01-17,HSI,恒生指数,28988.16,29056.42,29101.15,28813.13,1.0
2020-01-20,HSI,恒生指数,29169.12,28795.91,29174.92,28795.42,1.31
2020-01-21,HSI,恒生指数,28449.38,27985.33,28492.03,27980.5,1.78
2020-01-22,HSI,恒生指数,28116.5,28341.04,28393.93,27937.68,1.63
2020-01-23,HSI,恒生指数,28109.75,27909.12,28133.03,27706.37,1.51
2020-01-24,HSI,恒生指数,27935.42,27949.64,27977.63,27774.5,0.73
2020-01-29,HSI,恒生指数,27101.54,27160.63,27333.3,27101.54,0.83
2020-01-30,HSI,恒生指数,27030.61,26449.13,27134.55,26330.05,2.96
2020-01-31,HSI,恒生指数,26757.61,26312.63,26818.84,26295.49,1.98
2020-02-03,HSI,恒生指数,26189.61,26356.98,26512.58,26145.59,1.39
2020-02-04,HSI,恒生指数,26491.66,26675.98,26730.26,26491.66,0.91
2020-02-05,HSI,恒生指数,26869.32,26786.74,26926.12,26641.92,1.07
2020-02-06,HSI,恒生指数,27174.53,27493.7,27608.22,27029.49,2.16
2020-02-07,HSI,恒生指数,27356.28,27404.27,27410.58,27224.12,0.68
2020-02-10,HSI,恒生指数,27092.15,27241.34,27314.64,27044.88,0.98
2020-02-11,HSI,恒生指数,27514.25,27583.88,27674.81,27436.99,0.87
2020-02-12,HSI,恒生指数,27717.22,27823.66,27892.48,27614.83,1.01
2020-02-13,HSI,恒生指数,27953.65,27730.0,27953.65,27695.6,0.93
2020-02-14,HSI,恒生指数,27698.56,27815.6,27960.66,27695.59,0.96
2020-02-17,HSI,恒生指数,27766.71,27959.6,28055.58,27766.71,1.04
2020-02-18,HSI,恒生指数,27766.5,27530.2,27771.3,27496.25,0.98
2020-02-19,HSI,恒生指数,27486.46,27655.81,27697.46,27448.6,0.9
2020-02-20,HSI,恒生指数,27767.28,27609.16,27767.28,27383.13,1.39
2020-02-21,HSI,恒生指数,27450.46,27308.81,27484.53,27264.78,0.8
2020-02-24,HSI,恒生指数,27105.35,26820.88,27105.35,26813.22,1.07
2020-02-25,HSI,恒生指数,26722.39,26893.23,26914.05,26667.04,0.92
2020-02-26,HSI,恒生指数,26479.9,26696.49,26776.06,26479.9,1.1
2020-02-27,HSI,恒生指数,26529.17,26778.62,26849.57,26419.97,1.61
2020-02-28,HSI,恒生指数,26249.06,26129.93,26313.55,25989.41,1.21
2020-03-02,HSI,恒生指数,26077.73,26291.68,26375.91,26077.73,1.14
2020-03-03,HSI,恒生指数,26419.13,26284.82,26527.75,26233.39,1.12
2020-03-04,HSI,恒生指数,26321.56,26222.07,26372.48,26038.39,1.27
2020-03-05,HSI,恒生指数,26348.16,26767.87,26805.58,26315.36,1.87
2020-03-06,HSI,恒生指数,26397.78,26146.67,26408.8,26084.23,1.21
2020-03-09,HSI,恒生指数,25134.02,25040.46,25321.28,24948.38,1.43
2020-03-10,HSI,恒生指数,25285.68,25392.51,25578.61,24978.97,2.39
2020-03-11,HSI,恒生指数,25459.96,25231.61,25493.23,25140.38,1.39
2020-03-12,HSI,恒生指数,24657.67,24309.07,24657.67,24117.94,2.14
2020-03-13,HSI,恒生指数,22519.32,24032.91,24184.48,22519.32,6.85
2020-03-16,HSI,恒生指数,23317.81,23063.57,23631.53,22842.25,3.28
2020-03-17,HSI,恒生指数,23001.76,23263.73,23401.2,22676.46,3.14
2020-03-18,HSI,恒生指数,23023.34,22291.82,23425.03,22167.42,5.41
2020-03-19,HSI,恒生指数,22221.38,21709.13,22380.34,21139.26,5.57
2020-03-20,HSI,恒生指数,22147.34,22805.07,22805.07,22147.34,3.03
2020-03-23,HSI,恒生指数,21659.55,21696.13,22064.31,21659.55,1.77
2020-03-24,HSI,恒生指数,22497.57,22663.49,22753.01,22383.25,1.7
2020-03-25,HSI,恒生指数,23255.91,23527.19,23569.45,23062.23,2.24
2020-03-26,HSI,恒生指数,23604.83,23352.34,23604.83,23163.67,1.88
2020-03-27,HSI,恒生指数,23768.41,23484.28,23791.2,23354.01,1.87
2020-03-30,HSI,恒生指数,23020.85,23175.11,23491.51,22973.33,2.21
2020-03-31,HSI,恒生指数,23613.27,23603.48,23627.53,23238.04,1.68
2020-04-01,HSI,恒生指数,23365.9,23085.79,23540.01,22947.64,2.51
2020-04-02,HSI,恒生指数,22838.67,23280.06,23280.06,22756.13,2.27
2020-04-03,HSI,恒生指数,23072.95,23236.11,23236.11,23030.58,0.88
2020-04-06,HSI,恒生指数,23558.83,23749.12,23832.93,23271.47,2.42
2020-04-07,HSI,恒生指数,24093.05,24253.29,24262.01,23796.03,1.96
2020-04-08,HSI,恒生指数,24191.32,23970.37,24191.32,23897.4,1.21
2020-04-09,HSI,恒生指数,24181.32,24300.33,24308.69,24045.18,1.1
2020-04-14,HSI,恒生指数,24347.61,24435.4,24546.39,24283.13,1.08
2020-04-15,HSI,恒生指数,24499.86,24145.34,24603.6,24090.5,2.1
2020-04-16,HSI,恒生指数,24025.45,24006.45,24102.91,23854.79,1.03
2020-04-17,HSI,恒生指数,24457.83,24380.0,24666.64,24308.78,1.49
2020-04-20,HSI,恒生指数,24503.56,24330.02,24503.56,24225.55,1.14
2020-04-21,HSI,恒生指数,24247.84,23793.55,24247.84,23676.13,2.35
2020-04-22,HSI,恒生指数,23540.54,23893.36,23939.29,23483.31,1.92
2020-04-23,HSI,恒生指数,23983.65,23977.32,24107.88,23806.3,1.26
2020-04-24,HSI,恒生指数,23844.55,23831.33,23957.17,23730.49,0.95
2020-04-27,HSI,恒生指数,24030.66,24280.14,24318.81,24030.54,1.21
2020-04-28,HSI,恒生指数,24401.12,24575.96,24582.66,24176.88,1.67
2020-04-29,HSI,恒生指数,24786.02,24643.59,24855.47,24549.62,1.24
2020-05-04,HSI,恒生指数,23895.11,23613.8,23897.53,23584.95,1.27
2020-05-05,HSI,恒生指数,23755.77,23868.66,23928.45,23697.88,0.98
2020-05-06,HSI,恒生指数,23868.02,24137.48,24235.03,23868.02,1.54
2020-05-07,HSI,恒生指数,24120.81,23980.63,24120.81,23913.5,0.86
2020-05-08,HSI,恒生指数,24193.36,24230.17,24263.73,24097.12,0.69
2020-05-11,HSI,恒生指数,24470.18,24602.06,24766.83,24470.18,1.22
2020-05-12,HSI,恒生指数,24358.0,24245.68,24411.04,24136.2,1.12
2020-05-13,HSI,恒生指数,24111.67,24180.3,24320.2,23979.37,1.41
2020-05-14,HSI,恒生指数,24038.07,23829.74,24081.19,23790.27,1.2
2020-05-15,HSI,恒生指数,23834.68,23797.47,23985.12,23671.61,1.32
2020-05-18,HSI,恒生指数,23736.67,23934.77,23952.05,23722.17,0.97
2020-05-19,HSI,恒生指数,24489.55,24388.13,24552.55,24314.45,0.99
2020-05-20,HSI,恒生指数,24462.9,24399.95,24514.87,24315.75,0.82
2020-05-21,HSI,恒生指数,24528.91,24280.03,24528.91,24208.16,1.31
2020-05-22,HSI,恒生指数,23756.91,22930.14,23756.91,22878.26,3.62
2020-05-25,HSI,恒生指数,22725.7,22952.24,22968.65,22519.73,1.96
2020-05-26,HSI,恒生指数,23198.34,23384.66,23481.48,23165.49,1.38
2020-05-27,HSI,恒生指数,23515.14,23301.36,23515.14,23134.61,1.63
2020-05-28,HSI,恒生指数,23206.75,23132.76,23451.78,22779.62,2.88
2020-05-29,HSI,恒生指数,22781.11,22961.47,23089.77,22781.11,1.33
2020-06-01,HSI,恒生指数,23539.91,23732.52,23806.32,23539.91,1.16
2020-06-02,HSI,恒生指数,23792.24,23995.94,23995.94,23766.15,0.97
2020-06-03,HSI,恒生指数,24303.56,24325.62,24364.01,24219.96,0.6
2020-06-04,HSI,恒生指数,24643.84,24366.3,24643.84,24204.1,1.81
2020-06-05,HSI,恒生指数,24388.18,24770.41,24810.22,24253.56,2.28
2020-06-08,HSI,恒生指数,25018.05,24776.77,25018.78,24678.55,1.37
2020-06-09,HSI,恒生指数,24906.01,25057.22,25253.67,24837.73,1.68
2020-06-10,HSI,恒生指数,25179.03,25049.73,25303.78,24968.3,1.34
2020-06-11,HSI,恒生指数,24997.84,24480.15,25059.32,24480.15,2.31
2020-06-12,HSI,恒生指数,23920.7,24301.38,24317.72,23895.03,1.73
2020-06-15,HSI,恒生指数,23991.38,23776.95,24242.97,23684.96,2.3
2020-06-16,HSI,恒生指数,24318.15,24344.09,24534.77,24302.25,0.98
2020-06-17,HSI,恒生指数,24363.39,24481.41,24532.01,24195.82,1.38
2020-06-18,HSI,恒生指数,24386.31,24464.94,24464.94,24121.89,1.4
2020-06-19,HSI,恒生指数,24373.36,24643.89,24776.54,24334.36,1.81
2020-06-22,HSI,恒生指数,24528.53,24511.34,24628.95,24391.17,0.96
2020-06-23,HSI,恒生指数,24541.44,24907.34,24907.34,24184.88,2.95
2020-06-24,HSI,恒生指数,25034.87,24781.58,25071.32,24770.95,1.21
2020-06-26,HSI,恒生指数,24697.98,24549.99,24756.58,24537.77,0.88
2020-06-29,HSI,恒生指数,24627.64,24301.28,24627.64,24148.62,1.95
2020-06-30,HSI,恒生指数,24468.24,24427.19,24598.61,24271.77,1.34
2020-07-02,HSI,恒生指数,24563.57,25124.19,25124.19,24563.57,2.3
2020-07-03,HSI,恒生指数,25319.28,25373.12,25453.58,25182.6,1.08
2020-07-06,HSI,恒生指数,25545.54,26339.16,26453.61,25543.15,3.59
2020-07-07,HSI,恒生指数,26571.08,25975.66,26782.62,25911.74,3.31
2020-07-08,HSI,恒生指数,26078.61,26129.18,26299.84,25849.78,1.73
2020-07-09,HSI,恒生指数,26351.13,26210.16,26374.94,26016.75,1.37
2020-07-10,HSI,恒生指数,25931.78,25727.41,26137.91,25570.36,2.17
2020-07-13,HSI,恒生指数,25848.8,25772.12,26103.84,25715.24,1.51
2020-07-14,HSI,恒生指数,25663.16,25477.89,25663.16,25254.32,1.59
2020-07-15,HSI,恒生指数,25888.78,25481.58,25888.78,25299.36,2.31
2020-07-16,HSI,恒生指数,25549.4,24970.69,25576.49,24919.95,2.58
2020-07-17,HSI,恒生指数,25142.06,25089.17,25263.97,25015.28,1.0
2020-07-20,HSI,恒生指数,25019.6,25057.99,25222.11,24766.17,1.82
2020-07-21,HSI,恒生指数,25427.06,25635.66,25635.66,25378.38,1.03
2020-07-22,HSI,恒生指数,25575.25,25057.94,25779.66,25057.94,2.82
2020-07-23,HSI,恒生指数,25235.9,25263.0,25346.36,24992.37,1.41
2020-07-24,HSI,恒生指数,25040.76,24705.33,25101.1,24598.46,1.99
2020-07-27,HSI,恒生指数,24909.96,24603.26,24972.46,24526.91,1.8
2020-07-28,HSI,恒生指数,24942.74,24772.76,24942.74,24642.35,1.22
2020-07-29,HSI,恒生指数,24710.51,24883.14,24905.44,24671.51,0.94
2020-07-30,HSI,恒生指数,24979.24,24710.59,25197.31,24616.05,2.34
2020-07-31,HSI,恒生指数,24747.29,24595.35,24938.85,24534.79,1.64
2020-08-03,HSI,恒生指数,24566.81,24458.13,24647.28,24250.98,1.61
2020-08-04,HSI,恒生指数,24664.6,24946.63,25062.41,24539.44,2.14
2020-08-05,HSI,恒生指数,25029.39,25102.54,25167.22,24868.29,1.2
2020-08-06,HSI,恒生指数,25201.44,24930.58,25201.44,24641.09,2.23
2020-08-07,HSI,恒生指数,24909.37,24531.62,24909.37,24167.79,2.97
2020-08-10,HSI,恒生指数,24376.82,24377.43,24536.01,24272.67,1.07
2020-08-11,HSI,恒生指数,24662.04,24890.68,25031.57,24662.04,1.52
2020-08-12,HSI,恒生指数,24868.63,25244.02,25291.8,24685.44,2.44
2020-08-13,HSI,恒生指数,25490.02,25230.67,25490.02,25144.46,1.37
2020-08-14,HSI,恒生指数,25072.45,25183.01,25378.53,25040.55,1.34
2020-08-17,HSI,恒生指数,25212.28,25347.34,25588.67,25163.29,1.69
2020-08-18,HSI,恒生指数,25470.97,25367.38,25470.97,25257.88,0.84
2020-08-19,HSI,恒生指数,25359.03,25178.91,25382.51,25079.25,1.2
2020-08-20,HSI,恒生指数,25055.35,24791.39,25055.35,24621.32,1.72
2020-08-21,HSI,恒生指数,25007.13,25113.84,25178.79,24885.86,1.18
2020-08-24,HSI,恒生指数,25352.79,25551.58,25551.58,25325.15,0.9
2020-08-25,HSI,恒生指数,25586.99,25486.22,25621.08,25352.26,1.05
2020-08-26,HSI,恒生指数,25520.41,25491.79,25603.17,25360.03,0.95
2020-08-27,HSI,恒生指数,25469.77,25281.15,25469.77,25186.42,1.11
2020-08-28,HSI,恒生指数,25330.77,25422.06,25749.4,25258.16,1.94
2020-08-31,HSI,恒生指数,25732.49,25177.05,25847.11,25177.05,2.64
2020-09-01,HSI,恒生指数,25085.67,25184.85,25254.14,24995.45,1.03
2020-09-02,HSI,恒生指数,25239.86,25120.09,25239.86,24931.17,1.23
2020-09-03,HSI,恒生指数,25026.99,25007.6,25216.02,24854.58,1.44
2020-09-04,HSI,恒生指数,24668.8,24695.45,24813.96,24488.64,1.3
2020-09-07,HSI,恒生指数,24621.02,24589.65,24908.29,24475.61,1.75
2020-09-08,HSI,恒生指数,24785.26,24624.34,24785.26,24341.32,1.81
2020-09-09,HSI,恒生指数,24295.42,24468.93,24520.92,24213.36,1.25
2020-09-10,HSI,恒生指数,24584.94,24313.54,24615.6,24293.21,1.32
2020-09-11,HSI,恒生指数,24352.63,24503.31,24572.66,24293.03,1.15
2020-09-14,HSI,恒生指数,24569.03,24640.28,24750.95,24556.52,0.79
2020-09-15,HSI,恒生指数,24621.65,24732.76,24826.87,24621.65,0.83
2020-09-16,HSI,恒生指数,24823.96,24725.63,24829.87,24635.24,0.79
2020-09-17,HSI,恒生指数,24676.41,24340.85,24713.79,24250.9,1.87
2020-09-18,HSI,恒生指数,24381.13,24455.41,24501.16,24295.01,0.85
2020-09-21,HSI,恒生指数,24483.91,23950.69,24542.55,23928.02,2.51
2020-09-22,HSI,恒生指数,23839.67,23716.85,23908.51,23675.62,0.97
2020-09-23,HSI,恒生指数,23701.12,23742.51,23795.19,23559.99,0.99
2020-09-24,HSI,恒生指数,23537.83,23311.07,23590.42,23225.33,1.54
2020-09-25,HSI,恒生指数,23425.75,23235.42,23495.26,23124.25,1.59
2020-09-28,HSI,恒生指数,23284.09,23476.05,23523.81,23250.34,1.18
2020-09-29,HSI,恒生指数,23584.61,23275.53,23601.4,23256.92,1.47
2020-09-30,HSI,恒生指数,23548.89,23459.05,23780.87,23368.49,1.77
2020-10-05,HSI,恒生指数,24039.39,23767.78,24039.39,23674.52,1.56
2020-10-06,HSI,恒生指数,23895.21,23980.65,24005.03,23842.25,0.68
2020-10-07,HSI,恒生指数,23999.79,24242.86,24243.91,23905.42,1.41
2020-10-08,HSI,恒生指数,24263.33,24193.35,24263.33,24021.93,1.0
2020-10-09,HSI,恒生指数,24343.81,24119.13,24343.81,24059.29,1.18
2020-10-12,HSI,恒生指数,24217.25,24649.68,24702.81,24196.8,2.1
2020-10-14,HSI,恒生指数,24808.85,24667.09,24808.85,24498.94,1.26
2020-10-15,HSI,恒生指数,24533.75,24158.54,24573.25,24102.21,1.91
2020-10-16,HSI,恒生指数,24194.41,24386.79,24456.97,24194.41,1.09
2020-10-19,HSI,恒生指数,24565.43,24542.26,24771.85,24478.47,1.2
2020-10-20,HSI,恒生指数,24571.64,24569.54,24600.39,24456.84,0.58
2020-10-21,HSI,恒生指数,24695.54,24754.42,24903.0,24653.16,1.02
2020-10-22,HSI,恒生指数,24696.31,24786.13,24817.01,24556.55,1.05
2020-10-23,HSI,恒生指数,24773.12,24918.78,24970.59,24683.25,1.16
2020-10-27,HSI,恒生指数,24839.97,24787.19,24872.52,24602.11,1.09
2020-10-28,HSI,恒生指数,24773.54,24708.8,24844.79,24586.06,1.04
2020-10-29,HSI,恒生指数,24290.01,24586.6,24678.9,24258.56,1.7
2020-10-30,HSI,恒生指数,24535.9,24107.42,24600.54,24029.95,2.32
2020-11-02,HSI,恒生指数,24274.83,24460.01,24486.02,24232.66,1.05
2020-11-03,HSI,恒生指数,24689.56,24939.73,25048.53,24689.51,1.47
2020-11-04,HSI,恒生指数,24790.0,24886.14,25093.72,24733.23,1.45
2020-11-05,HSI,恒生指数,25500.91,25695.92,25695.92,25343.44,1.42
2020-11-06,HSI,恒生指数,25750.78,25712.97,25799.97,25540.98,1.01
2020-11-09,HSI,恒生指数,26157.77,26016.17,26172.23,25950.41,0.86
2020-11-10,HSI,恒生指数,26474.04,26301.48,26474.04,26041.87,1.66
2020-11-11,HSI,恒生指数,26226.8,26226.98,26432.56,26168.63,1.0
2020-11-12,HSI,恒生指数,26409.34,26169.38,26460.94,26071.15,1.49
2020-11-13,HSI,恒生指数,26114.6,26156.86,26156.86,25909.18,0.95
2020-11-16,HSI,恒生指数,26362.07,26381.67,26394.4,26191.54,0.78
2020-11-17,HSI,恒生指数,26515.09,26415.09,26530.54,26339.88,0.72
2020-11-18,HSI,恒生指数,26434.24,26544.29,26618.01,26344.86,1.03
2020-11-19,HSI,恒生指数,26460.61,26356.97,26460.61,26311.64,0.56
2020-11-20,HSI,恒生指数,26406.87,26451.54,26564.25,26313.28,0.95
2020-11-23,HSI,恒生指数,26659.79,26486.2,26662.66,26369.34,1.11
2020-11-24,HSI,恒生指数,26630.34,26588.2,26630.34,26409.77,0.83
2020-11-25,HSI,恒生指数,26819.96,26669.75,27040.41,26591.3,1.69
2020-11-26,HSI,恒生指数,26695.25,26819.45,26819.45,26612.0,0.78
2020-11-27,HSI,恒生指数,26758.49,26894.68,27009.15,26704.6,1.14
2020-11-30,HSI,恒生指数,26853.39,26341.49,26960.93,26322.68,2.37
2020-12-01,HSI,恒生指数,26422.71,26567.68,26662.18,26375.24,1.09
2020-12-02,HSI,恒生指数,26670.12,26532.58,26670.12,26379.48,1.09
2020-12-03,HSI,恒生指数,26623.42,26728.5,26781.99,26556.02,0.85
2020-12-04,HSI,恒生指数,26811.59,26835.92,26835.92,26652.34,0.69
2020-12-07,HSI,恒生指数,26870.58,26506.85,26870.58,26256.4,2.29
2020-12-08,HSI,恒生指数,26460.35,26304.56,26460.35,26270.91,0.71
2020-12-09,HSI,恒生指数,26510.42,26502.84,26666.94,26445.66,0.84
2020-12-10,HSI,恒生指数,26335.26,26410.59,26434.47,26287.02,0.56
2020-12-11,HSI,恒生指数,26634.21,26505.87,26704.01,26443.01,0.99
2020-12-14,HSI,恒生指数,26522.1,26389.52,26544.12,26318.11,0.85
2020-12-15,HSI,恒生指数,26418.93,26207.29,26436.04,26127.68,1.17
2020-12-16,HSI,恒生指数,26421.21,26460.29,26510.19,26318.74,0.73
2020-12-17,HSI,恒生指数,26608.44,26678.38,26678.38,26390.59,1.09
2020-12-18,HSI,恒生指数,26650.49,26498.6,26668.1,26363.05,1.14
2020-12-21,HSI,恒生指数,26422.62,26306.68,26498.65,26274.65,0.85
2020-12-22,HSI,恒生指数,26260.78,26119.25,26365.2,25998.87,1.39
2020-12-23,HSI,恒生指数,26083.11,26343.1,26343.1,26071.76,1.04
2020-12-24,HSI,恒生指数,26342.87,26386.56,26470.4,26221.3,0.95
2020-12-28,HSI,恒生指数,26288.37,26314.63,26514.08,26264.32,0.95
2020-12-29,HSI,恒生指数,26490.45,26568.49,26618.78,26432.91,0.71
2020-12-30,HSI,恒生指数,26695.11,27147.11,27159.47,26670.97,1.84
2020-12-31,HSI,恒生指数,27194.79,27231.13,27340.99,27163.51,0.65
2021-01-04,HSI,恒生指数,27087.13,27472.81,27502.83,27079.24,1.56
2021-01-05,HSI,恒生指数,27281.34,27649.86,27690.21,27150.38,1.96
2021-01-06,HSI,恒生指数,27613.34,27692.3,27756.43,27389.78,1.33
2021-01-07,HSI,恒生指数,27715.94,27548.52,27752.36,27457.47,1.06
2021-01-08,HSI,恒生指数,27630.03,27878.22,27920.77,27538.2,1.39
2021-01-11,HSI,恒生指数,28003.98,27908.22,28176.65,27794.81,1.37
2021-01-12,HSI,恒生指数,27894.29,28276.75,28276.75,27781.42,1.77
2021-01-13,HSI,恒生指数,28309.32,28235.6,28414.54,28136.64,0.98
2021-01-14,HSI,恒生指数,28408.12,28496.86,28510.92,28280.09,0.82
2021-01-15,HSI,恒生指数,28394.37,28573.86,28667.59,28294.66,1.31
2021-01-18,HSI,恒生指数,28454.59,28862.77,28864.25,28390.29,1.66
2021-01-19,HSI,恒生指数,29100.17,29642.28,29848.43,29100.17,2.59
2021-01-20,HSI,恒生指数,29794.41,29962.47,29993.47,29676.54,1.07
2021-01-21,HSI,恒生指数,29951.78,29927.76,30135.5,29745.87,1.3
2021-01-22,HSI,恒生指数,29809.23,29447.85,29862.89,29413.52,1.5
2021-01-25,HSI,恒生指数,29677.3,30159.01,30191.16,29673.26,1.76
2021-01-26,HSI,恒生指数,29892.85,29391.26,29965.11,29345.74,2.05
2021-01-27,HSI,恒生指数,29556.58,29297.53,29636.63,29194.37,1.5
2021-01-28,HSI,恒生指数,28914.85,28550.77,29191.68,28467.01,2.47
2021-01-29,HSI,恒生指数,28826.18,28283.71,28972.06,28259.73,2.49
2021-02-01,HSI,恒生指数,28457.85,28892.86,28982.77,28382.26,2.12
2021-02-02,HSI,恒生指数,29378.12,29248.7,29511.0,29198.86,1.08
2021-02-03,HSI,恒生指数,29305.41,29307.46,29312.0,28967.01,1.18
2021-02-04,HSI,恒生指数,29093.54,29113.5,29409.0,28775.38,2.16
2021-02-05,HSI,恒生指数,29305.09,29288.68,29495.64,29184.09,1.07
2021-02-08,HSI,恒生指数,29629.08,29319.47,29706.08,29293.64,1.41
2021-02-09,HSI,恒生指数,29442.5,29476.19,29527.67,29263.98,0.9
2021-02-10,HSI,恒生指数,29796.19,30038.72,30075.5,29732.23,1.16
2021-02-11,HSI,恒生指数,29995.28,30173.57,30184.17,29828.62,1.18
2021-02-16,HSI,恒生指数,30675.82,30746.66,30793.48,30497.4,0.98
2021-02-17,HSI,恒生指数,30636.37,31084.94,31168.3,30503.46,2.16
2021-02-18,HSI,恒生指数,31183.36,30595.27,31183.36,30570.55,1.97
2021-02-19,HSI,恒生指数,30483.46,30644.73,30720.15,30099.71,2.03
2021-02-22,HSI,恒生指数,31071.61,30319.83,31071.61,30298.58,2.52
2021-02-23,HSI,恒生指数,30189.97,30632.64,30948.47,30126.4,2.71
2021-02-24,HSI,恒生指数,30702.65,29718.24,30792.88,29532.68,4.11
2021-02-25,HSI,恒生指数,30174.22,30074.17,30453.12,29833.05,2.09
2021-02-26,HSI,恒生指数,29412.13,28980.21,29579.67,28980.21,1.99
2021-03-01,HSI,恒生指数,29457.89,29452.57,29550.75,29195.97,1.22
2021-03-02,HSI,恒生指数,29708.39,29095.86,29765.96,28957.31,2.75
2021-03-03,HSI,恒生指数,29249.43,29880.42,29912.0,29183.59,2.5
2021-03-04,HSI,恒生指数,29525.48,29236.79,29597.16,29102.1,1.66
2021-03-05,HSI,恒生指数,28667.14,29098.29,29397.27,28513.13,3.02
2021-03-08,HSI,恒生指数,29362.59,28540.83,29386.33,28422.27,3.31
2021-03-09,HSI,恒生指数,28665.26,28773.23,29047.13,28326.13,2.53
2021-03-10,HSI,恒生指数,29255.37,28907.52,29255.37,28710.91,1.89
2021-03-11,HSI,恒生指数,28909.98,29385.61,29412.42,28893.21,1.8
2021-03-12,HSI,恒生指数,29550.37,28739.72,29550.37,28707.35,2.87
2021-03-15,HSI,恒生指数,28923.95,28833.76,29178.99,28612.74,1.97
2021-03-16,HSI,恒生指数,29036.82,29027.69,29118.62,28872.4,0.85
2021-03-17,HSI,恒生指数,28992.24,29034.12,29180.01,28780.23,1.38
2021-03-18,HSI,恒生指数,29317.61,29405.72,29596.58,29317.61,0.96
2021-03-19,HSI,恒生指数,29158.48,28990.94,29271.4,28737.54,1.82
2021-03-22,HSI,恒生指数,28801.09,28885.34,29139.07,28801.09,1.17
2021-03-23,HSI,恒生指数,29008.02,28497.38,29043.18,28376.22,2.31
2021-03-24,HSI,恒生指数,28437.49,27918.14,28457.87,27827.05,2.21
2021-03-25,HSI,恒生指数,27628.08,27899.61,28032.01,27505.08,1.89
2021-03-26,HSI,恒生指数,28043.65,28336.43,28415.15,28014.29,1.44
2021-03-29,HSI,恒生指数,28317.32,28338.3,28484.66,28132.36,1.24
2021-03-30,HSI,恒生指数,28552.77,28577.5,28694.15,28371.23,1.14
2021-03-31,HSI,恒生指数,28802.53,28378.35,28802.53,28332.78,1.64
2021-04-01,HSI,恒生指数,28594.55,28938.74,28938.74,28511.65,1.5
2021-04-07,HSI,恒生指数,29101.4,28674.8,29101.4,28598.86,1.74
2021-04-08,HSI,恒生指数,28604.12,29008.07,29054.82,28587.11,1.63
2021-04-09,HSI,恒生指数,29152.44,28698.8,29152.44,28604.55,1.89
2021-04-12,HSI,恒生指数,28791.97,28453.28,28791.97,28274.27,1.8
2021-04-13,HSI,恒生指数,28557.84,28497.25,28877.15,28452.12,1.49
2021-04-14,HSI,恒生指数,28796.55,28900.83,28979.35,28685.06,1.03
2021-04-15,HSI,恒生指数,28872.82,28793.14,28884.57,28530.99,1.22
2021-04-16,HSI,恒生指数,28827.17,28969.71,29079.18,28711.11,1.28
2021-04-19,HSI,恒生指数,28960.13,29106.15,29319.76,28806.76,1.77
2021-04-20,HSI,恒生指数,28962.8,29135.73,29220.19,28885.55,1.15
2021-04-21,HSI,恒生指数,28702.27,28621.92,28778.36,28506.76,0.93
2021-04-22,HSI,恒生指数,28716.98,28755.34,28848.02,28597.0,0.88
2021-04-23,HSI,恒生指数,28798.45,29078.75,29078.75,28748.57,1.15
2021-04-26,HSI,恒生指数,29106.45,28952.83,29238.99,28908.65,1.14
2021-04-27,HSI,恒生指数,28895.38,28941.54,29045.11,28793.22,0.87
2021-04-28,HSI,恒生指数,28991.94,29071.34,29071.34,28887.33,0.64
2021-04-29,HSI,恒生指数,29268.21,29303.26,29405.12,29162.87,0.83
2021-04-30,HSI,恒生指数,29143.43,28724.88,29154.75,28701.69,1.55
2021-05-03,HSI,恒生指数,28659.91,28357.54,28684.83,28256.03,1.49
2021-05-04,HSI,恒生指数,28438.15,28557.14,28577.52,28321.34,0.9
2021-05-05,HSI,恒生指数,28427.67,28417.98,28677.36,28325.96,1.23
2021-05-06,HSI,恒生指数,28647.97,28637.46,28753.97,28384.12,1.3
2021-05-07,HSI,恒生指数,28721.13,28610.65,28884.03,28530.71,1.23
2021-05-10,HSI,恒生指数,28776.99,28595.66,28842.11,28453.14,1.36
2021-05-11,HSI,恒生指数,28286.56,28013.81,28286.56,27910.71,1.31
2021-05-12,HSI,恒生指数,28073.92,28231.04,28231.04,27897.47,1.19
2021-05-13,HSI,恒生指数,27920.01,27718.67,28060.93,27718.67,1.21
2021-05-14,HSI,恒生指数,27872.69,28027.57,28064.01,27715.88,1.26
2021-05-17,HSI,恒生指数,28130.51,28194.09,28268.39,28074.14,0.69
2021-05-18,HSI,恒生指数,28438.03,28593.81,28617.34,28438.03,0.64
2021-05-20,HSI,恒生指数,28413.49,28450.29,28508.24,28293.23,0.75
2021-05-21,HSI,恒生指数,28584.34,28458.44,28584.34,28286.92,1.05
2021-05-24,HSI,恒生指数,28417.99,28412.26,28444.36,28195.52,0.87
2021-05-25,HSI,恒生指数,28461.5,28910.86,28929.24,28461.5,1.65
2021-05-26,HSI,恒生指数,29056.28,29166.01,29261.86,29027.95,0.81
2021-05-27,HSI,恒生指数,28998.39,29113.2,29157.95,28950.72,0.71
2021-05-28,HSI,恒生指数,29219.46,29124.41,29336.13,29033.72,1.04
2021-05-31,HSI,恒生指数,29225.46,29151.8,29225.46,28909.52,1.08
2021-06-01,HSI,恒生指数,29159.06,29468.0,29480.16,29036.45,1.52
2021-06-02,HSI,恒生指数,29414.64,29297.62,29490.61,29208.73,0.96
2021-06-03,HSI,恒生指数,29365.32,28966.03,29377.9,28902.67,1.62
2021-06-04,HSI,恒生指数,28837.95,28918.1,29023.18,28737.97,0.98
2021-06-07,HSI,恒生指数,28985.6,28787.28,29003.99,28615.61,1.34
2021-06-08,HSI,恒生指数,28900.52,28781.38,28979.2,28638.31,1.18
2021-06-09,HSI,恒生指数,28771.14,28742.63,28859.58,28687.69,0.6
2021-06-10,HSI,恒生指数,28792.02,28738.88,28954.4,28664.94,1.01
2021-06-11,HSI,恒生指数,28864.9,28842.13,28965.15,28743.82,0.77
2021-06-15,HSI,恒生指数,28946.44,28638.53,28946.44,28453.48,1.71
2021-06-16,HSI,恒生指数,28609.37,28436.84,28648.64,28403.64,0.86
2021-06-17,HSI,恒生指数,28240.88,28558.59,28558.59,28216.09,1.2
2021-06-18,HSI,恒生指数,28586.04,28801.27,28830.85,28532.08,1.05
2021-06-21,HSI,恒生指数,28501.64,28489.0,28590.22,28314.93,0.96
2021-06-22,HSI,恒生指数,28575.16,28309.76,28579.0,28299.66,0.98
2021-06-23,HSI,恒生指数,28468.24,28817.07,28893.79,28406.61,1.72
2021-06-24,HSI,恒生指数,28865.46,28882.46,28993.37,28782.34,0.73
2021-06-25,HSI,恒生指数,29002.67,29288.22,29305.17,28971.6,1.15
2021-06-28,HSI,恒生指数,29366.49,29268.3,29394.69,29209.43,0.63
2021-06-29,HSI,恒生指数,29291.89,28994.1,29291.89,28924.61,1.25
2021-06-30,HSI,恒生指数,29107.9,28827.95,29146.28,28827.7,1.1
2021-07-02,HSI,恒生指数,28859.02,28310.42,28859.02,28231.73,2.18
2021-07-05,HSI,恒生指数,28098.91,28143.5,28338.79,28042.71,1.05
2021-07-06,HSI,恒生指数,28136.63,28072.86,28151.35,27904.53,0.88
2021-07-07,HSI,恒生指数,27777.81,27960.62,27969.41,27703.41,0.95
2021-07-08,HSI,恒生指数,27881.5,27153.13,27921.06,27110.62,2.9
2021-07-09,HSI,恒生指数,27131.57,27344.54,27450.79,26861.87,2.17
2021-07-12,HSI,恒生指数,27672.7,27515.24,27741.19,27420.35,1.17
2021-07-13,HSI,恒生指数,27694.03,27963.41,28052.32,27612.69,1.6
2021-07-14,HSI,恒生指数,27965.39,27787.46,27965.39,27708.71,0.92
2021-07-15,HSI,恒生指数,27801.4,27996.27,28181.21,27741.09,1.58
2021-07-16,HSI,恒生指数,27972.56,28004.68,28218.53,27878.53,1.21
2021-07-19,HSI,恒生指数,27786.54,27489.78,27786.54,27397.29,1.39
2021-07-20,HSI,恒生指数,27395.83,27259.25,27532.86,27121.49,1.5
2021-07-21,HSI,恒生指数,27339.22,27224.58,27371.5,26971.03,1.47
2021-07-22,HSI,恒生指数,27464.28,27723.84,27759.71,27455.43,1.12
2021-07-23,HSI,恒生指数,27740.95,27321.98,27740.95,27222.04,1.87
2021-07-26,HSI,恒生指数,26825.73,26192.32,26878.75,26177.4,2.57
2021-07-27,HSI,恒生指数,26011.51,25086.43,26323.61,24748.84,6.01
2021-07-28,HSI,恒生指数,25356.74,25473.88,25520.75,24848.43,2.68
2021-07-29,HSI,恒生指数,26221.36,26315.32,26335.36,25857.42,1.88
2021-07-30,HSI,恒生指数,26042.84,25961.03,26151.0,25636.89,1.95
2021-08-02,HSI,恒生指数,26054.81,26235.8,26300.55,25743.09,2.15
2021-08-03,HSI,恒生指数,26289.06,26194.82,26289.06,25774.62,1.96
2021-08-04,HSI,恒生指数,26161.83,26426.55,26650.82,26009.83,2.45
2021-08-05,HSI,恒生指数,26390.01,26204.69,26569.37,26126.37,1.68
2021-08-06,HSI,恒生指数,26262.97,26179.4,26276.87,26002.41,1.05
2021-08-09,HSI,恒生指数,25969.23,26283.4,26527.24,25920.85,2.32
2021-08-10,HSI,恒生指数,26456.61,26605.62,26610.95,26138.87,1.8
2021-08-11,HSI,恒生指数,26491.74,26660.16,26822.47,26454.45,1.38
2021-08-12,HSI,恒生指数,26623.77,26517.82,26713.24,26385.45,1.23
2021-08-13,HSI,恒生指数,26296.19,26391.62,26521.95,26200.24,1.21
2021-08-16,HSI,恒生指数,26365.19,26181.46,26449.71,26046.9,1.53
2021-08-17,HSI,恒生指数,26137.9,25745.87,26258.79,25615.38,2.46
2021-08-18,HSI,恒生指数,25800.03,25867.01,26025.14,25708.95,1.23
2021-08-19,HSI,恒生指数,25787.84,25316.33,25832.92,25183.67,2.51
2021-08-20,HSI,恒生指数,25241.32,24849.72,25244.75,24581.6,2.62
2021-08-23,HSI,恒生指数,25169.45,25109.59,25458.33,25036.99,1.7
2021-08-24,HSI,恒生指数,25428.68,25727.92,25727.92,25361.75,1.46
2021-08-25,HSI,恒生指数,25930.05,25693.95,25982.64,25548.47,1.69
2021-08-26,HSI,恒生指数,25673.78,25415.69,25706.62,25255.83,1.75
2021-08-27,HSI,恒生指数,25337.55,25407.89,25641.33,25304.62,1.32
2021-08-30,HSI,恒生指数,25406.49,25539.54,25583.59,25219.8,1.43
2021-08-31,HSI,恒生指数,25524.23,25878.99,25878.99,25110.72,3.01
2021-09-01,HSI,恒生指数,25871.82,26028.29,26101.95,25694.11,1.58
2021-09-02,HSI,恒生指数,26203.52,26090.43,26359.31,25967.98,1.5
2021-09-03,HSI,恒生指数,26022.67,25901.99,26052.81,25811.77,0.92
2021-09-06,HSI,恒生指数,25827.17,26163.63,26176.43,25827.17,1.35
2021-09-07,HSI,恒生指数,26207.22,26353.63,26458.88,26135.4,1.24
2021-09-08,HSI,恒生指数,26396.11,26320.93,26560.04,26164.79,1.5
2021-09-09,HSI,恒生指数,26076.93,25716.0,26125.09,25624.52,1.9
2021-09-10,HSI,恒生指数,25870.71,26205.91,26205.91,25870.71,1.3
2021-09-13,HSI,恒生指数,25885.3,25813.81,25886.9,25570.84,1.21
2021-09-14,HSI,恒生指数,25827.7,25502.23,25900.68,25377.83,2.03
2021-09-15,HSI,恒生指数,25310.03,25033.21,25411.91,24990.94,1.65
2021-09-16,HSI,恒生指数,25042.03,24667.85,25045.55,24505.21,2.16
2021-09-17,HSI,恒生指数,24589.17,24920.76,24920.76,24424.74,2.01
2021-09-20,HSI,恒生指数,24640.43,24099.14,24640.43,23871.84,3.08
2021-09-21,HSI,恒生指数,23867.16,24221.54,24284.87,23771.46,2.13
2021-09-23,HSI,恒生指数,24614.14,24510.98,24827.46,24313.68,2.12
2021-09-24,HSI,恒生指数,24487.24,24192.16,24636.64,24095.79,2.21
2021-09-27,HSI,恒生指数,24131.42,24208.78,24509.0,24131.42,1.56
2021-09-28,HSI,恒生指数,24323.0,24500.39,24679.46,24232.98,1.84
2021-09-29,HSI,恒生指数,24276.71,24663.5,24694.46,24045.99,2.65
2021-09-30,HSI,恒生指数,24494.26,24575.64,24660.68,24346.75,1.27
2021-10-04,HSI,恒生指数,24478.68,24036.37,24478.68,23908.05,2.32
2021-10-05,HSI,恒生指数,23771.65,24104.15,24180.08,23681.44,2.07
2021-10-06,HSI,恒生指数,24259.2,23966.49,24259.2,23812.35,1.85
2021-10-07,HSI,恒生指数,24339.32,24701.73,24741.28,24310.11,1.8
2021-10-08,HSI,恒生指数,25064.8,24837.85,25064.8,24595.58,1.9
2021-10-11,HSI,恒生指数,25161.8,25325.09,25437.16,25161.8,1.11
2021-10-12,HSI,恒生指数,24995.95,24962.59,25188.78,24865.8,1.28
2021-10-15,HSI,恒生指数,25187.05,25330.96,25330.96,24929.56,1.61
2021-10-18,HSI,恒生指数,25425.32,25409.75,25425.32,25123.25,1.19
2021-10-19,HSI,恒生指数,25471.25,25787.21,25808.62,25458.03,1.38
2021-10-20,HSI,恒生指数,26074.2,26136.02,26214.63,25915.62,1.16
2021-10-21,HSI,恒生指数,26141.85,26017.53,26229.8,25840.59,1.49
2021-10-22,HSI,恒生指数,26114.84,26126.93,26195.29,25976.03,0.84
2021-10-25,HSI,恒生指数,26020.78,26132.03,26212.9,25929.67,1.08
2021-10-26,HSI,恒生指数,26234.94,26038.27,26234.94,25905.08,1.26
2021-10-27,HSI,恒生指数,25795.17,25628.74,25795.17,25555.17,0.92
2021-10-28,HSI,恒生指数,25648.42,25555.73,25736.38,25473.16,1.03
2021-10-29,HSI,恒生指数,25466.86,25377.24,25516.22,25314.24,0.79
2021-11-01,HSI,恒生指数,25268.35,25154.32,25270.41,24972.5,1.17
2021-11-02,HSI,恒生指数,25609.01,25099.67,25639.66,25030.69,2.42
2021-11-03,HSI,恒生指数,25060.93,25024.75,25187.09,24808.59,1.51
2021-11-04,HSI,恒生指数,25141.1,25225.19,25244.98,25010.36,0.94
2021-11-05,HSI,恒生指数,24950.68,24870.51,25049.37,24724.39,1.29
2021-11-08,HSI,恒生指数,24743.54,24763.77,24837.77,24633.57,0.82
2021-11-09,HSI,恒生指数,24952.82,24813.13,24956.37,24678.66,1.12
2021-11-10,HSI,恒生指数,24787.44,24996.14,25013.11,24481.26,2.14
2021-11-11,HSI,恒生指数,24856.11,25247.99,25324.66,24836.21,1.95
2021-11-12,HSI,恒生指数,25522.83,25327.97,25527.13,25210.56,1.25
2021-11-15,HSI,恒生指数,25437.99,25390.91,25483.26,25230.33,1.0
2021-11-16,HSI,恒生指数,25446.65,25713.78,25746.71,25410.87,1.32
2021-11-17,HSI,恒生指数,25667.81,25650.08,25667.81,25520.67,0.57
2021-11-18,HSI,恒生指数,25369.88,25319.72,25414.21,25222.6,0.75
2021-11-19,HSI,恒生指数,24934.4,25049.97,25077.15,24825.43,0.99
2021-11-22,HSI,恒生指数,25057.06,24951.34,25099.95,24869.94,0.92
2021-11-23,HSI,恒生指数,24688.99,24651.58,24794.72,24618.74,0.71
2021-11-24,HSI,恒生指数,24672.1,24685.5,24851.53,24557.63,1.19
2021-11-25,HSI,恒生指数,24699.69,24740.16,24762.61,24532.82,0.93
2021-11-26,HSI,恒生指数,24502.68,24080.52,24502.68,24062.26,1.78
2021-11-29,HSI,恒生指数,23910.49,23852.24,24134.32,23774.31,1.5
2021-11-30,HSI,恒生指数,23782.86,23475.26,23888.37,23175.37,2.99
2021-12-01,HSI,恒生指数,23595.57,23658.92,23864.3,23537.65,1.39
2021-12-02,HSI,恒生指数,23524.05,23788.93,23807.0,23517.52,1.22
2021-12-03,HSI,恒生指数,23675.26,23766.69,23802.77,23451.93,1.47
2021-12-06,HSI,恒生指数,23420.44,23349.38,23628.3,23314.97,1.32
2021-12-07,HSI,恒生指数,23704.51,23983.66,23989.78,23512.5,2.04
2021-12-08,HSI,恒生指数,24090.02,23996.87,24097.98,23907.3,0.8
2021-12-09,HSI,恒生指数,24168.41,24254.86,24324.84,24153.72,0.71
2021-12-10,HSI,恒生指数,24070.56,23995.72,24214.68,23916.63,1.23
2021-12-13,HSI,恒生指数,24242.26,23954.58,24385.44,23936.93,1.87
2021-12-14,HSI,恒生指数,23693.73,23635.95,23817.58,23560.13,1.07
2021-12-15,HSI,恒生指数,23658.04,23420.76,23745.75,23325.92,1.78
2021-12-16,HSI,恒生指数,23287.93,23475.5,23526.05,23155.62,1.58
2021-12-17,HSI,恒生指数,23463.78,23192.63,23463.78,23158.7,1.3
2021-12-20,HSI,恒生指数,23079.83,22744.86,23145.3,22665.25,2.07
2021-12-21,HSI,恒生指数,22795.57,22971.33,23100.18,22730.08,1.63
2021-12-22,HSI,恒生指数,23221.13,23102.33,23258.71,22979.76,1.21
2021-12-23,HSI,恒生指数,23141.79,23193.64,23264.75,23027.15,1.03
2021-12-24,HSI,恒生指数,23375.99,23223.76,23383.19,23186.57,0.85
2021-12-28,HSI,恒生指数,23282.35,23280.56,23319.44,23099.48,0.95
2021-12-29,HSI,恒生指数,23253.98,23086.54,23253.98,23008.28,1.06
2021-12-30,HSI,恒生指数,23130.45,23112.01,23248.26,22990.24,1.12
2021-12-31,HSI,恒生指数,23553.79,23397.67,23590.12,23394.77,0.85
2022-01-03,HSI,恒生指数,23510.54,23274.75,23605.03,23193.19,1.76
2022-01-04,HSI,恒生指数,23400.62,23289.84,23439.3,23146.89,1.26
2022-01-05,HSI,恒生指数,23323.77,22907.25,23323.77,22851.5,2.03
2022-01-06,HSI,恒生指数,22843.2,23072.86,23082.95,22709.6,1.63
2022-01-07,HSI,恒生指数,23318.92,23493.38,23497.5,23162.85,1.45
2022-01-10,HSI,恒生指数,23523.9,23746.54,23790.52,23399.09,1.67
2022-01-11,HSI,恒生指数,23678.69,23739.06,23863.83,23595.01,1.13
2022-01-12,HSI,恒生指数,24069.52,24402.17,24402.17,24069.52,1.4
2022-01-13,HSI,恒生指数,24561.48,24429.77,24561.48,24289.19,1.12
2022-01-14,HSI,恒生指数,24185.86,24383.32,24383.32,24140.81,0.99
2022-01-17,HSI,恒生指数,24390.29,24218.03,24408.88,24111.74,1.22
2022-01-18,HSI,恒生指数,24274.75,24112.78,24385.05,24009.71,1.55
2022-01-19,HSI,恒生指数,24229.78,24127.85,24286.14,23951.6,1.39
2022-01-20,HSI,恒生指数,24263.15,24952.35,24952.35,24233.18,2.98
2022-01-21,HSI,恒生指数,24897.59,24965.55,24982.03,24723.92,1.03
2022-01-24,HSI,恒生指数,24693.43,24656.46,24795.54,24570.87,0.9
2022-01-25,HSI,恒生指数,24251.52,24243.61,24366.89,24001.96,1.48
2022-01-26,HSI,恒生指数,24342.9,24289.9,24487.3,24123.7,1.5
2022-01-27,HSI,恒生指数,23952.01,23807.0,23952.01,23565.0,1.59
2022-01-28,HSI,恒生指数,23818.94,23550.08,23848.02,23507.03,1.43
2022-01-31,HSI,恒生指数,23624.14,23802.26,23975.7,23469.76,2.15
2022-02-04,HSI,恒生指数,24392.86,24573.29,24609.33,24140.89,1.97
2022-02-07,HSI,恒生指数,24609.43,24579.55,24616.5,24365.89,1.02
2022-02-08,HSI,恒生指数,24548.05,24329.49,24548.05,24149.75,1.62
2022-02-09,HSI,恒生指数,24727.34,24829.99,24896.43,24690.45,0.85
2022-02-10,HSI,恒生指数,25050.59,24924.35,25050.59,24649.74,1.61
2022-02-11,HSI,恒生指数,24837.2,24906.66,24957.81,24732.65,0.9
2022-02-14,HSI,恒生指数,24725.1,24556.57,24733.11,24482.86,1.0
2022-02-15,HSI,恒生指数,24458.5,24355.71,24570.09,24219.9,1.43
2022-02-16,HSI,恒生指数,24618.3,24718.9,24728.93,24548.05,0.74
2022-02-17,HSI,恒生指数,24722.88,24792.77,24861.82,24523.95,1.37
2022-02-18,HSI,恒生指数,24633.66,24327.71,24763.37,24284.53,1.93
2022-02-21,HSI,恒生指数,24109.59,24170.07,24231.08,23998.77,0.95
2022-02-22,HSI,恒生指数,23692.54,23520.0,23813.64,23336.78,1.97
2022-02-23,HSI,恒生指数,23617.97,23660.28,23745.07,23500.92,1.04
2022-02-24,HSI,恒生指数,23268.03,22901.56,23376.37,22786.39,2.49
2022-02-25,HSI,恒生指数,22908.1,22767.18,23046.86,22718.15,1.44
2022-02-28,HSI,恒生指数,22818.17,22713.02,22818.17,22406.12,1.81
2022-03-01,HSI,恒生指数,22739.84,22761.71,22937.56,22591.73,1.52
2022-03-02,HSI,恒生指数,22568.36,22343.92,22712.44,22299.14,1.82
2022-03-03,HSI,恒生指数,22434.26,22467.34,22543.42,22378.11,0.74
2022-03-04,HSI,恒生指数,21879.13,21905.29,22017.94,21838.99,0.8
2022-03-07,HSI,恒生指数,21308.9,21057.63,21327.19,20826.36,2.29
2022-03-08,HSI,恒生指数,21082.39,20765.87,21303.52,20638.95,3.16
2022-03-09,HSI,恒生指数,20820.02,20627.71,20957.72,20102.57,4.12
2022-03-10,HSI,恒生指数,21106.57,20890.26,21114.44,20709.62,1.96
2022-03-11,HSI,恒生指数,20460.03,20553.79,20778.86,20079.15,3.35
2022-03-14,HSI,恒生指数,20203.84,19531.66,20203.84,19416.78,3.83
2022-03-15,HSI,恒生指数,18931.18,18415.08,19392.69,18235.48,5.92
2022-03-16,HSI,恒生指数,18956.02,20087.5,20120.85,18584.04,8.35
2022-03-17,HSI,恒生指数,21430.71,21501.23,21501.23,20786.69,3.56
2022-03-18,HSI,恒生指数,21232.88,21412.4,21646.15,20922.37,3.37
2022-03-21,HSI,恒生指数,21823.07,21221.34,21823.07,21096.31,3.39
2022-03-22,HSI,恒生指数,21319.19,21889.28,21906.32,21266.9,3.01
2022-03-23,HSI,恒生指数,22088.79,22154.08,22423.51,21983.1,2.01
2022-03-24,HSI,恒生指数,22002.87,21945.95,22231.67,21900.13,1.5
2022-03-25,HSI,恒生指数,21735.61,21404.88,21944.08,21289.26,2.98
2022-03-28,HSI,恒生指数,21422.2,21684.97,21790.97,21202.69,2.75
2022-03-29,HSI,恒生指数,21771.29,21927.63,21937.27,21722.17,0.99
2022-03-30,HSI,恒生指数,22101.63,22232.03,22391.35,22033.78,1.63
2022-03-31,HSI,恒生指数,22262.16,21996.85,22262.16,21922.58,1.53
2022-04-01,HSI,恒生指数,21693.1,22039.55,22039.55,21558.05,2.19
2022-04-04,HSI,恒生指数,22227.11,22502.31,22523.64,22124.03,1.81
2022-04-06,HSI,恒生指数,22220.21,22080.52,22244.99,22015.12,1.02
2022-04-07,HSI,恒生指数,21910.4,21808.98,22236.93,21779.19,2.07
2022-04-08,HSI,恒生指数,21667.53,21872.01,21872.01,21568.22,1.39
2022-04-11,HSI,恒生指数,21688.03,21208.3,21688.03,21132.54,2.54
2022-04-12,HSI,恒生指数,21279.18,21319.13,21519.13,20988.2,2.5
2022-04-13,HSI,恒生指数,21192.62,21374.37,21531.48,21141.06,1.83
2022-04-14,HSI,恒生指数,21463.35,21518.08,21587.47,21358.73,1.07
2022-04-19,HSI,恒生指数,21106.0,21027.76,21191.8,20896.43,1.37
2022-04-20,HSI,恒生指数,20972.84,20944.67,21214.98,20889.02,1.55
2022-04-21,HSI,恒生指数,20780.86,20682.22,20920.6,20483.86,2.09
2022-04-22,HSI,恒生指数,20261.61,20638.52,20709.49,20184.96,2.54
2022-04-25,HSI,恒生指数,20284.6,19869.34,20284.6,19784.28,2.42
2022-04-26,HSI,恒生指数,19989.04,19934.71,20258.64,19858.36,2.01
2022-04-27,HSI,恒生指数,19723.46,19946.36,20053.11,19665.49,1.94
2022-04-28,HSI,恒生指数,20118.79,20276.17,20286.83,19956.67,1.66
2022-04-29,HSI,恒生指数,20271.4,21089.39,21176.58,20040.07,5.61
2022-05-03,HSI,恒生指数,20927.62,21101.89,21291.8,20648.53,3.05
2022-05-04,HSI,恒生指数,21025.7,20869.52,21047.13,20772.8,1.3
2022-05-05,HSI,恒生指数,21163.15,20793.4,21284.85,20776.97,2.43
2022-05-06,HSI,恒生指数,20287.06,20001.96,20320.28,19973.47,1.67
2022-05-10,HSI,恒生指数,19300.68,19633.69,19758.63,19178.89,2.9
2022-05-11,HSI,恒生指数,19511.8,19824.57,20083.49,19474.03,3.1
2022-05-12,HSI,恒生指数,19556.89,19380.34,19731.27,19342.89,1.96
2022-05-13,HSI,恒生指数,19615.99,19898.77,19925.44,19608.26,1.64
2022-05-16,HSI,恒生指数,20131.53,19950.21,20173.22,19764.96,2.05
2022-05-17,HSI,恒生指数,20193.6,20602.52,20626.42,20169.24,2.29
2022-05-18,HSI,恒生指数,20674.23,20644.28,20711.93,20389.61,1.56
2022-05-19,HSI,恒生指数,20146.96,20120.68,20277.94,19924.87,1.71
2022-05-20,HSI,恒生指数,20470.95,20717.24,20794.13,20408.68,1.92
2022-05-23,HSI,恒生指数,20608.65,20470.06,20642.76,20303.55,1.64
2022-05-24,HSI,恒生指数,20420.14,20112.1,20509.62,19989.62,2.54
2022-05-25,HSI,恒生指数,20115.56,20171.27,20370.74,20067.98,1.51
2022-05-26,HSI,恒生指数,20272.22,20116.2,20272.22,19890.76,1.89
2022-05-27,HSI,恒生指数,20646.06,20697.36,20779.75,20494.15,1.42
2022-05-30,HSI,恒生指数,20933.5,21123.93,21169.08,20885.02,1.37
2022-05-31,HSI,恒生指数,21106.41,21415.2,21415.2,21029.72,1.82
2022-06-01,HSI,恒生指数,21407.79,21294.94,21411.95,21154.04,1.2
2022-06-02,HSI,恒生指数,21057.04,21082.13,21115.78,20884.16,1.09
2022-06-06,HSI,恒生指数,21282.51,21653.9,21691.92,21030.07,3.14
2022-06-07,HSI,恒生指数,21577.48,21531.67,21744.46,21394.59,1.62
2022-06-08,HSI,恒生指数,21788.89,22014.59,22064.12,21734.49,1.53
2022-06-09,HSI,恒生指数,22121.53,21869.05,22142.82,21737.94,1.84
2022-06-10,HSI,恒生指数,21522.5,21806.18,21935.01,21487.91,2.04
2022-06-13,HSI,恒生指数,21162.53,21067.58,21320.15,20993.76,1.5
2022-06-14,HSI,恒生指数,20783.54,21067.99,21175.01,20717.64,2.17
2022-06-15,HSI,恒生指数,21111.32,21308.21,21431.07,21111.32,1.52
2022-06-16,HSI,恒生指数,21515.64,20845.43,21545.84,20697.41,3.98
2022-06-17,HSI,恒生指数,20716.74,21075.0,21145.94,20697.17,2.15
2022-06-20,HSI,恒生指数,20948.8,21163.91,21175.98,20839.02,1.6
2022-06-21,HSI,恒生指数,21264.98,21559.59,21564.87,21175.95,1.84
2022-06-22,HSI,恒生指数,21469.74,21008.34,21519.58,21008.34,2.37
2022-06-23,HSI,恒生指数,21157.58,21273.87,21443.59,21010.89,2.06
2022-06-24,HSI,恒生指数,21450.68,21719.06,21762.67,21408.66,1.66
2022-06-27,HSI,恒生指数,21976.8,22229.52,22414.43,21976.8,2.01
2022-06-28,HSI,恒生指数,22144.63,22418.97,22449.31,21952.44,2.24
2022-06-29,HSI,恒生指数,22125.61,21996.89,22289.07,21844.05,1.99
2022-06-30,HSI,恒生指数,21917.45,21859.79,22111.91,21719.17,1.79
2022-07-04,HSI,恒生指数,21690.68,21830.35,21886.35,21458.63,1.96
2022-07-05,HSI,恒生指数,22053.16,21853.07,22198.51,21799.19,1.83
2022-07-06,HSI,恒生指数,21777.64,21586.66,21833.4,21286.66,2.5
2022-07-07,HSI,恒生指数,21352.7,21643.58,21643.58,21200.93,2.05
2022-07-08,HSI,恒生指数,21961.75,21725.78,21961.75,21614.65,1.6
2022-07-11,HSI,恒生指数,21470.77,21124.2,21470.77,21001.63,2.16
2022-07-12,HSI,恒生指数,20905.07,20844.74,21084.09,20779.59,1.44
2022-07-13,HSI,恒生指数,20911.53,20797.95,21040.34,20751.48,1.39
2022-07-14,HSI,恒生指数,20818.27,20751.21,20888.8,20554.15,1.61
2022-07-15,HSI,恒生指数,20522.11,20297.72,20656.96,20215.97,2.13
2022-07-18,HSI,恒生指数,20479.58,20846.18,20866.33,20294.14,2.82
2022-07-19,HSI,恒生指数,20719.2,20661.06,20758.71,20549.44,1.0
2022-07-20,HSI,恒生指数,20968.42,20890.22,21111.78,20884.92,1.1
2022-07-21,HSI,恒生指数,20811.6,20574.63,20827.61,20527.35,1.44
2022-07-22,HSI,恒生指数,20717.47,20609.14,20788.46,20513.8,1.33
2022-07-25,HSI,恒生指数,20516.34,20562.94,20595.09,20353.68,1.17
2022-07-26,HSI,恒生指数,20676.68,20905.88,20952.45,20631.82,1.56
2022-07-27,HSI,恒生指数,20684.48,20670.04,20770.1,20572.42,0.95
2022-07-28,HSI,恒生指数,20705.46,20622.68,20772.63,20533.42,1.16
2022-07-29,HSI,恒生指数,20647.45,20156.51,20647.45,20050.05,2.9
2022-08-01,HSI,恒生指数,20026.6,20165.84,20251.43,19883.92,1.82
2022-08-02,HSI,恒生指数,19943.16,19689.21,19943.16,19515.54,2.12
2022-08-03,HSI,恒生指数,19865.69,19767.09,19921.91,19685.48,1.2
2022-08-04,HSI,恒生指数,20011.25,20174.04,20216.58,19995.46,1.12
2022-08-05,HSI,恒生指数,20283.59,20201.94,20283.59,20096.54,0.93
2022-08-08,HSI,恒生指数,20065.35,20045.77,20171.89,19954.04,1.08
2022-08-09,HSI,恒生指数,20039.3,20003.44,20250.87,19856.23,1.97
2022-08-10,HSI,恒生指数,19956.51,19610.84,19956.51,19469.11,2.44
2022-08-11,HSI,恒生指数,19840.57,20082.43,20082.43,19789.96,1.49
2022-08-12,HSI,恒生指数,20158.29,20175.62,20208.02,20011.38,0.98
2022-08-15,HSI,恒生指数,20038.48,20040.86,20260.66,19984.04,1.37
2022-08-16,HSI,恒生指数,20107.14,19830.52,20173.4,19662.61,2.55
2022-08-17,HSI,恒生指数,19995.77,19922.45,20069.85,19800.58,1.36
2022-08-18,HSI,恒生指数,19991.94,19763.91,19991.94,19675.46,1.59
2022-08-19,HSI,恒生指数,19656.8,19773.03,19898.18,19656.8,1.22
2022-08-22,HSI,恒生指数,19572.42,19656.98,19825.93,19564.19,1.32
2022-08-23,HSI,恒生指数,19644.23,19503.25,19701.55,19377.09,1.65
2022-08-24,HSI,恒生指数,19542.24,19268.74,19542.24,19189.54,1.81
2022-08-25,HSI,恒生指数,19418.46,19968.38,19990.31,19418.46,2.97
2022-08-26,HSI,恒生指数,20138.69,20170.04,20185.15,20050.97,0.67
2022-08-29,HSI,恒生指数,19960.29,20023.22,20073.94,19889.67,0.91
2022-08-30,HSI,恒生指数,20062.73,19949.03,20062.73,19645.57,2.08
2022-08-31,HSI,恒生指数,19589.85,19954.39,20173.02,19564.84,3.05
2022-09-01,HSI,恒生指数,19761.72,19597.31,19839.51,19532.86,1.54
2022-09-02,HSI,恒生指数,19572.47,19452.09,19630.8,19342.49,1.47
2022-09-05,HSI,恒生指数,19299.09,19225.7,19299.09,19064.79,1.2
2022-09-06,HSI,恒生指数,19261.7,19202.73,19358.02,19107.6,1.3
2022-09-07,HSI,恒生指数,18915.87,19044.3,19068.9,18818.78,1.3
2022-09-08,HSI,恒生指数,19043.84,18854.62,19075.74,18803.76,1.43
2022-09-09,HSI,恒生指数,18893.65,19362.25,19417.56,18893.65,2.78
2022-09-13,HSI,恒生指数,19404.64,19326.86,19492.06,19296.25,1.01
2022-09-14,HSI,恒生指数,18933.3,18847.1,18989.22,18797.79,0.99
2022-09-15,HSI,恒生指数,18833.9,18930.38,19013.03,18833.9,0.95
2022-09-16,HSI,恒生指数,18732.44,18761.69,18905.28,18678.22,1.2
2022-09-19,HSI,恒生指数,18695.35,18565.97,18697.09,18494.54,1.08
2022-09-20,HSI,恒生指数,18700.68,18781.42,18861.47,18685.46,0.95
2022-09-21,HSI,恒生指数,18638.85,18444.62,18638.85,18434.65,1.09
2022-09-22,HSI,恒生指数,18080.93,18147.95,18195.09,17965.33,1.25
2022-09-23,HSI,恒生指数,18055.59,17933.27,18165.95,17926.29,1.32
2022-09-26,HSI,恒生指数,17781.87,17855.14,18077.64,17727.4,1.95
2022-09-27,HSI,恒生指数,17838.65,17860.31,17904.21,17648.42,1.43
2022-09-28,HSI,恒生指数,17703.39,17250.88,17703.39,17184.54,2.91
2022-09-29,HSI,恒生指数,17570.17,17165.87,17629.67,17046.83,3.38
2022-09-30,HSI,恒生指数,17165.93,17222.83,17344.81,17016.28,1.91
2022-10-03,HSI,恒生指数,17050.25,17079.51,17252.11,16906.96,2.0
2022-10-05,HSI,恒生指数,17811.97,18087.97,18164.2,17682.85,2.82
2022-10-06,HSI,恒生指数,18100.48,18012.15,18143.85,17958.14,1.03
2022-10-07,HSI,恒生指数,17851.62,17740.05,17881.87,17717.73,0.91
2022-10-10,HSI,恒生指数,17449.36,17216.66,17449.36,17174.61,1.55
2022-10-11,HSI,恒生指数,17194.73,16832.36,17206.51,16789.97,2.42
2022-10-12,HSI,恒生指数,16758.27,16701.03,17040.7,16438.6,3.58
2022-10-13,HSI,恒生指数,16700.65,16389.11,16736.59,16389.11,2.08
2022-10-14,HSI,恒生指数,16671.68,16587.69,17028.68,16535.37,3.01
2022-10-17,HSI,恒生指数,16479.74,16612.9,16754.52,16308.95,2.69
2022-10-18,HSI,恒生指数,16860.2,16914.58,16914.58,16558.41,2.14
2022-10-19,HSI,恒生指数,16805.91,16511.28,16923.12,16508.37,2.45
2022-10-20,HSI,恒生指数,16230.79,16280.22,16452.97,16010.72,2.68
2022-10-21,HSI,恒生指数,16331.11,16211.12,16359.04,16137.18,1.36
2022-10-24,HSI,恒生指数,15894.75,15180.69,15993.88,15082.84,5.62
2022-10-25,HSI,恒生指数,15242.1,15165.59,15435.37,14947.39,3.21
2022-10-26,HSI,恒生指数,15096.32,15317.67,15584.06,15041.4,3.58
2022-10-27,HSI,恒生指数,15721.27,15427.94,15833.28,15410.97,2.76
2022-10-28,HSI,恒生指数,15424.94,14863.06,15441.99,14770.09,4.36
2022-10-31,HSI,恒生指数,14830.69,14687.02,15113.15,14597.31,3.47
2022-11-01,HSI,恒生指数,14859.92,15455.27,15632.85,14859.92,5.26
2022-11-02,HSI,恒生指数,15389.55,15827.17,15867.24,15276.76,3.82
2022-11-03,HSI,恒生指数,15477.74,15339.49,15623.18,15301.67,2.03
2022-11-04,HSI,恒生指数,15442.76,16161.14,16513.16,15442.76,6.98
2022-11-07,HSI,恒生指数,16031.79,16595.91,16821.89,15980.85,5.2
2022-11-08,HSI,恒生指数,16640.6,16557.31,16719.01,16429.81,1.74
2022-11-09,HSI,恒生指数,16552.8,16358.52,16730.2,16213.03,3.12
2022-11-10,HSI,恒生指数,16138.22,16081.04,16138.22,15945.2,1.18
2022-11-11,HSI,恒生指数,17120.05,17325.66,17368.04,16829.0,3.35
2022-11-14,HSI,恒生指数,17999.26,17619.71,18011.64,17518.88,2.84
2022-11-15,HSI,恒生指数,17665.8,18343.12,18356.78,17552.3,4.57
2022-11-16,HSI,恒生指数,18169.21,18256.48,18414.09,18031.87,2.08
2022-11-17,HSI,恒生指数,18071.6,18045.66,18220.81,17711.84,2.79
2022-11-18,HSI,恒生指数,18316.36,17992.54,18378.06,17910.19,2.59
2022-11-21,HSI,恒生指数,17654.15,17655.91,17746.34,17389.45,1.98
2022-11-22,HSI,恒生指数,17625.19,17424.41,17751.93,17287.6,2.63
2022-11-23,HSI,恒生指数,17460.9,17523.81,17640.84,17375.96,1.52
2022-11-24,HSI,恒生指数,17684.53,17660.9,17759.24,17517.12,1.38
2022-11-25,HSI,恒生指数,17673.2,17573.58,17673.2,17412.04,1.48
2022-11-28,HSI,恒生指数,17000.23,17297.94,17364.21,16833.68,3.02
2022-11-29,HSI,恒生指数,17558.6,18204.68,18204.68,17536.45,3.86
2022-11-30,HSI,恒生指数,18141.56,18597.23,18645.35,18052.32,3.26
2022-12-01,HSI,恒生指数,19058.9,18736.44,19237.45,18679.35,3.0
2022-12-02,HSI,恒生指数,18785.28,18675.35,18841.22,18530.82,1.66
2022-12-05,HSI,恒生指数,19221.68,19518.29,19539.6,19035.14,2.7
2022-12-06,HSI,恒生指数,19211.7,19441.18,19569.67,19202.87,1.88
2022-12-07,HSI,恒生指数,19380.8,18814.82,19737.31,18799.81,4.82
2022-12-08,HSI,恒生指数,18965.05,19450.23,19521.6,18965.05,2.96
2022-12-09,HSI,恒生指数,19484.23,19900.87,19926.48,19404.5,2.68
2022-12-12,HSI,恒生指数,19594.52,19463.63,19718.08,19366.22,1.77
2022-12-13,HSI,恒生指数,19458.02,19596.2,19707.75,19382.3,1.67
2022-12-14,HSI,恒生指数,19775.33,19673.45,19859.75,19528.71,1.69
2022-12-15,HSI,恒生指数,19612.67,19368.59,19675.68,19233.86,2.25
2022-12-16,HSI,恒生指数,19343.7,19450.67,19621.13,19130.53,2.53
2022-12-19,HSI,恒生指数,19472.21,19352.81,19786.29,19255.95,2.73
2022-12-20,HSI,恒生指数,19156.94,19094.8,19283.14,18885.2,2.06
2022-12-21,HSI,恒生指数,19190.91,19160.49,19255.74,19063.3,1.01
2022-12-22,HSI,恒生指数,19537.45,19679.22,19735.0,19475.68,1.35
2022-12-23,HSI,恒生指数,19382.23,19593.06,19686.77,19380.47,1.56
2022-12-28,HSI,恒生指数,19787.94,19898.91,20099.77,19787.94,1.59
2022-12-29,HSI,恒生指数,19648.4,19741.14,19764.52,19539.84,1.13
2022-12-30,HSI,恒生指数,20030.85,19781.41,20073.92,19781.41,1.48
2023-01-03,HSI,恒生指数,19570.43,20145.29,20212.55,19303.73,4.59
2023-01-04,HSI,恒生指数,20319.98,20793.11,20793.11,20233.39,2.78
2023-01-05,HSI,恒生指数,21295.87,21052.17,21396.09,20962.4,2.09
2023-01-06,HSI,恒生指数,21220.89,20991.64,21282.71,20862.77,1.99
2023-01-09,HSI,恒生指数,21295.94,21388.34,21470.69,21216.92,1.21
2023-01-10,HSI,恒生指数,21370.42,21331.46,21395.42,21187.73,0.97
2023-01-11,HSI,恒生指数,21463.82,21436.05,21686.3,21327.41,1.68
2023-01-12,HSI,恒生指数,21599.82,21514.1,21698.94,21223.84,2.22
2023-01-13,HSI,恒生指数,21605.07,21738.66,21770.08,21474.98,1.37
2023-01-16,HSI,恒生指数,21818.65,21746.72,21947.55,21572.51,1.73
2023-01-17,HSI,恒生指数,21678.05,21577.64,21797.62,21417.25,1.75
2023-01-18,HSI,恒生指数,21514.8,21678.0,21691.67,21422.19,1.25
2023-01-19,HSI,恒生指数,21452.26,21650.98,21754.08,21383.03,1.71
2023-01-20,HSI,恒生指数,21812.46,22044.65,22051.77,21754.35,1.37
2023-01-26,HSI,恒生指数,22386.37,22566.78,22566.78,22329.07,1.08
2023-01-27,HSI,恒生指数,22614.92,22688.9,22700.85,22483.78,0.96
2023-01-30,HSI,恒生指数,22579.88,22069.73,22623.81,21992.51,2.78
2023-01-31,HSI,恒生指数,22190.27,21842.33,22284.32,21631.55,2.96
2023-02-01,HSI,恒生指数,21920.8,22072.18,22072.18,21703.6,1.69
2023-02-02,HSI,恒生指数,22276.23,21958.36,22311.96,21930.53,1.73
2023-02-03,HSI,恒生指数,21811.08,21660.47,21820.78,21459.65,1.64
2023-02-06,HSI,恒生指数,21349.17,21222.16,21349.17,21085.72,1.22
2023-02-07,HSI,恒生指数,21288.39,21298.7,21512.21,21259.21,1.19
2023-02-08,HSI,恒生指数,21283.9,21283.52,21443.48,21178.87,1.24
2023-02-09,HSI,恒生指数,21154.25,21624.36,21637.55,21151.27,2.28
2023-02-10,HSI,恒生指数,21559.44,21190.42,21579.99,21157.52,1.95
2023-02-13,HSI,恒生指数,20910.08,21164.42,21230.15,20799.91,2.03
2023-02-14,HSI,恒生指数,21235.92,21113.76,21237.88,21074.94,0.77
2023-02-15,HSI,恒生指数,21116.84,20812.17,21117.58,20726.83,1.85
2023-02-16,HSI,恒生指数,20947.07,20987.67,21306.54,20887.7,2.01
2023-02-17,HSI,恒生指数,20958.63,20719.81,21056.68,20703.74,1.68
2023-02-20,HSI,恒生指数,20681.47,20886.96,20973.67,20606.85,1.77
2023-02-21,HSI,恒生指数,20859.5,20529.49,20941.3,20503.05,2.1
2023-02-22,HSI,恒生指数,20512.49,20423.84,20620.98,20344.86,1.34
2023-02-23,HSI,恒生指数,20339.15,20351.35,20601.22,20323.24,1.36
2023-02-24,HSI,恒生指数,20223.67,20010.04,20233.64,20006.78,1.11
2023-02-27,HSI,恒生指数,19821.03,19943.51,20086.53,19804.56,1.41
2023-02-28,HSI,恒生指数,20020.17,19785.94,20185.05,19783.07,2.02
2023-03-01,HSI,恒生指数,19849.97,20619.71,20674.07,19849.97,4.17
2023-03-02,HSI,恒生指数,20390.02,20429.46,20548.57,20321.25,1.1
2023-03-03,HSI,恒生指数,20703.14,20567.54,20727.25,20498.16,1.12
2023-03-06,HSI,恒生指数,20437.87,20603.19,20702.75,20410.0,1.42
2023-03-07,HSI,恒生指数,20606.83,20534.48,21005.66,20358.78,3.14
2023-03-08,HSI,恒生指数,20256.89,20051.25,20269.93,19969.47,1.46
2023-03-09,HSI,恒生指数,20082.42,19925.74,20157.24,19907.58,1.25
2023-03-10,HSI,恒生指数,19580.78,19319.92,19637.72,19281.97,1.79
2023-03-13,HSI,恒生指数,19411.88,19695.97,19791.64,19390.38,2.08
2023-03-14,HSI,恒生指数,19524.51,19247.96,19639.52,19122.82,2.62
2023-03-15,HSI,恒生指数,19523.49,19539.87,19745.44,19431.09,1.63
2023-03-16,HSI,恒生指数,19197.97,19203.91,19388.77,19109.07,1.43
2023-03-17,HSI,恒生指数,19439.84,19518.59,19597.18,19303.29,1.53
2023-03-20,HSI,恒生指数,19352.9,19000.71,19382.97,18829.11,2.84
2023-03-21,HSI,恒生指数,19118.87,19258.76,19295.64,19018.1,1.46
2023-03-22,HSI,恒生指数,19428.36,19591.43,19775.69,19428.36,1.8
2023-03-23,HSI,恒生指数,19619.74,20049.64,20051.26,19523.5,2.69
2023-03-24,HSI,恒生指数,19919.65,19915.68,20118.29,19834.45,1.42
2023-03-27,HSI,恒生指数,19851.79,19567.69,19938.77,19509.49,2.16
2023-03-28,HSI,恒生指数,19688.31,19784.65,19875.11,19559.47,1.61
2023-03-29,HSI,恒生指数,20348.64,20192.4,20437.69,20107.73,1.67
2023-03-30,HSI,恒生指数,20216.79,20309.13,20320.02,20017.17,1.5
2023-03-31,HSI,恒生指数,20583.88,20400.11,20721.97,20357.41,1.8
2023-04-03,HSI,恒生指数,20379.5,20409.18,20475.43,20226.95,1.22
2023-04-04,HSI,恒生指数,20364.36,20274.59,20364.36,20126.9,1.16
2023-04-06,HSI,恒生指数,20146.22,20331.2,20343.86,20099.48,1.21
2023-04-11,HSI,恒生指数,20566.59,20485.24,20750.73,20293.37,2.25
2023-04-12,HSI,恒生指数,20481.53,20309.86,20494.81,20236.92,1.26
2023-04-13,HSI,恒生指数,19977.96,20344.48,20344.48,19885.53,2.26
2023-04-14,HSI,恒生指数,20422.72,20438.81,20482.68,20297.16,0.91
2023-04-17,HSI,恒生指数,20374.51,20782.45,20864.74,20299.15,2.77
2023-04-18,HSI,恒生指数,20643.41,20650.51,20742.39,20559.08,0.88
2023-04-19,HSI,恒生指数,20633.0,20367.76,20633.0,20336.71,1.43
2023-04-20,HSI,恒生指数,20354.83,20396.97,20472.5,20308.33,0.81
2023-04-21,HSI,恒生指数,20330.15,20075.73,20378.9,19974.91,1.98
2023-04-24,HSI,恒生指数,20049.87,19959.94,20146.37,19734.68,2.05
2023-04-25,HSI,恒生指数,19903.53,19617.88,19910.28,19527.63,1.92
2023-04-26,HSI,恒生指数,19520.97,19757.27,19903.73,19520.97,1.95
2023-04-27,HSI,恒生指数,19736.35,19840.28,19880.29,19662.6,1.1
2023-04-28,HSI,恒生指数,19936.02,19894.57,20167.88,19879.07,1.46
2023-05-02,HSI,恒生指数,20122.9,19933.81,20286.46,19761.13,2.64
2023-05-03,HSI,恒生指数,19686.15,19699.16,19721.96,19538.72,0.92
2023-05-04,HSI,恒生指数,19695.73,19948.73,19979.77,19695.73,1.44
2023-05-05,HSI,恒生指数,20061.0,20049.31,20208.75,19968.41,1.2
2023-05-08,HSI,恒生指数,20128.18,20297.03,20321.74,20081.7,1.2
2023-05-09,HSI,恒生指数,20252.13,19867.58,20297.83,19817.78,2.37
2023-05-10,HSI,恒生指数,19860.5,19762.2,19880.03,19696.59,0.92
2023-05-11,HSI,恒生指数,19842.98,19743.79,19854.49,19567.62,1.45
2023-05-12,HSI,恒生指数,19850.84,19627.24,19853.37,19596.49,1.3
2023-05-15,HSI,恒生指数,19525.06,19971.13,20063.35,19498.04,2.88
2023-05-16,HSI,恒生指数,20183.28,19978.25,20183.28,19891.49,1.46
2023-05-17,HSI,恒生指数,19956.13,19560.57,19987.93,19538.09,2.25
2023-05-18,HSI,恒生指数,19702.73,19727.25,19894.23,19630.76,1.35
2023-05-19,HSI,恒生指数,19535.49,19450.57,19610.72,19352.81,1.31
2023-05-22,HSI,恒生指数,19479.06,19678.17,19806.44,19410.07,2.04
2023-05-23,HSI,恒生指数,19713.46,19431.25,19769.14,19363.5,2.06
2023-05-24,HSI,恒生指数,19279.39,19115.93,19304.2,19046.8,1.32
2023-05-25,HSI,恒生指数,18930.23,18746.92,18930.23,18620.84,1.62
2023-05-29,HSI,恒生指数,18827.08,18551.11,18879.09,18517.86,1.93
2023-05-30,HSI,恒生指数,18574.19,18595.78,18666.71,18369.93,1.6
2023-05-31,HSI,恒生指数,18415.0,18234.27,18415.0,18044.86,1.99
2023-06-01,HSI,恒生指数,18190.27,18216.91,18465.64,18190.27,1.51
2023-06-02,HSI,恒生指数,18566.81,18949.94,19024.91,18548.3,2.62
2023-06-05,HSI,恒生指数,19014.96,19108.5,19123.8,18896.13,1.2
2023-06-06,HSI,恒生指数,19117.11,19099.28,19377.38,19033.85,1.8
2023-06-07,HSI,恒生指数,19327.15,19252.0,19410.48,19196.09,1.12
2023-06-08,HSI,恒生指数,19227.84,19299.18,19339.82,19087.66,1.31
2023-06-09,HSI,恒生指数,19333.43,19389.95,19463.61,19231.13,1.2
2023-06-12,HSI,恒生指数,19440.99,19404.31,19440.99,19255.65,0.96
2023-06-13,HSI,恒生指数,19355.65,19521.42,19572.42,19273.42,1.54
2023-06-14,HSI,恒生指数,19547.58,19408.42,19641.16,19352.34,1.48
2023-06-15,HSI,恒生指数,19626.8,19828.92,19832.2,19510.76,1.66
2023-06-16,HSI,恒生指数,19915.44,20040.37,20155.92,19876.42,1.41
2023-06-19,HSI,恒生指数,19983.4,19912.89,20000.22,19718.43,1.41
2023-06-20,HSI,恒生指数,19863.86,19607.08,19863.86,19504.63,1.8
2023-06-21,HSI,恒生指数,19305.24,19218.35,19377.69,19174.16,1.04
2023-06-23,HSI,恒生指数,19135.02,18889.97,19138.42,18800.34,1.76
2023-06-26,HSI,恒生指数,18845.9,18794.13,19001.62,18767.15,1.24
2023-06-27,HSI,恒生指数,18851.66,19148.13,19226.32,18842.42,2.04
2023-06-28,HSI,恒生指数,19099.39,19172.05,19222.13,19019.26,1.06
2023-06-29,HSI,恒生指数,19180.28,18934.36,19180.28,18837.32,1.79
2023-06-30,HSI,恒生指数,18881.43,18916.43,19070.11,18838.62,1.22
2023-07-03,HSI,恒生指数,19002.55,19306.59,19371.71,19002.55,1.95
2023-07-04,HSI,恒生指数,19289.06,19415.68,19449.11,19253.22,1.01
2023-07-05,HSI,恒生指数,19355.06,19110.38,19378.9,19095.6,1.46
2023-07-06,HSI,恒生指数,18840.41,18533.05,18973.01,18483.08,2.56
2023-07-07,HSI,恒生指数,18435.46,18365.7,18537.75,18279.73,1.39
2023-07-10,HSI,恒生指数,18747.5,18479.72,18781.21,18417.63,1.98
2023-07-11,HSI,恒生指数,18671.42,18659.83,18806.55,18573.67,1.26
2023-07-12,HSI,恒生指数,18797.01,18860.95,18932.18,18739.6,1.03
2023-07-13,HSI,恒生指数,19181.31,19350.62,19368.92,19163.21,1.09
2023-07-14,HSI,恒生指数,19534.82,19413.78,19534.82,19364.6,0.88
2023-07-18,HSI,恒生指数,19324.34,19015.72,19324.34,18979.92,1.77
2023-07-19,HSI,恒生指数,18826.59,18952.31,19004.42,18711.03,1.54
2023-07-20,HSI,恒生指数,19003.28,18928.02,19215.74,18888.76,1.73
2023-07-21,HSI,恒生指数,18918.7,19075.26,19169.75,18886.43,1.5
2023-07-24,HSI,恒生指数,18867.61,18668.15,18946.56,18562.12,2.02
2023-07-25,HSI,恒生指数,19172.28,19434.4,19465.27,19111.82,1.89
2023-07-26,HSI,恒生指数,19340.77,19365.14,19404.5,19245.66,0.82
2023-07-27,HSI,恒生指数,19502.09,19639.11,19685.79,19482.47,1.05
2023-07-28,HSI,恒生指数,19418.48,19916.56,19940.59,19381.9,2.84
2023-07-31,HSI,恒生指数,20237.53,20078.94,20361.03,20019.79,1.71
2023-08-01,HSI,恒生指数,20211.2,20011.12,20331.28,19891.81,2.19
2023-08-02,HSI,恒生指数,19902.77,19517.38,19981.0,19475.15,2.53
2023-08-03,HSI,恒生指数,19404.14,19420.87,19650.16,19369.06,1.44
2023-08-04,HSI,恒生指数,19671.13,19539.46,19857.39,19461.61,2.04
2023-08-07,HSI,恒生指数,19474.66,19537.92,19581.82,19352.35,1.17
2023-08-08,HSI,恒生指数,19308.55,19184.17,19370.8,19112.61,1.32
2023-08-09,HSI,恒生指数,19059.58,19246.03,19270.48,19056.1,1.12
2023-08-10,HSI,恒生指数,19125.0,19248.26,19315.17,19030.39,1.48
2023-08-11,HSI,恒生指数,19319.91,19075.19,19346.29,19049.92,1.54
2023-08-14,HSI,恒生指数,18697.33,18773.55,18792.72,18554.51,1.25
2023-08-15,HSI,恒生指数,18599.2,18581.11,18745.82,18513.78,1.24
2023-08-16,HSI,恒生指数,18356.65,18329.3,18440.96,18261.85,0.96
2023-08-17,HSI,恒生指数,18023.11,18326.63,18399.2,17900.77,2.72
2023-08-18,HSI,恒生指数,18208.98,17950.85,18336.41,17936.43,2.18
2023-08-21,HSI,恒生指数,17798.47,17623.29,17867.66,17587.38,1.56
2023-08-22,HSI,恒生指数,17641.86,17791.01,17965.26,17573.7,2.22
2023-08-23,HSI,恒生指数,17762.76,17845.92,18000.53,17730.79,1.52
2023-08-24,HSI,恒生指数,17992.73,18212.17,18272.95,17945.01,1.84
2023-08-25,HSI,恒生指数,18037.6,17956.38,18137.65,17956.38,1.0
2023-08-28,HSI,恒生指数,18519.08,18130.74,18564.43,18113.23,2.51
2023-08-29,HSI,恒生指数,18261.69,18484.03,18583.8,18239.92,1.9
2023-08-30,HSI,恒生指数,18659.96,18482.86,18742.14,18427.22,1.7
2023-08-31,HSI,恒生指数,18580.47,18382.06,18667.18,18312.76,1.92
2023-09-04,HSI,恒生指数,18592.53,18844.16,18899.49,18575.45,1.76
2023-09-05,HSI,恒生指数,18717.42,18456.91,18725.5,18431.72,1.56
2023-09-06,HSI,恒生指数,18405.09,18449.98,18492.59,18256.1,1.28
2023-09-07,HSI,恒生指数,18437.48,18202.07,18437.48,18173.44,1.43
2023-09-11,HSI,恒生指数,17941.65,18096.45,18164.61,17842.37,1.77
2023-09-12,HSI,恒生指数,18015.56,18025.89,18145.58,17892.01,1.4
2023-09-13,HSI,恒生指数,18131.1,18009.22,18200.52,17954.97,1.36
2023-09-14,HSI,恒生指数,18101.96,18047.92,18173.54,17928.63,1.36
2023-09-15,HSI,恒生指数,18154.01,18182.89,18372.65,18030.79,1.89
2023-09-18,HSI,恒生指数,18069.04,17930.55,18114.82,17894.81,1.21
2023-09-19,HSI,恒生指数,17942.07,17997.17,18004.74,17832.3,0.96
2023-09-20,HSI,恒生指数,17939.25,17885.6,17995.38,17833.2,0.9
2023-09-21,HSI,恒生指数,17795.8,17655.41,17823.82,17623.87,1.12
2023-09-22,HSI,恒生指数,17578.26,18057.45,18078.69,17573.81,2.86
2023-09-25,HSI,恒生指数,18046.89,17729.29,18046.89,17722.49,1.8
2023-09-26,HSI,恒生指数,17661.85,17466.9,17718.18,17379.44,1.91
2023-09-27,HSI,恒生指数,17472.11,17611.87,17655.31,17472.11,1.05
2023-09-28,HSI,恒生指数,17587.08,17373.03,17627.73,17352.83,1.56
2023-09-29,HSI,恒生指数,17484.95,17809.66,17935.15,17482.39,2.61
2023-10-03,HSI,恒生指数,17546.39,17331.22,17546.39,17212.87,1.87
2023-10-04,HSI,恒生指数,17266.82,17195.84,17266.82,17094.0,1.0
2023-10-05,HSI,恒生指数,17249.97,17213.87,17336.43,17197.61,0.81
2023-10-06,HSI,恒生指数,17370.03,17485.98,17603.8,17370.03,1.36
2023-10-09,HSI,恒生指数,17500.37,17517.4,17633.19,17447.76,1.06
2023-10-10,HSI,恒生指数,17726.63,17664.73,17916.62,17638.01,1.59
2023-10-11,HSI,恒生指数,17956.83,17893.1,18022.45,17889.71,0.75
2023-10-12,HSI,恒生指数,18258.26,18238.21,18290.91,18175.35,0.65
2023-10-13,HSI,恒生指数,17946.77,17813.45,18013.67,17776.95,1.3
2023-10-16,HSI,恒生指数,17803.31,17640.36,17858.18,17601.5,1.44
2023-10-17,HSI,恒生指数,17806.23,17773.34,17815.71,17671.99,0.81
2023-10-18,HSI,恒生指数,17728.25,17732.52,17831.18,17625.89,1.16
2023-10-19,HSI,恒生指数,17540.46,17295.89,17540.46,17292.36,1.4
2023-10-20,HSI,恒生指数,17127.26,17172.13,17309.74,17118.07,1.11
2023-10-24,HSI,恒生指数,17053.15,16991.53,17139.53,16879.66,1.51
2023-10-25,HSI,恒生指数,17465.43,17085.33,17465.82,17001.43,2.73
2023-10-26,HSI,恒生指数,17085.12,17044.61,17174.08,16917.22,1.5
2023-10-27,HSI,恒生指数,17160.23,17398.73,17497.72,17078.24,2.46
2023-10-30,HSI,恒生指数,17225.65,17406.36,17406.36,17225.65,1.04
2023-10-31,HSI,恒生指数,17337.7,17112.48,17337.7,17042.1,1.7
2023-11-01,HSI,恒生指数,17139.4,17101.78,17188.85,16979.26,1.22
2023-11-02,HSI,恒生指数,17282.39,17230.59,17459.43,17176.01,1.66
2023-11-03,HSI,恒生指数,17405.91,17664.12,17729.43,17352.6,2.19
2023-11-06,HSI,恒生指数,17913.54,17966.59,18037.94,17899.35,0.78
2023-11-07,HSI,恒生指数,17850.59,17670.16,17890.63,17658.91,1.29
2023-11-08,HSI,恒生指数,17650.51,17568.46,17753.59,17537.2,1.22
2023-11-09,HSI,恒生指数,17553.26,17511.29,17617.27,17457.0,0.91
2023-11-10,HSI,恒生指数,17350.87,17203.26,17350.87,17177.53,0.99
2023-11-13,HSI,恒生指数,17263.0,17426.21,17456.08,17126.61,1.92
2023-11-14,HSI,恒生指数,17495.1,17396.86,17565.22,17358.89,1.18
2023-11-15,HSI,恒生指数,17836.65,18079.0,18102.28,17766.22,1.93
2023-11-16,HSI,恒生指数,18174.69,17832.82,18174.69,17722.86,2.5
2023-11-17,HSI,恒生指数,17584.32,17454.19,17631.04,17413.46,1.22
2023-11-20,HSI,恒生指数,17625.84,17778.07,17788.9,17532.73,1.47
2023-11-21,HSI,恒生指数,17932.54,17733.89,18057.62,17689.01,2.07
2023-11-22,HSI,恒生指数,17736.4,17734.6,17796.86,17650.49,0.83
2023-11-23,HSI,恒生指数,17680.05,17910.84,17927.36,17577.31,1.97
2023-11-24,HSI,恒生指数,17771.75,17559.42,17771.75,17545.61,1.26
2023-11-27,HSI,恒生指数,17677.52,17525.06,17677.52,17358.24,1.82
2023-11-28,HSI,恒生指数,17541.48,17354.14,17541.48,17303.82,1.36
2023-11-29,HSI,恒生指数,17359.08,16993.44,17359.08,16881.98,2.75
2023-11-30,HSI,恒生指数,16985.18,17042.88,17068.26,16863.05,1.21
2023-12-01,HSI,恒生指数,17019.17,16830.3,17038.98,16830.3,1.22
2023-12-04,HSI,恒生指数,16919.08,16646.05,16941.91,16617.03,1.93
2023-12-05,HSI,恒生指数,16606.54,16327.86,16606.54,16228.52,2.27
2023-12-06,HSI,恒生指数,16311.96,16463.26,16600.36,16234.84,2.24
2023-12-07,HSI,恒生指数,16376.44,16345.89,16376.44,16157.98,1.33
2023-12-08,HSI,恒生指数,16373.44,16334.37,16464.14,16249.15,1.32
2023-12-11,HSI,恒生指数,16149.06,16201.49,16276.88,15972.31,1.86
2023-12-12,HSI,恒生指数,16236.06,16374.5,16420.97,16157.68,1.63
2023-12-13,HSI,恒生指数,16311.71,16228.75,16326.95,16145.25,1.11
2023-12-14,HSI,恒生指数,16419.74,16402.19,16577.75,16319.22,1.59
2023-12-15,HSI,恒生指数,16610.7,16792.19,16964.33,16610.7,2.16
2023-12-18,HSI,恒生指数,16669.82,16629.23,16713.41,16572.88,0.84
2023-12-19,HSI,恒生指数,16551.44,16505.0,16579.55,16408.02,1.03
2023-12-20,HSI,恒生指数,16647.95,16613.81,16741.05,16549.49,1.16
2023-12-21,HSI,恒生指数,16455.14,16621.13,16649.57,16444.73,1.23
2023-12-22,HSI,恒生指数,16743.06,16340.41,16857.84,16271.5,3.53
2023-12-27,HSI,恒生指数,16561.78,16624.84,16673.57,16439.26,1.43
2023-12-28,HSI,恒生指数,16678.23,17043.53,17086.1,16644.43,2.66
2023-12-29,HSI,恒生指数,17066.52,17047.39,17095.12,16950.9,0.85
2024-01-02,HSI,恒生指数,17135.12,16788.55,17135.12,16725.28,2.4
2024-01-03,HSI,恒生指数,16624.92,16646.41,16657.51,16564.8,0.55
2024-01-04,HSI,恒生指数,16673.4,16645.98,16673.4,16516.33,0.94
2024-01-05,HSI,恒生指数,16573.12,16535.33,16745.73,16455.57,1.74
2024-01-08,HSI,恒生指数,16581.86,16224.45,16592.06,16144.56,2.71
2024-01-09,HSI,恒生指数,16256.1,16190.02,16414.79,16190.02,1.39
2024-01-10,HSI,恒生指数,16143.97,16097.28,16247.3,16036.42,1.3
2024-01-11,HSI,恒生指数,16154.17,16302.04,16459.92,16106.83,2.19
2024-01-12,HSI,恒生指数,16216.97,16244.58,16393.74,16185.91,1.27
2024-01-15,HSI,恒生指数,16258.28,16216.33,16334.71,16104.5,1.42
2024-01-16,HSI,恒生指数,16030.25,15865.92,16197.04,15834.41,2.24
2024-01-17,HSI,恒生指数,15764.38,15276.9,15764.38,15194.94,3.59
2024-01-18,HSI,恒生指数,15301.19,15391.79,15463.69,15183.96,1.83
2024-01-19,HSI,恒生指数,15404.69,15308.69,15540.75,15207.99,2.16
2024-01-22,HSI,恒生指数,15349.05,14961.18,15362.91,14794.16,3.72
2024-01-23,HSI,恒生指数,15038.33,15353.98,15516.8,14994.37,3.49
2024-01-24,HSI,恒生指数,15602.45,15899.87,15975.11,15412.1,3.67
2024-01-25,HSI,恒生指数,15989.94,16211.96,16254.93,15828.93,2.68
2024-01-26,HSI,恒生指数,16158.72,15952.23,16240.96,15888.04,2.18
2024-01-29,HSI,恒生指数,16046.25,16077.24,16258.45,16012.59,1.54
2024-01-30,HSI,恒生指数,15896.66,15703.45,15896.66,15654.97,1.5
2024-01-31,HSI,恒生指数,15652.05,15485.07,15744.04,15411.66,2.12
2024-02-01,HSI,恒生指数,15522.86,15566.21,15805.06,15434.82,2.39
2024-02-02,HSI,恒生指数,15756.12,15533.56,15912.61,15435.85,3.06
2024-02-05,HSI,恒生指数,15336.86,15510.01,15669.77,15336.86,2.14
2024-02-06,HSI,恒生指数,15541.23,16136.87,16154.05,15541.23,3.95
2024-02-07,HSI,恒生指数,16282.39,16081.89,16408.15,16035.43,2.31
2024-02-08,HSI,恒生指数,15988.62,15878.07,16093.52,15821.86,1.69
2024-02-09,HSI,恒生指数,15709.3,15746.58,15754.01,15531.03,1.4
2024-02-14,HSI,恒生指数,15579.41,15879.38,15911.05,15456.32,2.89
2024-02-15,HSI,恒生指数,15824.21,15944.63,16029.02,15751.36,1.75
2024-02-16,HSI,恒生指数,16007.54,16339.96,16394.16,15937.28,2.87
2024-02-19,HSI,恒生指数,16334.47,16155.61,16334.47,16137.98,1.2
2024-02-20,HSI,恒生指数,16222.09,16247.51,16274.56,16055.08,1.36
2024-02-21,HSI,恒生指数,16182.93,16503.1,16756.01,16138.81,3.8
2024-02-22,HSI,恒生指数,16489.84,16742.95,16742.95,16424.79,1.93
2024-02-23,HSI,恒生指数,16654.68,16725.86,16895.82,16654.68,1.44
2024-02-26,HSI,恒生指数,16684.96,16634.74,16777.41,16590.71,1.12
2024-02-27,HSI,恒生指数,16645.63,16790.8,16828.67,16453.5,2.26
2024-02-28,HSI,恒生指数,16833.61,16536.85,16844.33,16517.84,1.94
2024-02-29,HSI,恒生指数,16429.57,16511.44,16695.36,16429.57,1.61
2024-03-01,HSI,恒生指数,16390.89,16589.44,16651.67,16321.12,2.0
2024-03-04,HSI,恒生指数,16629.55,16595.97,16645.96,16473.65,1.04
2024-03-05,HSI,恒生指数,16343.95,16162.64,16450.37,16095.68,2.14
2024-03-06,HSI,恒生指数,16167.45,16438.09,16545.05,16145.22,2.47
2024-03-07,HSI,恒生指数,16417.77,16229.78,16512.41,16136.12,2.29
2024-03-08,HSI,恒生指数,16275.39,16353.39,16489.73,16275.39,1.32
2024-03-11,HSI,恒生指数,16416.17,16587.57,16625.64,16416.17,1.28
2024-03-12,HSI,恒生指数,16701.95,17093.5,17154.87,16613.45,3.26
2024-03-13,HSI,恒生指数,17059.11,17082.11,17214.67,17050.87,0.96
2024-03-14,HSI,恒生指数,17120.54,16961.66,17209.82,16878.11,1.94
2024-03-15,HSI,恒生指数,16758.36,16720.89,16821.13,16550.42,1.6
2024-03-18,HSI,恒生指数,16690.26,16737.12,16801.64,16641.58,0.96
2024-03-19,HSI,恒生指数,16628.07,16529.48,16682.54,16492.09,1.14
2024-03-20,HSI,恒生指数,16559.01,16543.07,16654.08,16430.12,1.35
2024-03-21,HSI,恒生指数,16762.83,16863.1,16973.52,16762.83,1.27
2024-03-22,HSI,恒生指数,16745.27,16499.47,16747.2,16341.61,2.41
2024-03-25,HSI,恒生指数,16531.95,16473.64,16612.64,16441.3,1.04
2024-03-26,HSI,恒生指数,16548.5,16618.32,16728.9,16452.55,1.68
2024-03-27,HSI,恒生指数,16530.44,16392.84,16612.0,16354.81,1.55
2024-03-28,HSI,恒生指数,16378.4,16541.42,16725.61,16345.9,2.32
2024-04-02,HSI,恒生指数,16811.74,16931.52,17007.34,16811.74,1.18
2024-04-03,HSI,恒生指数,16926.85,16725.1,16926.85,16689.19,1.4
2024-04-05,HSI,恒生指数,16787.93,16723.92,16839.55,16480.36,2.15
2024-04-08,HSI,恒生指数,16650.83,16732.85,16895.06,16580.53,1.88
2024-04-09,HSI,恒生指数,16819.18,16828.07,17006.85,16805.99,1.2
2024-04-10,HSI,恒生指数,16926.02,17139.17,17190.5,16918.36,1.62
2024-04-11,HSI,恒生指数,16856.19,17095.03,17141.36,16856.19,1.66
2024-04-12,HSI,恒生指数,16978.7,16721.69,17031.31,16721.69,1.81
2024-04-15,HSI,恒生指数,16487.36,16600.46,16647.09,16465.4,1.09
2024-04-16,HSI,恒生指数,16367.69,16248.97,16449.24,16208.64,1.45
2024-04-17,HSI,恒生指数,16225.54,16251.84,16316.69,16155.83,0.99
2024-04-18,HSI,恒生指数,16253.24,16385.87,16507.6,16206.55,1.85
2024-04-19,HSI,恒生指数,16246.34,16224.14,16254.9,16044.45,1.28
2024-04-22,HSI,恒生指数,16410.83,16511.69,16637.82,16410.83,1.4
2024-04-23,HSI,恒生指数,16679.39,16828.93,16846.13,16599.21,1.5
2024-04-24,HSI,恒生指数,16993.17,17201.27,17217.86,16934.65,1.68
2024-04-25,HSI,恒生指数,17144.12,17284.54,17438.83,17109.57,1.91
2024-04-26,HSI,恒生指数,17336.2,17651.15,17758.24,17336.2,2.44
2024-04-29,HSI,恒生指数,17737.93,17746.91,18031.16,17679.19,1.99
2024-04-30,HSI,恒生指数,17843.44,17763.03,17902.02,17686.94,1.21
2024-05-02,HSI,恒生指数,17760.68,18207.13,18217.82,17740.62,2.69
2024-05-03,HSI,恒生指数,18543.3,18475.92,18604.17,18362.22,1.33
2024-05-06,HSI,恒生指数,18488.55,18578.3,18590.17,18389.54,1.09
2024-05-07,HSI,恒生指数,18577.55,18479.37,18638.81,18411.02,1.23
2024-05-08,HSI,恒生指数,18510.54,18313.86,18606.56,18298.36,1.67
2024-05-09,HSI,恒生指数,18306.25,18537.81,18560.76,18278.11,1.54
2024-05-10,HSI,恒生指数,18669.43,18963.68,18993.28,18657.51,1.81
2024-05-13,HSI,恒生指数,18904.58,19115.06,19123.48,18827.6,1.56
2024-05-14,HSI,恒生指数,19203.82,19073.71,19301.13,19072.64,1.2
2024-05-16,HSI,恒生指数,19262.79,19376.53,19442.9,19114.38,1.72
2024-05-17,HSI,恒生指数,19525.12,19553.61,19602.24,19342.96,1.34
2024-05-20,HSI,恒生指数,19621.43,19636.22,19706.12,19574.56,0.67
2024-05-21,HSI,恒生指数,19473.67,19220.62,19487.36,19175.8,1.59
2024-05-22,HSI,恒生指数,19225.26,19195.6,19359.68,19149.41,1.09
2024-05-23,HSI,恒生指数,19024.41,18868.71,19024.41,18776.21,1.29
2024-05-24,HSI,恒生指数,18742.28,18608.94,18867.91,18532.41,1.78
2024-05-27,HSI,恒生指数,18606.02,18827.35,18871.13,18504.53,1.97
2024-05-28,HSI,恒生指数,18814.01,18821.16,19000.52,18776.1,1.19
2024-05-29,HSI,恒生指数,18659.41,18477.01,18694.55,18425.09,1.43
2024-05-30,HSI,恒生指数,18423.78,18230.19,18537.92,18163.21,2.03
2024-05-31,HSI,恒生指数,18409.62,18079.61,18551.18,18077.39,2.6
2024-06-03,HSI,恒生指数,18283.56,18403.04,18573.81,18283.56,1.61
2024-06-04,HSI,恒生指数,18335.45,18444.11,18541.03,18335.45,1.12
2024-06-05,HSI,恒生指数,18489.78,18424.96,18724.62,18375.27,1.89
2024-06-06,HSI,恒生指数,18577.58,18476.8,18700.68,18383.8,1.72
2024-06-07,HSI,恒生指数,18562.48,18366.95,18575.69,18302.33,1.48
2024-06-11,HSI,恒生指数,18163.12,18176.34,18267.69,17994.1,1.49
2024-06-12,HSI,恒生指数,18032.4,17937.84,18063.72,17848.76,1.18
2024-06-13,HSI,恒生指数,18104.13,18112.63,18173.53,17971.57,1.13
2024-06-14,HSI,恒生指数,18028.07,17941.78,18109.89,17927.16,1.01
2024-06-17,HSI,恒生指数,17848.87,17936.12,18122.8,17752.96,2.06
2024-06-18,HSI,恒生指数,17961.89,17915.55,18043.48,17854.79,1.05
2024-06-19,HSI,恒生指数,18056.22,18430.39,18448.66,18039.01,2.29
2024-06-20,HSI,恒生指数,18453.63,18335.32,18520.37,18274.2,1.34
2024-06-21,HSI,恒生指数,18199.14,18028.52,18240.13,17968.37,1.48
2024-06-24,HSI,恒生指数,17906.36,18027.71,18032.67,17789.57,1.35
2024-06-25,HSI,恒生指数,18088.02,18072.9,18231.46,17959.07,1.51
2024-06-26,HSI,恒生指数,17934.63,18089.93,18156.35,17934.63,1.23
2024-06-27,HSI,恒生指数,17946.0,17716.47,17961.92,17677.33,1.57
2024-06-28,HSI,恒生指数,17583.19,17718.61,17865.47,17583.19,1.59
2024-07-02,HSI,恒生指数,17669.42,17769.14,17986.14,17669.42,1.79
2024-07-03,HSI,恒生指数,17841.77,17978.57,18017.76,17808.27,1.18
2024-07-04,HSI,恒生指数,18079.72,18028.28,18133.3,17942.08,1.06
2024-07-05,HSI,恒生指数,18035.77,17799.61,18105.01,17799.61,1.69
2024-07-08,HSI,恒生指数,17667.97,17524.06,17735.58,17453.56,1.58
2024-07-09,HSI,恒生指数,17481.0,17523.23,17617.64,17376.48,1.38
2024-07-10,HSI,恒生指数,17613.5,17471.67,17765.88,17455.08,1.77
2024-07-11,HSI,恒生指数,17629.13,17832.33,17864.09,17621.05,1.39
2024-07-12,HSI,恒生指数,18020.17,18293.38,18317.31,18020.17,1.67
2024-07-15,HSI,恒生指数,18201.48,18015.94,18243.39,17946.49,1.62
2024-07-16,HSI,恒生指数,17845.06,17727.98,17899.55,17727.98,0.95
2024-07-17,HSI,恒生指数,17741.77,17739.41,17807.68,17658.68,0.84
2024-07-18,HSI,恒生指数,17653.23,17778.41,17864.12,17623.74,1.36
2024-07-19,HSI,恒生指数,17603.8,17417.68,17629.97,17376.23,1.43
2024-07-22,HSI,恒生指数,17465.13,17635.88,17693.35,17313.88,2.18
2024-07-23,HSI,恒生指数,17679.55,17469.36,17707.68,17451.86,1.45
2024-07-24,HSI,恒生指数,17454.43,17311.05,17516.95,17251.26,1.52
2024-07-25,HSI,恒生指数,17260.83,17004.97,17288.46,16964.52,1.87
2024-07-26,HSI,恒生指数,17079.67,17021.31,17229.19,16924.58,1.79
2024-07-29,HSI,恒生指数,17196.45,17238.34,17358.66,17154.12,1.2
2024-07-30,HSI,恒生指数,17194.37,17002.91,17194.37,16971.6,1.29
2024-07-31,HSI,恒生指数,17070.86,17344.6,17400.24,17015.83,2.26
2024-08-01,HSI,恒生指数,17327.85,17304.96,17408.95,17248.12,0.93
2024-08-02,HSI,恒生指数,17025.26,16945.51,17075.52,16865.93,1.21
2024-08-05,HSI,恒生指数,16676.82,16698.36,16944.59,16441.44,2.97
2024-08-06,HSI,恒生指数,16861.3,16647.34,16908.97,16611.14,1.78
2024-08-07,HSI,恒生指数,16684.78,16877.86,16988.26,16684.78,1.82
2024-08-08,HSI,恒生指数,16773.04,16891.83,17023.1,16665.06,2.12
2024-08-09,HSI,恒生指数,17097.36,17090.23,17252.22,17079.35,1.02
2024-08-12,HSI,恒生指数,17102.98,17111.65,17162.76,17002.93,0.94
2024-08-13,HSI,恒生指数,17160.21,17174.06,17252.88,17074.69,1.04
2024-08-14,HSI,恒生指数,17233.68,17113.36,17254.23,17055.7,1.16
2024-08-15,HSI,恒生指数,17008.21,17109.14,17283.65,16926.47,2.09
2024-08-16,HSI,恒生指数,17286.04,17430.16,17473.89,17255.86,1.27
2024-08-19,HSI,恒生指数,17569.66,17569.57,17685.86,17547.65,0.79
2024-08-20,HSI,恒生指数,17661.69,17511.08,17661.69,17449.99,1.2
2024-08-21,HSI,恒生指数,17313.86,17391.01,17415.48,17232.13,1.05
2024-08-22,HSI,恒生指数,17497.63,17641.0,17652.8,17389.94,1.51
2024-08-23,HSI,恒生指数,17521.18,17612.1,17635.7,17493.08,0.81
2024-08-26,HSI,恒生指数,17709.27,17798.73,17826.05,17709.27,0.66
2024-08-27,HSI,恒生指数,17663.8,17874.67,17879.27,17624.42,1.43
2024-08-28,HSI,恒生指数,17847.99,17692.45,17879.01,17659.29,1.23
2024-08-29,HSI,恒生指数,17614.41,17786.32,17797.17,17502.53,1.67
2024-08-30,HSI,恒生指数,17794.41,17989.07,18202.6,17778.1,2.39
2024-09-02,HSI,恒生指数,17862.59,17691.97,17862.59,17645.92,1.2
2024-09-03,HSI,恒生指数,17665.93,17651.49,17725.51,17583.7,0.8
2024-09-04,HSI,恒生指数,17474.74,17457.34,17531.05,17333.3,1.12
2024-09-05,HSI,恒生指数,17469.96,17444.3,17555.61,17332.49,1.28
2024-09-09,HSI,恒生指数,17261.89,17196.96,17305.91,17067.45,1.37
2024-09-10,HSI,恒生指数,17205.42,17234.09,17297.95,17133.5,0.96
2024-09-11,HSI,恒生指数,17051.84,17108.71,17124.96,16964.28,0.93
2024-09-12,HSI,恒生指数,17177.3,17240.39,17334.19,17127.25,1.21
2024-09-13,HSI,恒生指数,17298.35,17369.09,17540.81,17298.35,1.41
2024-09-16,HSI,恒生指数,17252.77,17422.12,17422.12,17177.08,1.41
2024-09-17,HSI,恒生指数,17386.75,17660.02,17715.77,17368.14,2.0
2024-09-19,HSI,恒生指数,17633.93,18013.16,18071.1,17602.45,2.65
2024-09-20,HSI,恒生指数,18069.33,18258.57,18355.15,18047.13,1.71
2024-09-23,HSI,恒生指数,18237.41,18247.11,18426.92,18212.58,1.17
2024-09-24,HSI,恒生指数,18573.92,19000.56,19002.05,18532.28,2.57
2024-09-25,HSI,恒生指数,19592.43,19129.1,19592.43,19072.72,2.74
2024-09-26,HSI,恒生指数,19302.57,19924.58,19954.06,19176.58,4.06
2024-09-27,HSI,恒生指数,20446.74,20632.3,20743.2,20268.63,2.38
2024-09-30,HSI,恒生指数,21175.41,21133.68,21488.75,20789.93,3.39
2024-10-02,HSI,恒生指数,21289.6,22443.73,22667.74,21289.6,6.52
2024-10-03,HSI,恒生指数,22484.04,22113.51,22484.04,21442.25,4.64
2024-10-04,HSI,恒生指数,22015.08,22736.87,22742.36,21824.68,4.15
2024-10-07,HSI,恒生指数,22948.35,23099.78,23241.74,22719.91,2.3
2024-10-08,HSI,恒生指数,22849.23,20926.79,22902.36,20762.82,9.26
2024-10-09,HSI,恒生指数,21290.04,20637.24,21417.75,20190.53,5.86
2024-10-10,HSI,恒生指数,21046.0,21251.98,21622.65,20983.94,3.09
2024-10-14,HSI,恒生指数,21228.65,21092.87,21348.86,20693.75,3.08
2024-10-15,HSI,恒生指数,21046.19,20318.79,21095.01,20154.71,4.46
2024-10-16,HSI,恒生指数,20144.75,20286.85,20548.18,20131.34,2.05
2024-10-17,HSI,恒生指数,20471.99,20079.1,20783.35,19977.35,3.97
2024-10-18,HSI,恒生指数,20106.65,20804.11,20952.99,20058.67,4.45
2024-10-21,HSI,恒生指数,20730.95,20478.46,20845.57,20423.09,2.03
2024-10-22,HSI,恒生指数,20433.49,20498.95,20629.48,20380.04,1.22
2024-10-23,HSI,恒生指数,20525.44,20760.15,20942.26,20448.84,2.41
2024-10-24,HSI,恒生指数,20576.05,20489.62,20685.46,20448.46,1.14
2024-10-25,HSI,恒生指数,20521.95,20590.15,20784.47,20521.95,1.28
2024-10-28,HSI,恒生指数,20592.74,20599.36,20669.41,20428.94,1.17
2024-10-29,HSI,恒生指数,20729.98,20701.14,20890.08,20563.74,1.58
2024-10-30,HSI,恒生指数,20586.55,20380.64,20681.52,20270.07,1.99
2024-10-31,HSI,恒生指数,20414.2,20317.33,20553.3,20317.33,1.16
2024-11-01,HSI,恒生指数,20427.88,20506.43,20667.22,20353.34,1.54
2024-11-04,HSI,恒生指数,20584.45,20567.52,20633.58,20446.26,0.91
2024-11-05,HSI,恒生指数,20409.94,21006.97,21006.97,20409.94,2.9
2024-11-06,HSI,恒生指数,20791.8,20538.38,20859.66,20361.92,2.37
2024-11-07,HSI,恒生指数,20386.36,20953.34,20986.31,20370.44,3.0
2024-11-08,HSI,恒生指数,21199.96,20728.19,21355.44,20705.12,3.1
2024-11-11,HSI,恒生指数,20258.14,20426.93,20505.01,20151.38,1.71
2024-11-12,HSI,恒生指数,20334.09,19846.88,20517.24,19761.31,3.7
2024-11-13,HSI,恒生指数,19671.92,19823.45,19840.28,19608.32,1.17
2024-11-14,HSI,恒生指数,19626.26,19435.81,19859.17,19392.59,2.35
2024-11-15,HSI,恒生指数,19503.03,19426.34,19608.24,19332.34,1.42
2024-11-18,HSI,恒生指数,19595.5,19576.61,19781.08,19470.43,1.6
2024-11-19,HSI,恒生指数,19699.81,19663.67,19758.57,19522.59,1.21
2024-11-20,HSI,恒生指数,19623.39,19705.01,19752.93,19575.91,0.9
2024-11-21,HSI,恒生指数,19646.04,19601.11,19764.62,19552.5,1.08
2024-11-22,HSI,恒生指数,19613.55,19229.97,19711.4,19134.59,2.94
2024-11-25,HSI,恒生指数,19307.34,19150.99,19351.06,19102.06,1.29
2024-11-26,HSI,恒生指数,19054.4,19159.2,19295.75,19054.4,1.26
2024-11-27,HSI,恒生指数,19187.05,19603.13,19660.99,19061.6,3.13
2024-11-28,HSI,恒生指数,19558.18,19366.96,19558.18,19312.26,1.25
2024-11-29,HSI,恒生指数,19346.62,19423.61,19658.2,19312.41,1.79
2024-12-02,HSI,恒生指数,19442.31,19550.29,19690.22,19387.2,1.56
2024-12-03,HSI,恒生指数,19585.35,19746.32,19768.32,19386.82,1.95
2024-12-04,HSI,恒生指数,19722.15,19742.46,19823.09,19615.61,1.05
2024-12-05,HSI,恒生指数,19578.66,19560.44,19642.73,19466.69,0.89
2024-12-06,HSI,恒生指数,19611.62,19865.85,19934.72,19566.29,1.88
2024-12-09,HSI,恒生指数,19732.28,20414.09,20433.73,19695.51,3.72
2024-12-10,HSI,恒生指数,21070.05,20311.28,21070.05,20308.86,3.73
2024-12-11,HSI,恒生指数,20404.5,20155.05,20481.37,20100.07,1.88
2024-12-12,HSI,恒生指数,20213.24,20397.05,20546.44,20121.47,2.11
2024-12-13,HSI,恒生指数,20238.21,19971.24,20238.21,19927.27,1.52
2024-12-16,HSI,恒生指数,19947.23,19795.49,20049.21,19726.15,1.62
2024-12-17,HSI,恒生指数,19678.03,19700.48,19930.83,19620.63,1.57
2024-12-18,HSI,恒生指数,19884.54,19864.55,19953.53,19802.22,0.77
2024-12-19,HSI,恒生指数,19610.1,19752.51,19849.03,19591.49,1.3
2024-12-20,HSI,恒生指数,19697.06,19720.7,19875.9,19692.68,0.93
2024-12-23,HSI,恒生指数,19843.65,19883.13,19937.39,19746.46,0.97
2024-12-24,HSI,恒生指数,19911.5,20098.29,20165.46,19908.57,1.29
2024-12-27,HSI,恒生指数,20083.44,20090.46,20184.88,20009.95,0.87
2024-12-30,HSI,恒生指数,20124.75,20041.42,20193.09,19968.07,1.12
2024-12-31,HSI,恒生指数,20003.36,20059.95,20180.4,20003.36,0.88
2025-01-02,HSI,恒生指数,19932.8,19623.32,19932.8,19542.98,1.94
2025-01-03,HSI,恒生指数,19708.74,19760.27,19891.86,19634.07,1.31
2025-01-06,HSI,恒生指数,19848.71,19688.29,19851.55,19627.84,1.13
2025-01-07,HSI,恒生指数,19501.45,19447.58,19668.65,19252.61,2.11
2025-01-08,HSI,恒生指数,19390.76,19279.84,19483.59,19111.54,1.91
2025-01-09,HSI,恒生指数,19254.38,19240.89,19405.74,19227.73,0.92
2025-01-10,HSI,恒生指数,19328.07,19064.29,19370.49,19036.64,1.74
2025-01-13,HSI,恒生指数,18918.15,18874.14,18929.12,18671.49,1.35
2025-01-14,HSI,恒生指数,18901.56,19219.78,19318.36,18901.56,2.21
2025-01-15,HSI,恒生指数,19149.94,19286.07,19319.22,19149.94,0.88
2025-01-16,HSI,恒生指数,19454.92,19522.89,19664.39,19345.19,1.66
2025-01-17,HSI,恒生指数,19499.1,19584.06,19640.37,19423.7,1.11
2025-01-20,HSI,恒生指数,19804.64,19925.81,20093.65,19786.73,1.57
2025-01-21,HSI,恒生指数,20128.34,20106.55,20205.25,19920.31,1.43
2025-01-22,HSI,恒生指数,19997.09,19778.77,20022.34,19733.21,1.44
2025-01-23,HSI,恒生指数,19881.32,19700.56,20044.06,19644.83,2.02
2025-01-24,HSI,恒生指数,19842.85,20066.19,20144.0,19768.13,1.91
2025-01-27,HSI,恒生指数,20118.02,20197.77,20296.94,20118.02,0.89
2025-01-28,HSI,恒生指数,20337.46,20225.11,20337.46,20165.73,0.85
2025-02-03,HSI,恒生指数,20048.87,20217.26,20222.0,19764.67,2.26
2025-02-04,HSI,恒生指数,20488.29,20789.96,20885.49,20297.64,2.91
2025-02-05,HSI,恒生指数,20827.77,20597.09,20827.77,20417.39,1.97
2025-02-06,HSI,恒生指数,20598.98,20891.62,20891.62,20532.06,1.75
2025-02-07,HSI,恒生指数,20858.52,21133.54,21213.7,20806.1,1.95
2025-02-10,HSI,恒生指数,21223.61,21521.98,21539.63,21223.61,1.5
2025-02-11,HSI,恒生指数,21656.82,21294.86,21682.41,21279.37,1.87
2025-02-12,HSI,恒生指数,21526.41,21857.92,21858.83,21411.09,2.1
2025-02-13,HSI,恒生指数,21958.69,21814.37,22523.57,21735.56,3.61
2025-02-14,HSI,恒生指数,22027.07,22620.33,22620.33,22027.07,2.72
2025-02-17,HSI,恒生指数,22755.06,22616.23,22977.25,22319.32,2.91
2025-02-18,HSI,恒生指数,22664.73,22976.81,23141.41,22608.18,2.36
2025-02-19,HSI,恒生指数,22777.46,22944.24,22975.34,22649.49,1.42
2025-02-20,HSI,恒生指数,22716.71,22576.98,22849.66,22436.13,1.8
2025-02-21,HSI,恒生指数,23090.03,23477.92,23477.92,22901.69,2.55
2025-02-24,HSI,恒生指数,23472.14,23341.61,23688.45,23221.57,1.99
2025-02-25,HSI,恒生指数,22716.48,23034.02,23248.52,22716.48,2.28
2025-02-26,HSI,恒生指数,23238.34,23787.93,23973.17,23238.34,3.19
2025-02-27,HSI,恒生指数,23783.75,23718.29,24076.53,23441.74,2.67
2025-02-28,HSI,恒生指数,23616.18,22941.32,23616.18,22798.34,3.45
2025-03-03,HSI,恒生指数,23135.12,23006.27,23405.98,22861.75,2.37
2025-03-04,HSI,恒生指数,22678.25,22941.77,23051.01,22547.53,2.19
2025-03-05,HSI,恒生指数,23200.42,23594.21,23636.65,23090.63,2.38
2025-03-06,HSI,恒生指数,23987.09,24369.71,24410.93,23987.09,1.8
2025-03-07,HSI,恒生指数,24182.02,24231.3,24669.62,24065.01,2.48
2025-03-10,HSI,恒生指数,24115.98,23783.49,24292.8,23632.42,2.73
2025-03-11,HSI,恒生指数,23274.86,23782.14,23858.61,23238.36,2.61
2025-03-12,HSI,恒生指数,23859.23,23600.31,23962.03,23363.98,2.51
2025-03-13,HSI,恒生指数,23616.33,23462.65,23712.61,23198.73,2.18
2025-03-14,HSI,恒生指数,23653.33,23959.98,24113.53,23454.49,2.81
2025-03-17,HSI,恒生指数,24226.0,24145.57,24352.47,24077.15,1.15
2025-03-18,HSI,恒生指数,24679.35,24740.57,24745.13,24475.26,1.12
2025-03-19,HSI,恒生指数,24697.63,24771.14,24874.39,24601.73,1.1
2025-03-20,HSI,恒生指数,24753.15,24219.95,24753.15,24186.69,2.29
2025-03-21,HSI,恒生指数,24109.07,23689.72,24230.72,23577.78,2.7
2025-03-24,HSI,恒生指数,23749.58,23905.56,23967.51,23531.2,1.84
2025-03-25,HSI,恒生指数,23643.32,23344.25,23747.32,23321.67,1.78
2025-03-26,HSI,恒生指数,23460.31,23483.32,23596.85,23350.73,1.05
2025-03-27,HSI,恒生指数,23543.86,23578.8,23865.62,23372.36,2.1
2025-03-28,HSI,恒生指数,23672.82,23426.6,23775.3,23254.3,2.21
2025-03-31,HSI,恒生指数,23207.07,23119.58,23399.73,23002.81,1.69
2025-04-01,HSI,恒生指数,23217.11,23206.84,23456.58,23123.35,1.44
2025-04-02,HSI,恒生指数,23167.31,23202.53,23393.03,22980.96,1.78
2025-04-03,HSI,恒生指数,22638.21,22849.81,22998.3,22638.21,1.55
2025-04-07,HSI,恒生指数,20730.05,19828.3,21047.83,19706.03,5.87
2025-04-08,HSI,恒生指数,20157.52,20127.68,20454.26,19745.14,3.58
2025-04-09,HSI,恒生指数,19494.92,20264.49,20441.14,19260.21,5.87
2025-04-10,HSI,恒生指数,20810.43,20681.78,21211.13,20530.43,3.36
2025-04-11,HSI,恒生指数,20557.49,20914.69,21127.37,20444.04,3.3
2025-04-14,HSI,恒生指数,21363.88,21417.4,21517.32,21224.55,1.4
2025-04-15,HSI,恒生指数,21603.52,21466.27,21603.52,21297.59,1.43
2025-04-16,HSI,恒生指数,21316.47,21056.98,21363.57,20868.36,2.31
2025-04-17,HSI,恒生指数,21066.81,21395.14,21417.64,21039.16,1.8
2025-04-22,HSI,恒生指数,21303.51,21562.32,21592.67,21191.02,1.88
2025-04-23,HSI,恒生指数,22080.19,22072.62,22138.81,21862.87,1.28
2025-04-24,HSI,恒生指数,22030.15,21909.76,22093.68,21712.1,1.73
2025-04-25,HSI,恒生指数,22080.44,21980.74,22267.96,21923.9,1.57
2025-04-28,HSI,恒生指数,22072.35,21971.96,22072.35,21817.85,1.16
2025-04-29,HSI,恒生指数,22073.36,22008.11,22213.51,21918.1,1.34
2025-04-30,HSI,恒生指数,22038.73,22119.41,22129.31,21848.33,1.28
2025-05-02,HSI,恒生指数,22192.51,22504.68,22532.54,22058.3,2.14
2025-05-06,HSI,恒生指数,22576.56,22662.71,22747.63,22449.16,1.33
2025-05-07,HSI,恒生指数,23169.83,22691.88,23197.57,22691.88,2.23
2025-05-08,HSI,恒生指数,22589.13,22775.92,22979.29,22589.13,1.72
2025-05-09,HSI,恒生指数,22856.21,22867.74,22907.91,22692.44,0.95
2025-05-12,HSI,恒生指数,23183.81,23549.46,23685.34,22982.91,3.07
2025-05-13,HSI,恒生指数,23494.44,23108.27,23494.44,23070.48,1.8
2025-05-14,HSI,恒生指数,23316.45,23640.65,23640.65,23278.22,1.57
2025-05-15,HSI,恒生指数,23644.4,23453.16,23710.82,23371.73,1.43
2025-05-16,HSI,恒生指数,23249.16,23345.05,23374.7,23190.31,0.79
2025-05-19,HSI,恒生指数,23156.27,23332.72,23402.2,23059.89,1.47
2025-05-20,HSI,恒生指数,23398.35,23681.48,23709.04,23357.0,1.51
2025-05-21,HSI,恒生指数,23736.43,23827.78,23917.0,23697.76,0.93
2025-05-22,HSI,恒生指数,23748.58,23544.31,23778.24,23470.81,1.29
2025-05-23,HSI,恒生指数,23557.38,23601.26,23749.38,23487.4,1.11
2025-05-26,HSI,恒生指数,23505.9,23282.33,23571.02,23234.27,1.43
2025-05-27,HSI,恒生指数,23216.87,23381.99,23419.55,23167.56,1.08
2025-05-28,HSI,恒生指数,23385.18,23258.31,23476.22,23180.17,1.27
2025-05-29,HSI,恒生指数,23240.71,23573.38,23603.82,23207.37,1.7
2025-05-30,HSI,恒生指数,23339.64,23289.77,23375.34,23163.22,0.9
2025-06-02,HSI,恒生指数,23043.1,23157.97,23163.35,22668.35,2.13
2025-06-03,HSI,恒生指数,23281.1,23512.49,23535.37,23281.1,1.1
2025-06-04,HSI,恒生指数,23499.78,23654.03,23716.93,23481.46,1.0
2025-06-05,HSI,恒生指数,23828.69,23906.97,23911.14,23732.31,0.76
2025-06-06,HSI,恒生指数,23941.57,23792.54,23951.14,23773.36,0.74
2025-06-09,HSI,恒生指数,23977.54,24181.43,24181.43,23957.96,0.94
2025-06-10,HSI,恒生指数,24231.31,24162.87,24296.47,24003.38,1.21
2025-06-11,HSI,恒生指数,24191.32,24366.94,24439.35,24179.35,1.08
2025-06-12,HSI,恒生指数,24223.12,24035.38,24288.76,24002.42,1.18
2025-06-13,HSI,恒生指数,23959.81,23892.56,24100.32,23774.92,1.35
2025-06-16,HSI,恒生指数,23791.79,24060.99,24125.05,23718.72,1.7
2025-06-17,HSI,恒生指数,24107.34,23980.3,24131.44,23880.67,1.04
2025-06-18,HSI,恒生指数,23859.55,23710.69,23880.24,23631.48,1.04
2025-06-19,HSI,恒生指数,23620.02,23237.74,23653.55,23185.58,1.97
2025-06-20,HSI,恒生指数,23291.4,23530.48,23538.63,23291.4,1.06
2025-06-23,HSI,恒生指数,23335.51,23689.13,23689.13,23272.75,1.77
2025-06-24,HSI,恒生指数,23832.73,24177.07,24229.21,23832.73,1.67
2025-06-25,HSI,恒生指数,24327.82,24474.67,24533.39,24287.86,1.02
2025-06-26,HSI,恒生指数,24345.29,24325.4,24411.48,24235.54,0.72
2025-06-27,HSI,恒生指数,24451.19,24284.15,24471.53,24194.85,1.14
2025-06-30,HSI,恒生指数,24274.91,24072.28,24274.91,24064.26,0.87
2025-07-02,HSI,恒生指数,24304.31,24221.41,24372.7,24122.57,1.04
2025-07-03,HSI,恒生指数,24234.28,24069.94,24269.14,23920.0,1.44
2025-07-04,HSI,恒生指数,23900.69,23916.06,24068.51,23690.94,1.57
2025-07-07,HSI,恒生指数,23828.85,23887.83,23910.95,23713.78,0.82
2025-07-08,HSI,恒生指数,23927.53,24148.07,24159.01,23899.6,1.09
2025-07-09,HSI,恒生指数,24061.08,23892.32,24061.08,23827.15,0.97
2025-07-10,HSI,恒生指数,23865.64,24028.37,24087.59,23820.58,1.12
2025-07-11,HSI,恒生指数,24033.12,24139.57,24506.3,24033.12,1.97
2025-07-14,HSI,恒生指数,24100.57,24203.32,24267.84,24097.32,0.71
2025-07-15,HSI,恒生指数,24281.94,24590.12,24590.12,24141.88,1.85
2025-07-16,HSI,恒生指数,24704.05,24517.76,24867.81,24517.75,1.42
2025-07-17,HSI,恒生指数,24547.08,24498.95,24672.51,24447.93,0.92
2025-07-18,HSI,恒生指数,24757.83,24825.66,24825.66,24630.79,0.8
2025-07-21,HSI,恒生指数,24991.14,24994.14,25010.9,24844.8,0.67
2025-07-22,HSI,恒生指数,25024.93,25130.03,25130.03,24900.59,0.92
2025-07-23,HSI,恒生指数,25348.3,25538.07,25538.07,25228.01,1.23
2025-07-24,HSI,恒生指数,25528.22,25667.18,25735.89,25502.49,0.91
2025-07-25,HSI,恒生指数,25531.59,25388.35,25585.73,25355.31,0.9
2025-07-28,HSI,恒生指数,25458.87,25562.13,25667.4,25399.36,1.06
2025-07-29,HSI,恒生指数,25454.83,25524.45,25530.42,25252.32,1.09
2025-07-30,HSI,恒生指数,25335.21,25176.93,25499.57,25082.2,1.64
2025-07-31,HSI,恒生指数,24982.87,24773.33,25000.06,24744.92,1.01
2025-08-01,HSI,恒生指数,24744.34,24507.81,24856.54,24507.63,1.41
2025-08-04,HSI,恒生指数,24431.88,24733.45,24748.76,24372.51,1.54
2025-08-05,HSI,恒生指数,24746.81,24902.53,24925.9,24686.85,0.97
2025-08-06,HSI,恒生指数,24864.15,24910.63,25002.97,24806.46,0.79
2025-08-07,HSI,恒生指数,24982.5,25081.63,25115.16,24820.6,1.18
2025-08-08,HSI,恒生指数,24968.31,24858.82,24999.11,24812.12,0.75
2025-08-11,HSI,恒生指数,24946.55,24906.81,24969.3,24775.73,0.78
2025-08-12,HSI,恒生指数,24824.07,24969.68,25016.29,24801.13,0.86
2025-08-13,HSI,恒生指数,25176.52,25613.67,25613.67,25176.52,1.75
2025-08-14,HSI,恒生指数,25766.62,25519.32,25766.62,25449.8,1.24
2025-08-15,HSI,恒生指数,25322.1,25270.07,25356.54,25167.81,0.74
2025-08-18,HSI,恒生指数,25293.34,25176.85,25466.1,25176.85,1.14
2025-08-19,HSI,恒生指数,25241.29,25122.9,25260.58,25083.2,0.7
2025-08-20,HSI,恒生指数,24968.57,25165.94,25210.9,24887.93,1.29
2025-08-21,HSI,恒生指数,25216.42,25104.61,25216.42,25000.85,0.86
2025-08-22,HSI,恒生指数,25205.04,25339.14,25349.08,25140.08,0.83
2025-08-25,HSI,恒生指数,25606.88,25829.91,25918.86,25590.62,1.3
2025-08-26,HSI,恒生指数,25714.91,25524.92,25819.7,25524.92,1.14
2025-08-27,HSI,恒生指数,25626.17,25201.76,25653.92,25140.17,2.01
2025-08-28,HSI,恒生指数,25030.54,24998.82,25093.65,24808.78,1.13
2025-08-29,HSI,恒生指数,25095.45,25077.62,25277.51,25066.85,0.84
2025-09-01,HSI,恒生指数,25508.21,25617.42,25638.34,25471.35,0.67
2025-09-02,HSI,恒生指数,25587.97,25496.55,25724.73,25416.61,1.2
2025-09-03,HSI,恒生指数,25660.65,25343.43,25789.99,25276.87,2.01
2025-09-04,HSI,恒生指数,25489.13,25058.51,25494.45,25013.26,1.9
2025-09-05,HSI,恒生指数,25136.24,25417.98,25471.8,25090.65,1.52
2025-09-08,HSI,恒生指数,25440.01,25633.91,25664.01,25387.81,1.09
2025-09-09,HSI,恒生指数,25711.07,25938.13,26027.94,25675.28,1.38
2025-09-10,HSI,恒生指数,26042.41,26200.26,26296.6,26017.5,1.08
2025-09-11,HSI,恒生指数,25987.49,26086.32,26241.46,25878.97,1.38
2025-09-12,HSI,恒生指数,26539.44,26388.16,26585.95,26329.66,0.98
2025-09-15,HSI,恒生指数,26308.91,26446.56,26532.75,26280.23,0.96
2025-09-16,HSI,恒生指数,26536.63,26438.51,26601.59,26332.21,1.02
2025-09-17,HSI,恒生指数,26554.19,26908.39,26936.5,26540.57,1.5
2025-09-18,HSI,恒生指数,26863.69,26544.85,27058.03,26322.08,2.74
2025-09-19,HSI,恒生指数,26583.03,26545.1,26637.64,26414.11,0.84
2025-09-22,HSI,恒生指数,26459.52,26344.14,26479.14,26204.01,1.04
2025-09-23,HSI,恒生指数,26435.58,26159.12,26454.09,26003.67,1.71
2025-09-24,HSI,恒生指数,26073.69,26518.65,26562.88,26057.26,1.93
2025-09-25,HSI,恒生指数,26536.13,26484.68,26640.53,26403.52,0.89
2025-09-26,HSI,恒生指数,26272.3,26128.2,26406.05,26072.93,1.26
2025-09-29,HSI,恒生指数,26321.57,26622.88,26687.72,26321.57,1.4
2025-09-30,HSI,恒生指数,26674.16,26855.56,26888.4,26558.28,1.24
2025-10-02,HSI,恒生指数,26918.3,27287.12,27381.84,26918.3,1.73
2025-10-03,HSI,恒生指数,27221.46,27140.92,27262.0,26972.71,1.06
2025-10-06,HSI,恒生指数,27003.92,26957.77,27145.17,26873.34,1.0
2025-10-08,HSI,恒生指数,26900.64,26829.46,26906.2,26517.45,1.44
2025-10-09,HSI,恒生指数,26862.03,26752.59,26978.41,26480.58,1.86
2025-10-10,HSI,恒生指数,26523.89,26290.32,26558.87,26247.04,1.17
2025-10-13,HSI,恒生指数,25634.0,25889.48,25895.62,25336.09,2.13
2025-10-14,HSI,恒生指数,25969.21,25441.35,26102.68,25331.64,2.98
2025-10-15,HSI,恒生指数,25714.89,25910.6,25982.21,25593.45,1.53
2025-10-16,HSI,恒生指数,25890.01,25888.51,26062.8,25687.32,1.45
2025-10-17,HSI,恒生指数,25851.94,25247.1,25859.82,25145.34,2.76
2025-10-20,HSI,恒生指数,25884.46,25858.83,25912.77,25710.61,0.8
2025-10-21,HSI,恒生指数,26160.24,26027.55,26367.35,26017.72,1.35
2025-10-22,HSI,恒生指数,25897.62,25781.77,25947.88,25653.75,1.13
2025-10-23,HSI,恒生指数,25718.53,25967.98,26080.84,25591.66,1.9
2025-10-24,HSI,恒生指数,26177.11,26160.15,26239.96,26063.99,0.68
2025-10-27,HSI,恒生指数,26495.97,26433.7,26495.97,26319.22,0.68
2025-10-28,HSI,恒生指数,26508.75,26346.14,26519.24,26245.33,1.04
2025-10-30,HSI,恒生指数,26545.92,26282.69,26588.89,26138.79,1.71
2025-10-31,HSI,恒生指数,26263.01,25906.65,26283.96,25906.65,1.44
2025-11-03,HSI,恒生指数,25999.17,26158.36,26217.12,25920.27,1.15
2025-11-04,HSI,恒生指数,26148.07,25952.4,26291.65,25911.79,1.45
2025-11-05,HSI,恒生指数,25701.63,25935.41,25980.9,25496.13,1.87
2025-11-06,HSI,恒生指数,26061.58,26485.9,26490.71,26061.58,1.65
2025-11-07,HSI,恒生指数,26350.74,26241.83,26371.46,26167.23,0.77
2025-11-10,HSI,恒生指数,26319.4,26649.06,26668.89,26302.93,1.39
2025-11-11,HSI,恒生指数,26748.09,26696.41,26788.43,26511.25,1.04
2025-11-12,HSI,恒生指数,26754.93,26922.73,27016.4,26739.09,1.04
2025-11-13,HSI,恒生指数,26779.48,27073.03,27188.81,26733.21,1.69
2025-11-14,HSI,恒生指数,26660.31,26572.46,26881.88,26535.42,1.28
2025-11-17,HSI,恒生指数,26441.7,26384.28,26531.8,26252.36,1.05
2025-11-18,HSI,恒生指数,26172.27,25930.03,26188.82,25821.84,1.39
2025-11-19,HSI,恒生指数,25954.23,25830.65,26045.37,25742.07,1.17
2025-11-20,HSI,恒生指数,25999.78,25835.57,26046.76,25692.13,1.37
2025-11-21,HSI,恒生指数,25460.42,25220.02,25483.67,25178.63,1.18
2025-11-24,HSI,恒生指数,25452.87,25716.5,25770.45,25369.29,1.59
2025-11-25,HSI,恒生指数,25948.9,25894.55,26069.22,25740.54,1.28
2025-11-26,HSI,恒生指数,26046.74,25928.08,26136.27,25907.06,0.89
2025-11-27,HSI,恒生指数,25945.54,25945.93,26123.69,25822.66,1.16
2025-11-28,HSI,恒生指数,26011.06,25858.89,26011.06,25807.55,0.78
2025-12-01,HSI,恒生指数,25945.87,26033.26,26179.72,25913.98,1.03
2025-12-02,HSI,恒生指数,26188.55,26095.05,26264.13,25989.45,1.06
2025-12-03,HSI,恒生指数,25980.89,25760.73,25996.88,25724.82,1.04
2025-12-04,HSI,恒生指数,25804.01,25935.9,25990.73,25649.3,1.33
2025-12-05,HSI,恒生指数,25833.11,26085.08,26131.61,25758.17,1.44
2025-12-08,HSI,恒生指数,26067.86,25765.36,26151.46,25755.01,1.52
2025-12-09,HSI,恒生指数,25780.97,25434.23,25820.31,25386.58,1.68
2025-12-10,HSI,恒生指数,25435.49,25540.78,25540.78,25257.61,1.11
2025-12-11,HSI,恒生指数,25710.61,25530.51,25801.34,25471.5,1.29
2025-12-12,HSI,恒生指数,25761.41,25976.79,26006.47,25697.43,1.21
2025-12-15,HSI,恒生指数,25718.14,25628.88,25824.44,25609.28,0.83
2025-12-16,HSI,恒生指数,25547.92,25235.41,25547.92,25086.54,1.8
2025-12-17,HSI,恒生指数,25243.59,25468.78,25494.94,25168.19,1.29
2025-12-18,HSI,恒生指数,25330.83,25498.13,25511.84,25261.38,0.98
2025-12-19,HSI,恒生指数,25634.22,25690.53,25747.01,25545.92,0.79
2025-12-22,HSI,恒生指数,25795.94,25801.77,25859.61,25671.33,0.73
2025-12-23,HSI,恒生指数,25875.85,25774.14,25927.66,25726.45,0.78
2025-12-24,HSI,恒生指数,25780.09,25818.93,25890.87,25772.87,0.46
2025-12-29,HSI,恒生指数,25928.89,25635.23,26082.94,25630.75,1.75
2025-12-30,HSI,恒生指数,25636.4,25854.6,25930.22,25611.23,1.24
2025-12-31,HSI,恒生指数,25801.49,25630.54,25808.52,25554.31,0.98
2026-01-02,HSI,恒生指数,25717.42,26338.47,26345.63,25717.42,2.45
2026-01-05,HSI,恒生指数,26361.44,26347.24,26445.5,26256.0,0.72
2026-01-06,HSI,恒生指数,26502.4,26710.45,26858.13,26498.36,1.37
2026-01-07,HSI,恒生指数,26601.83,26458.95,26616.94,26313.51,1.14
2026-01-08,HSI,恒生指数,26302.78,26149.31,26305.69,25960.34,1.31
2026-01-09,HSI,恒生指数,26272.54,26231.79,26299.32,26114.41,0.71
2026-01-12,HSI,恒生指数,26376.84,26608.48,26608.48,26187.76,1.6
2026-01-13,HSI,恒生指数,26958.52,26848.47,27143.66,26729.54,1.56
2026-01-14,HSI,恒生指数,26971.97,26999.81,27097.72,26780.27,1.18
2026-01-15,HSI,恒生指数,26972.36,26923.62,27206.84,26808.35,1.48
2026-01-16,HSI,恒生指数,27094.85,26844.96,27176.31,26741.54,1.61
2026-01-19,HSI,恒生指数,26641.6,26563.9,26715.58,26533.67,0.68
2026-01-20,HSI,恒生指数,26544.9,26487.51,26638.55,26363.86,1.03
2026-01-21,HSI,恒生指数,26397.04,26585.06,26692.78,26397.04,1.12
2026-01-22,HSI,恒生指数,26750.51,26629.96,26779.22,26499.14,1.05
2026-01-23,HSI,恒生指数,26861.36,26749.51,26895.94,26689.73,0.77
2026-01-26,HSI,恒生指数,26844.04,26765.52,26911.44,26619.83,1.09
2026-01-27,HSI,恒生指数,26863.15,27126.95,27188.9,26829.71,1.34
2026-01-28,HSI,恒生指数,27325.89,27826.91,27826.91,27258.1,2.1
2026-01-29,HSI,恒生指数,27627.11,27968.09,28056.1,27611.9,1.6
2026-01-30,HSI,恒生指数,27785.98,27387.11,27887.24,27384.02,1.8
2026-02-02,HSI,恒生指数,27097.34,26775.57,27100.09,26507.62,2.16
2026-02-03,HSI,恒生指数,26995.76,26834.77,27126.48,26431.8,2.59
2026-02-04,HSI,恒生指数,26797.05,26847.32,27004.22,26593.18,1.53
2026-02-05,HSI,恒生指数,26627.95,26885.24,26919.39,26410.77,1.89
2026-02-06,HSI,恒生指数,26354.34,26559.95,26710.34,26295.03,1.54
2026-02-09,HSI,恒生指数,26982.49,27027.16,27111.54,26879.1,0.88
2026-02-10,HSI,恒生指数,27202.96,27183.15,27397.65,27104.82,1.08
2026-02-11,HSI,恒生指数,27246.18,27266.38,27325.98,27133.77,0.71
2026-02-12,HSI,恒生指数,27210.56,27032.54,27215.63,26932.56,1.04
2026-02-13,HSI,恒生指数,26640.16,26567.12,26774.44,26444.46,1.22
2026-02-16,HSI,恒生指数,26501.2,26705.94,26734.41,26382.41,1.32
2026-02-20,HSI,恒生指数,26657.84,26413.35,26694.34,26356.96,1.26
2026-02-23,HSI,恒生指数,26798.97,27000.56,27156.28,26798.97,1.35
2026-02-24,HSI,恒生指数,26913.68,26590.32,26913.68,26480.86,1.6
2026-02-25,HSI,恒生指数,26745.2,26765.72,26870.03,26632.53,0.89
2026-02-26,HSI,恒生指数,27019.74,26381.02,27024.07,26373.01,2.43
2026-02-27,HSI,恒生指数,26447.05,26630.54,26701.5,26375.7,1.23
2026-03-02,HSI,恒生指数,26305.58,26059.85,26403.85,25882.95,1.96
2026-03-03,HSI,恒生指数,26190.24,25768.08,26218.93,25727.0,1.89
2026-03-04,HSI,恒生指数,25469.34,25249.48,25470.05,24958.43,1.99
2026-03-05,HSI,恒生指数,25583.65,25321.34,25736.6,25236.68,1.98
