date,code,name,open,close,high,low,amplitude
1986-03-17,SPX,标普500,236.55,234.67,236.55,233.69,0.0
1986-03-18,SPX,标普500,234.67,235.78,236.53,234.14,1.02
1986-03-19,SPX,标普500,235.78,235.6,236.52,235.13,0.59
1986-03-20,SPX,标普500,235.6,236.54,237.09,235.6,0.63
1986-03-21,SPX,标普500,236.54,233.34,237.35,233.29,1.72
1986-03-24,SPX,标普500,233.34,235.33,235.33,232.92,1.03
1986-03-25,SPX,标普500,235.33,234.72,235.33,233.62,0.73
1986-03-26,SPX,标普500,234.72,237.3,237.79,234.71,1.31
1986-03-27,SPX,标普500,237.3,238.97,240.11,237.3,1.18
1986-03-28,SPX,标普500,238.97,238.97,238.97,238.97,0.0
1986-03-31,SPX,标普500,238.97,238.9,239.86,238.08,0.74
1986-04-01,SPX,标普500,238.9,235.14,239.1,234.57,1.9
1986-04-02,SPX,标普500,235.14,235.71,235.71,233.4,0.98
1986-04-03,SPX,标普500,235.71,232.47,236.42,232.07,1.85
1986-04-04,SPX,标普500,232.47,228.69,232.56,228.32,1.82
1986-04-07,SPX,标普500,228.69,228.63,228.83,226.3,1.11
1986-04-08,SPX,标普500,228.63,233.52,233.7,228.63,2.22
1986-04-09,SPX,标普500,233.52,233.75,235.57,232.13,1.47
1986-04-10,SPX,标普500,233.75,236.44,236.54,233.75,1.19
1986-04-11,SPX,标普500,236.44,235.97,237.85,235.13,1.15
1986-04-14,SPX,标普500,235.97,237.28,237.48,235.43,0.87
1986-04-15,SPX,标普500,237.28,237.73,238.09,236.64,0.61
1986-04-16,SPX,标普500,237.73,242.22,242.57,237.73,2.04
1986-04-17,SPX,标普500,242.22,243.03,243.36,241.89,0.61
1986-04-18,SPX,标普500,243.03,242.38,243.47,241.74,0.71
1986-04-21,SPX,标普500,242.38,244.74,244.78,241.88,1.2
1986-04-22,SPX,标普500,244.74,242.42,245.47,241.3,1.7
1986-04-23,SPX,标普500,242.42,241.75,242.42,240.08,0.97
1986-04-24,SPX,标普500,241.75,242.02,243.13,241.65,0.61
1986-04-25,SPX,标普500,242.02,242.29,242.8,240.91,0.78
1986-04-28,SPX,标普500,242.29,243.08,243.08,241.23,0.76
1986-04-29,SPX,标普500,243.08,240.51,243.57,239.23,1.79
1986-04-30,SPX,标普500,240.51,235.52,240.52,235.26,2.19
1986-05-01,SPX,标普500,235.52,235.16,236.01,234.21,0.76
1986-05-02,SPX,标普500,235.16,234.79,236.52,234.15,1.01
1986-05-05,SPX,标普500,234.79,237.73,237.73,234.79,1.25
1986-05-06,SPX,标普500,237.73,237.24,238.28,236.26,0.85
1986-05-07,SPX,标普500,237.24,236.08,237.24,233.98,1.37
1986-05-08,SPX,标普500,236.08,237.13,237.96,236.08,0.8
1986-05-09,SPX,标普500,237.13,237.85,238.01,235.85,0.91
1986-05-12,SPX,标普500,237.85,237.58,238.53,237.02,0.63
1986-05-13,SPX,标普500,237.58,236.41,237.87,236.02,0.78
1986-05-14,SPX,标普500,236.41,237.54,237.54,235.85,0.71
1986-05-15,SPX,标普500,237.54,234.43,237.54,233.93,1.52
1986-05-16,SPX,标普500,234.43,232.76,234.43,232.26,0.93
1986-05-19,SPX,标普500,232.76,233.2,233.54,232.41,0.49
1986-05-20,SPX,标普500,233.2,236.11,236.12,232.58,1.52
1986-05-21,SPX,标普500,236.11,235.45,236.83,235.45,0.58
1986-05-22,SPX,标普500,235.45,240.12,240.25,235.45,2.04
1986-05-23,SPX,标普500,240.12,241.35,242.16,240.12,0.85
1986-05-26,SPX,标普500,241.35,241.35,241.35,241.35,0.0
1986-05-27,SPX,标普500,241.35,244.75,244.76,241.35,1.41
1986-05-28,SPX,标普500,244.75,246.63,247.4,244.75,1.08
1986-05-29,SPX,标普500,246.63,247.98,248.32,245.29,1.23
1986-05-30,SPX,标普500,247.98,247.35,249.19,246.43,1.11
1986-06-02,SPX,标普500,247.35,245.04,247.74,243.83,1.58
1986-06-03,SPX,标普500,245.04,245.51,245.51,243.67,0.75
1986-06-04,SPX,标普500,245.51,243.94,246.3,242.59,1.51
1986-06-05,SPX,标普500,243.94,245.65,245.66,243.41,0.92
1986-06-06,SPX,标普500,245.65,245.67,246.07,244.43,0.67
1986-06-09,SPX,标普500,245.67,239.96,245.67,239.68,2.44
1986-06-10,SPX,标普500,239.96,239.58,240.08,238.23,0.77
1986-06-11,SPX,标普500,239.58,241.13,241.13,239.21,0.8
1986-06-12,SPX,标普500,241.13,241.49,241.64,240.7,0.39
1986-06-13,SPX,标普500,241.49,245.73,245.91,241.49,1.83
1986-06-16,SPX,标普500,245.73,246.13,246.5,245.17,0.54
1986-06-17,SPX,标普500,246.13,244.35,246.26,243.6,1.08
1986-06-18,SPX,标普500,244.35,244.99,245.25,242.57,1.1
1986-06-19,SPX,标普500,244.99,244.06,245.8,244.05,0.71
1986-06-20,SPX,标普500,244.06,247.58,247.6,243.98,1.48
1986-06-23,SPX,标普500,247.58,245.26,247.58,244.45,1.26
1986-06-24,SPX,标普500,245.26,247.03,248.26,244.53,1.52
1986-06-25,SPX,标普500,247.03,248.93,250.13,247.03,1.25
1986-06-26,SPX,标普500,248.93,248.74,249.43,247.72,0.69
1986-06-27,SPX,标普500,248.74,249.6,249.74,248.74,0.4
1986-06-30,SPX,标普500,249.6,250.84,251.81,249.6,0.89
1986-07-01,SPX,标普500,250.84,252.04,252.04,250.53,0.6
1986-07-02,SPX,标普500,252.04,252.7,253.2,251.79,0.56
1986-07-03,SPX,标普500,252.7,251.79,252.94,251.23,0.68
1986-07-04,SPX,标普500,251.79,251.79,251.79,251.79,0.0
1986-07-07,SPX,标普500,251.79,244.05,251.81,243.63,3.25
1986-07-08,SPX,标普500,244.05,241.59,244.06,239.07,2.04
1986-07-09,SPX,标普500,241.59,242.82,243.07,241.46,0.67
1986-07-10,SPX,标普500,242.82,243.01,243.44,239.66,1.56
1986-07-11,SPX,标普500,243.01,242.22,243.48,241.68,0.74
1986-07-14,SPX,标普500,242.22,238.11,242.22,238.04,1.73
1986-07-15,SPX,标普500,238.11,233.66,238.12,233.6,1.9
1986-07-16,SPX,标普500,233.66,235.01,236.19,233.66,1.08
1986-07-17,SPX,标普500,235.01,236.07,236.65,235.01,0.7
1986-07-18,SPX,标普500,236.07,236.36,238.22,233.94,1.81
1986-07-21,SPX,标普500,236.36,236.24,236.45,235.53,0.39
1986-07-22,SPX,标普500,236.24,238.18,238.42,235.92,1.06
1986-07-23,SPX,标普500,238.18,238.67,239.25,238.17,0.45
1986-07-24,SPX,标普500,238.67,237.95,239.05,237.32,0.72
1986-07-25,SPX,标普500,237.95,240.22,240.36,237.95,1.01
1986-07-28,SPX,标普500,240.22,236.01,240.25,235.23,2.09
1986-07-29,SPX,标普500,236.01,234.55,236.01,234.4,0.68
1986-07-30,SPX,标普500,234.55,236.59,237.38,233.07,1.84
1986-07-31,SPX,标普500,236.59,236.12,236.92,235.89,0.44
1986-08-01,SPX,标普500,236.12,234.91,236.89,234.59,0.97
1986-08-04,SPX,标普500,234.91,235.99,236.86,231.92,2.1
1986-08-05,SPX,标普500,235.99,237.03,238.31,235.97,0.99
1986-08-06,SPX,标普500,237.03,236.84,237.35,235.48,0.79
1986-08-07,SPX,标普500,236.84,237.04,238.02,236.31,0.72
1986-08-08,SPX,标普500,237.04,236.88,238.06,236.37,0.71
1986-08-11,SPX,标普500,236.88,240.68,241.2,236.87,1.83
1986-08-12,SPX,标普500,240.68,243.34,243.37,240.35,1.25
1986-08-13,SPX,标普500,243.34,245.67,246.51,243.06,1.42
1986-08-14,SPX,标普500,245.67,246.25,246.79,245.53,0.51
1986-08-15,SPX,标普500,246.25,247.15,247.15,245.7,0.59
1986-08-18,SPX,标普500,247.15,247.38,247.83,245.48,0.95
1986-08-19,SPX,标普500,247.38,246.51,247.42,245.82,0.65
1986-08-20,SPX,标普500,246.51,249.77,249.77,246.51,1.32
1986-08-21,SPX,标普500,249.77,249.67,250.45,249.11,0.54
1986-08-22,SPX,标普500,249.67,250.19,250.61,249.27,0.54
1986-08-25,SPX,标普500,250.19,247.81,250.26,247.76,1.0
1986-08-26,SPX,标普500,247.81,252.84,252.91,247.81,2.06
1986-08-27,SPX,标普500,252.84,253.3,254.24,252.66,0.62
1986-08-28,SPX,标普500,253.3,252.84,253.67,251.91,0.69
1986-08-29,SPX,标普500,252.84,252.93,254.07,251.73,0.93
1986-09-01,SPX,标普500,252.93,252.93,252.93,252.93,0.0
1986-09-02,SPX,标普500,252.93,248.52,253.3,248.14,2.04
1986-09-03,SPX,标普500,248.52,250.08,250.08,247.59,1.0
1986-09-04,SPX,标普500,250.08,253.83,254.01,250.03,1.59
1986-09-05,SPX,标普500,253.83,250.47,254.13,250.33,1.5
1986-09-08,SPX,标普500,250.47,248.14,250.47,247.02,1.38
1986-09-09,SPX,标普500,248.14,247.67,250.21,246.94,1.32
1986-09-10,SPX,标普500,247.67,247.06,247.76,246.11,0.67
1987-04-06,SPX,标普500,300.41,301.95,302.21,300.41,0.73
1987-04-07,SPX,标普500,301.95,296.69,303.65,296.67,2.31
1987-04-08,SPX,标普500,296.69,297.26,299.2,295.18,1.35
1987-04-09,SPX,标普500,297.26,292.86,297.71,291.5,2.09
1987-04-10,SPX,标普500,292.86,292.49,293.74,290.94,0.96
1987-04-13,SPX,标普500,292.49,285.62,293.36,285.62,2.65
1987-04-14,SPX,标普500,285.62,279.16,285.62,275.67,3.48
1987-04-15,SPX,标普500,279.16,284.44,285.14,279.16,2.14
1987-04-16,SPX,标普500,284.44,286.91,289.57,284.44,1.8
1987-04-17,SPX,标普500,286.91,286.91,286.91,286.91,0.0
1987-04-20,SPX,标普500,286.91,286.09,288.36,284.55,1.33
1987-04-21,SPX,标普500,286.09,293.07,293.07,282.89,3.56
1987-04-22,SPX,标普500,293.07,287.19,293.46,286.98,2.21
1987-04-23,SPX,标普500,287.19,286.82,289.12,284.28,1.69
1987-04-24,SPX,标普500,286.82,281.52,286.82,281.18,1.97
1987-04-27,SPX,标普500,281.52,281.83,284.45,276.22,2.92
1987-04-28,SPX,标普500,281.83,282.51,285.95,281.83,1.46
1987-04-29,SPX,标普500,282.51,284.57,286.42,282.51,1.38
1987-04-30,SPX,标普500,284.57,288.36,290.08,284.57,1.94
1987-05-01,SPX,标普500,288.36,288.03,289.71,286.52,1.11
1987-05-04,SPX,标普500,288.03,289.36,289.99,286.39,1.25
1987-05-05,SPX,标普500,289.36,295.34,295.4,289.34,2.09
1987-05-06,SPX,标普500,295.34,295.47,296.19,293.6,0.88
1987-05-07,SPX,标普500,295.47,294.17,296.8,294.07,0.92
1987-05-08,SPX,标普500,294.17,293.37,296.18,291.73,1.51
1987-05-11,SPX,标普500,293.37,291.57,298.69,291.55,2.43
1987-05-12,SPX,标普500,291.57,293.3,293.3,290.18,1.07
1987-05-13,SPX,标普500,293.3,293.98,294.54,290.74,1.3
1987-05-14,SPX,标普500,293.98,294.24,295.1,292.95,0.73
1987-05-15,SPX,标普500,294.24,287.43,294.24,287.11,2.42
1987-05-18,SPX,标普500,287.43,286.65,287.43,282.57,1.69
1987-05-19,SPX,标普500,286.65,279.62,287.39,278.83,2.99
1987-05-20,SPX,标普500,279.62,278.21,280.89,277.01,1.39
1987-05-21,SPX,标普500,278.21,280.17,282.31,278.21,1.47
1987-05-22,SPX,标普500,280.17,282.16,283.33,280.17,1.13
1987-05-25,SPX,标普500,282.16,282.16,282.16,282.16,0.0
1987-05-26,SPX,标普500,282.16,289.11,289.11,282.16,2.46
1987-05-27,SPX,标普500,289.11,288.73,290.78,288.19,0.9
1987-05-28,SPX,标普500,288.73,290.76,291.5,286.33,1.79
1987-05-29,SPX,标普500,290.76,290.1,292.87,289.7,1.09
1987-06-01,SPX,标普500,290.1,289.83,291.96,289.23,0.94
1987-06-02,SPX,标普500,289.83,288.46,290.94,286.93,1.38
1987-06-03,SPX,标普500,288.46,293.47,293.47,288.46,1.74
1987-06-04,SPX,标普500,293.47,295.09,295.1,292.76,0.8
1987-06-05,SPX,标普500,295.09,293.45,295.11,292.8,0.78
1987-06-08,SPX,标普500,293.45,296.72,297.03,291.55,1.87
1987-06-09,SPX,标普500,296.72,297.28,297.59,295.9,0.57
1987-06-10,SPX,标普500,297.28,297.47,300.81,295.66,1.73
1987-06-11,SPX,标普500,297.47,298.73,298.94,297.47,0.49
1987-06-12,SPX,标普500,298.73,301.62,302.26,298.73,1.18
1987-06-15,SPX,标普500,301.62,303.14,303.48,298.73,1.57
1987-06-16,SPX,标普500,303.48,304.76,304.86,302.6,0.75
1987-06-17,SPX,标普500,304.76,304.81,305.74,304.03,0.56
1987-06-18,SPX,标普500,304.81,305.69,306.13,303.88,0.74
1987-06-19,SPX,标普500,305.69,306.97,306.97,305.55,0.46
1987-06-22,SPX,标普500,306.97,309.65,310.2,306.97,1.05
1987-06-23,SPX,标普500,309.65,308.43,310.27,307.48,0.9
1987-06-24,SPX,标普500,308.43,306.86,308.91,306.32,0.84
1987-06-25,SPX,标普500,306.86,308.96,309.44,306.86,0.84
1987-06-26,SPX,标普500,308.96,307.16,308.96,306.36,0.84
1987-06-29,SPX,标普500,307.16,307.9,308.15,306.75,0.46
1987-06-30,SPX,标普500,307.9,304.0,308.0,303.01,1.62
1987-07-01,SPX,标普500,304.0,302.94,304.0,302.53,0.48
1987-07-02,SPX,标普500,302.94,305.63,306.34,302.94,1.12
1987-07-03,SPX,标普500,305.63,305.63,305.63,305.63,0.0
1987-07-06,SPX,标普500,305.63,304.92,306.75,304.23,0.82
1987-07-07,SPX,标普500,304.92,307.4,308.63,304.73,1.28
1987-07-08,SPX,标普500,307.4,308.29,308.48,306.01,0.8
1987-07-09,SPX,标普500,308.29,307.52,309.56,307.42,0.69
1987-07-10,SPX,标普500,307.52,308.37,308.4,306.96,0.47
1987-07-13,SPX,标普500,308.37,307.63,308.41,305.49,0.95
1987-07-14,SPX,标普500,307.63,310.68,310.69,307.46,1.05
1987-07-15,SPX,标普500,310.68,310.42,312.08,309.07,0.97
1987-07-16,SPX,标普500,310.42,312.7,312.83,310.42,0.78
1987-07-17,SPX,标普500,312.7,314.59,314.59,312.38,0.71
1987-07-20,SPX,标普500,314.59,311.39,314.59,311.24,1.06
1987-07-21,SPX,标普500,311.39,308.55,312.41,307.51,1.57
1987-07-22,SPX,标普500,308.55,308.47,309.12,307.22,0.62
1987-07-23,SPX,标普500,308.47,307.81,309.63,306.1,1.14
1987-07-24,SPX,标普500,307.81,309.27,309.28,307.78,0.49
1987-07-27,SPX,标普500,309.27,310.65,310.7,308.61,0.68
1987-07-28,SPX,标普500,310.65,312.33,312.33,310.28,0.66
1987-07-29,SPX,标普500,312.33,315.65,315.65,311.73,1.26
1987-07-30,SPX,标普500,315.65,318.05,318.53,315.65,0.91
1987-07-31,SPX,标普500,318.05,318.66,318.85,317.56,0.41
1987-08-03,SPX,标普500,318.66,317.57,320.26,316.52,1.17
1987-08-04,SPX,标普500,317.57,316.23,318.25,314.51,1.18
1987-08-05,SPX,标普500,316.23,318.45,319.74,316.23,1.11
1987-08-06,SPX,标普500,318.45,322.09,322.09,317.5,1.44
1987-08-07,SPX,标普500,322.09,323.0,324.15,321.82,0.72
1987-08-10,SPX,标普500,323.0,328.0,328.0,322.95,1.56
1987-08-11,SPX,标普500,328.0,333.33,333.4,328.0,1.65
1987-08-12,SPX,标普500,333.33,332.39,334.57,331.06,1.05
1987-08-13,SPX,标普500,332.39,334.65,335.52,332.38,0.94
1987-08-14,SPX,标普500,334.65,333.99,336.08,332.63,1.03
1987-08-17,SPX,标普500,333.99,334.11,335.43,332.88,0.76
1987-08-18,SPX,标普500,334.11,329.25,334.11,326.43,2.3
1987-08-19,SPX,标普500,329.25,329.83,329.89,326.54,1.02
1987-08-20,SPX,标普500,329.83,334.84,335.19,329.83,1.63
1987-08-21,SPX,标普500,334.84,335.9,336.37,334.3,0.62
1987-08-24,SPX,标普500,335.9,333.33,335.9,331.92,1.18
1987-08-25,SPX,标普500,333.33,336.77,337.89,333.33,1.37
1987-08-26,SPX,标普500,336.77,334.57,337.39,334.46,0.87
1987-08-27,SPX,标普500,334.57,331.38,334.57,331.1,1.04
1987-08-28,SPX,标普500,331.38,327.04,331.38,327.03,1.31
1987-08-31,SPX,标普500,327.04,329.8,330.09,326.99,0.95
1987-09-01,SPX,标普500,329.8,323.4,332.18,322.83,2.84
1987-09-02,SPX,标普500,323.4,321.68,324.53,318.76,1.78
1987-09-03,SPX,标普500,321.68,320.21,324.29,317.39,2.14
1987-09-04,SPX,标普500,320.21,316.7,322.03,316.53,1.72
1987-09-07,SPX,标普500,316.7,316.7,316.7,316.7,0.0
1987-09-08,SPX,标普500,316.7,313.56,316.7,308.56,2.57
1987-09-09,SPX,标普500,313.56,313.92,315.41,312.29,1.0
1987-09-10,SPX,标普500,313.92,317.13,317.59,313.92,1.17
1987-09-11,SPX,标普500,317.13,321.98,322.45,317.13,1.68
1987-09-14,SPX,标普500,321.98,323.08,323.81,320.4,1.06
1987-09-15,SPX,标普500,323.08,317.74,323.08,317.63,1.69
1987-09-16,SPX,标普500,317.74,314.86,319.5,314.61,1.54
1987-09-17,SPX,标普500,314.86,314.93,316.08,313.45,0.84
1987-09-18,SPX,标普500,314.93,314.86,316.99,314.86,0.68
1987-09-21,SPX,标普500,314.86,310.54,317.66,310.12,2.39
1987-09-22,SPX,标普500,310.54,319.5,319.51,308.69,3.48
1987-09-23,SPX,标普500,319.5,321.19,321.83,319.12,0.85
1987-09-24,SPX,标普500,321.19,319.72,322.01,319.12,0.9
1987-09-25,SPX,标普500,319.72,320.16,320.55,318.1,0.77
1987-09-28,SPX,标普500,320.16,323.2,325.33,320.16,1.61
1987-09-29,SPX,标普500,323.2,321.69,324.63,320.27,1.35
1987-09-30,SPX,标普500,321.69,321.83,322.53,320.16,0.74
1987-10-01,SPX,标普500,321.83,327.33,327.34,321.83,1.71
1987-10-02,SPX,标普500,327.33,328.07,328.94,327.22,0.53
1987-10-05,SPX,标普500,328.07,328.08,328.57,326.09,0.76
1987-10-06,SPX,标普500,328.08,319.22,328.08,319.17,2.72
1987-10-07,SPX,标普500,319.22,318.54,319.39,315.78,1.13
1987-10-08,SPX,标普500,318.52,314.16,319.34,312.02,2.3
1987-10-09,SPX,标普500,314.16,311.07,315.04,310.97,1.3
1987-10-12,SPX,标普500,311.07,309.39,311.07,306.76,1.39
1987-10-13,SPX,标普500,309.39,314.52,314.53,309.39,1.66
1987-10-14,SPX,标普500,314.52,305.23,314.52,304.78,3.1
1987-10-15,SPX,标普500,305.23,298.08,305.23,298.07,2.35
1987-10-16,SPX,标普500,298.08,282.7,298.92,281.52,5.84
1987-10-19,SPX,标普500,282.7,224.84,282.7,224.83,20.47
1987-10-20,SPX,标普500,224.84,236.83,244.62,216.46,12.52
1987-10-21,SPX,标普500,236.83,258.38,259.38,236.83,9.52
1987-10-22,SPX,标普500,259.38,248.25,259.38,242.99,6.34
1987-10-23,SPX,标普500,248.25,248.22,250.7,242.76,3.2
1987-10-26,SPX,标普500,248.22,227.67,248.22,227.26,8.44
1987-10-27,SPX,标普500,227.67,233.19,237.81,227.67,4.45
1987-10-28,SPX,标普500,233.19,233.28,238.58,226.29,5.27
1987-10-29,SPX,标普500,233.28,244.77,246.69,233.28,5.75
1987-10-30,SPX,标普500,244.77,251.79,254.04,244.77,3.79
1987-11-02,SPX,标普500,251.79,255.75,255.75,249.15,2.62
1987-11-03,SPX,标普500,255.75,250.82,255.75,242.78,5.07
1987-11-04,SPX,标普500,250.82,248.96,251.0,246.34,1.86
1987-11-05,SPX,标普500,248.96,254.48,256.09,247.72,3.36
1987-11-06,SPX,标普500,254.48,250.41,257.21,249.68,2.96
1987-11-09,SPX,标普500,250.41,243.17,250.41,243.01,2.96
1987-11-10,SPX,标普500,243.17,239.0,243.17,237.64,2.27
1987-11-11,SPX,标普500,239.0,241.9,243.86,239.0,2.03
1987-11-12,SPX,标普500,241.9,248.52,249.9,241.9,3.31
1987-11-13,SPX,标普500,248.52,245.64,249.42,245.64,1.52
1987-11-16,SPX,标普500,245.64,246.76,249.54,244.98,1.86
1987-11-17,SPX,标普500,246.76,243.04,246.76,240.81,2.41
1987-11-18,SPX,标普500,243.04,245.55,245.55,240.67,2.01
1987-11-19,SPX,标普500,245.55,240.05,245.55,239.7,2.38
1987-11-20,SPX,标普500,240.05,242.0,242.0,235.89,2.55
1987-11-23,SPX,标普500,242.0,242.99,242.99,240.5,1.03
1987-11-24,SPX,标普500,242.99,246.39,247.9,242.98,2.02
1987-11-25,SPX,标普500,246.39,244.1,246.54,244.08,1.0
1987-11-26,SPX,标普500,244.1,244.1,244.1,244.1,0.0
1987-11-27,SPX,标普500,244.1,240.34,244.12,240.34,1.55
1987-11-30,SPX,标普500,240.34,230.3,240.34,225.78,6.06
1987-12-01,SPX,标普500,230.3,232.0,234.02,230.3,1.62
1987-12-02,SPX,标普500,232.0,233.45,234.56,230.31,1.83
1987-12-03,SPX,标普500,233.45,225.21,233.9,225.21,3.72
1987-12-04,SPX,标普500,225.21,223.92,225.77,221.24,2.01
1987-12-07,SPX,标普500,223.92,228.76,228.77,223.92,2.17
1987-12-08,SPX,标普500,228.76,234.91,234.92,228.65,2.74
1987-12-09,SPX,标普500,234.91,238.89,240.09,233.83,2.66
1987-12-10,SPX,标普500,238.89,233.57,240.05,233.4,2.78
1987-12-11,SPX,标普500,233.57,235.32,235.48,233.35,0.91
1987-12-14,SPX,标普500,235.32,242.19,242.34,235.04,3.1
1987-12-15,SPX,标普500,242.19,242.8,245.59,241.31,1.77
1987-12-16,SPX,标普500,242.8,248.08,248.11,242.8,2.19
1987-12-17,SPX,标普500,248.08,242.98,248.6,242.96,2.27
1987-12-18,SPX,标普500,242.98,249.16,249.18,242.98,2.55
1987-12-21,SPX,标普500,249.16,249.54,250.25,248.3,0.78
1987-12-22,SPX,标普500,249.54,249.95,249.97,247.01,1.19
1987-12-23,SPX,标普500,249.95,253.16,253.35,249.95,1.36
1987-12-24,SPX,标普500,253.16,252.02,253.16,251.68,0.58
1987-12-25,SPX,标普500,252.02,252.02,252.02,252.02,0.0
1987-12-28,SPX,标普500,252.02,245.57,252.02,244.19,3.11
1987-12-29,SPX,标普500,245.57,244.59,245.88,244.28,0.65
1987-12-30,SPX,标普500,244.59,247.86,248.06,244.59,1.42
1987-12-31,SPX,标普500,247.86,247.08,247.86,245.22,1.07
1988-01-01,SPX,标普500,247.08,247.08,247.08,247.08,0.0
1988-01-04,SPX,标普500,247.08,255.94,256.44,247.08,3.79
1988-01-05,SPX,标普500,255.94,258.63,261.78,255.94,2.28
1988-01-06,SPX,标普500,258.63,258.89,259.79,257.18,1.01
1988-01-07,SPX,标普500,258.89,261.07,261.32,256.18,1.99
1988-01-08,SPX,标普500,261.07,243.4,261.07,242.95,6.94
1988-01-11,SPX,标普500,243.4,247.49,247.51,241.07,2.65
1988-01-12,SPX,标普500,247.49,245.42,247.49,240.46,2.84
1988-01-13,SPX,标普500,245.42,245.81,249.25,241.41,3.19
1988-01-14,SPX,标普500,245.81,245.88,247.0,243.97,1.23
1988-01-15,SPX,标普500,245.88,252.05,253.65,245.88,3.16
1988-01-18,SPX,标普500,252.05,251.88,252.86,249.98,1.14
1988-01-19,SPX,标普500,251.88,249.32,253.33,248.75,1.82
1988-01-20,SPX,标普500,249.32,242.63,249.32,241.14,3.28
1988-01-21,SPX,标普500,242.63,243.14,244.25,240.17,1.68
1988-01-22,SPX,标普500,243.14,246.5,246.5,243.14,1.38
1988-01-25,SPX,标普500,246.5,252.17,252.87,246.5,2.58
1988-01-26,SPX,标普500,252.17,249.57,252.17,249.1,1.22
1988-01-27,SPX,标普500,249.57,249.38,253.02,248.5,1.81
1988-01-28,SPX,标普500,249.38,253.29,253.66,249.38,1.72
1988-01-29,SPX,标普500,253.29,257.07,257.07,252.7,1.73
1988-02-01,SPX,标普500,257.07,255.04,258.27,254.93,1.3
1988-02-02,SPX,标普500,255.04,255.57,256.08,252.8,1.29
1988-02-03,SPX,标普500,255.57,252.21,256.98,250.56,2.51
1988-02-04,SPX,标普500,252.21,252.21,253.03,250.34,1.07
1988-02-05,SPX,标普500,252.21,250.96,253.85,250.9,1.17
1988-02-08,SPX,标普500,250.96,249.1,250.96,247.82,1.25
1988-02-09,SPX,标普500,249.1,251.72,251.72,248.66,1.23
1988-02-10,SPX,标普500,251.72,256.66,256.92,251.72,2.07
1988-02-11,SPX,标普500,256.66,255.95,257.77,255.12,1.03
1988-02-12,SPX,标普500,255.95,257.63,258.86,255.85,1.18
1988-02-15,SPX,标普500,257.63,257.63,257.63,257.63,0.0
1988-02-16,SPX,标普500,257.63,259.83,259.84,256.57,1.27
1988-02-17,SPX,标普500,259.83,259.21,261.47,257.83,1.4
1988-02-18,SPX,标普500,259.21,257.91,259.6,256.9,1.04
1988-02-19,SPX,标普500,257.91,261.61,261.61,257.62,1.55
1988-02-22,SPX,标普500,261.61,265.64,266.06,260.88,1.98
1988-02-23,SPX,标普500,265.64,265.02,266.12,263.11,1.13
1988-02-24,SPX,标普500,265.02,264.43,266.25,263.87,0.9
1988-02-25,SPX,标普500,264.43,261.58,267.75,261.05,2.53
1988-02-26,SPX,标普500,261.58,262.46,263.0,261.38,0.62
1988-02-29,SPX,标普500,262.46,267.82,267.82,262.46,2.04
1988-03-01,SPX,标普500,267.82,267.22,267.95,265.39,0.96
1988-03-02,SPX,标普500,267.22,267.98,268.75,267.0,0.65
1988-03-03,SPX,标普500,267.98,267.88,268.4,266.82,0.59
1988-03-04,SPX,标普500,267.88,267.3,268.4,264.72,1.37
1988-03-07,SPX,标普500,267.3,267.38,267.69,265.94,0.65
1988-03-08,SPX,标普500,267.38,269.43,270.06,267.38,1.0
1988-03-09,SPX,标普500,269.43,269.06,270.76,268.65,0.78
1988-03-10,SPX,标普500,269.06,263.84,269.35,263.8,2.06
1988-03-11,SPX,标普500,263.84,264.94,264.94,261.27,1.39
1988-03-14,SPX,标普500,264.94,266.37,266.55,264.52,0.77
1988-03-15,SPX,标普500,266.37,266.13,266.41,264.92,0.56
1988-03-16,SPX,标普500,266.13,268.65,268.68,264.81,1.45
1988-03-17,SPX,标普500,268.65,271.22,271.22,268.65,0.96
1988-03-18,SPX,标普500,271.22,271.12,272.64,269.76,1.06
1988-03-21,SPX,标普500,271.12,268.74,271.12,267.42,1.36
1988-03-22,SPX,标普500,268.74,268.84,269.61,267.9,0.64
1988-03-23,SPX,标普500,268.84,268.91,269.79,268.01,0.66
1988-03-24,SPX,标普500,268.91,263.35,268.91,262.48,2.39
1988-03-25,SPX,标普500,263.35,258.51,263.44,258.12,2.02
1988-03-28,SPX,标普500,258.51,258.06,258.51,256.07,0.94
1988-03-29,SPX,标普500,258.06,260.07,260.86,258.06,1.09
1988-03-30,SPX,标普500,260.07,258.07,261.59,257.92,1.41
1988-03-31,SPX,标普500,258.07,258.89,259.03,256.16,1.11
1988-04-01,SPX,标普500,258.89,258.89,258.89,258.89,0.0
1988-04-04,SPX,标普500,258.89,256.09,259.06,255.68,1.31
1988-04-05,SPX,标普500,256.09,258.51,258.52,256.03,0.97
1988-04-06,SPX,标普500,258.51,265.49,265.5,258.22,2.82
1988-04-07,SPX,标普500,265.49,266.16,267.32,265.22,0.79
1988-04-08,SPX,标普500,266.16,269.43,270.22,266.11,1.54
1988-04-11,SPX,标普500,269.43,270.16,270.41,268.61,0.67
1988-04-12,SPX,标普500,270.16,271.37,272.05,269.66,0.88
1988-04-13,SPX,标普500,271.37,271.57,271.7,269.23,0.91
1988-04-14,SPX,标普500,271.57,259.75,271.57,259.37,4.49
1988-04-15,SPX,标普500,259.75,259.77,260.39,255.97,1.7
1988-04-18,SPX,标普500,259.77,259.21,259.81,258.03,0.69
1988-04-19,SPX,标普500,259.21,257.92,262.38,257.91,1.72
1988-04-20,SPX,标普500,257.92,256.13,258.54,256.12,0.94
1988-04-21,SPX,标普500,256.13,256.42,260.44,254.71,2.24
1988-04-22,SPX,标普500,256.42,260.14,261.16,256.42,1.85
1988-04-25,SPX,标普500,260.14,262.46,263.29,260.14,1.21
1988-04-26,SPX,标普500,262.46,263.93,265.06,262.18,1.1
1988-04-27,SPX,标普500,263.93,263.8,265.09,263.45,0.62
1988-04-28,SPX,标普500,263.81,262.61,263.81,262.22,0.6
1988-04-29,SPX,标普500,262.61,261.33,262.61,259.97,1.01
1988-05-02,SPX,标普500,261.33,261.56,261.56,259.99,0.6
1988-05-03,SPX,标普500,261.56,263.0,263.7,261.55,0.82
1988-05-04,SPX,标普500,263.0,260.32,263.23,260.31,1.11
1988-05-05,SPX,标普500,260.32,258.79,260.32,258.13,0.84
1988-05-06,SPX,标普500,258.79,257.48,260.31,257.03,1.27
1988-05-09,SPX,标普500,257.48,256.54,258.22,255.45,1.08
1988-05-10,SPX,标普500,256.54,257.62,258.3,255.93,0.92
1988-05-11,SPX,标普500,257.62,253.31,257.62,252.32,2.06
1988-05-12,SPX,标普500,253.31,253.85,254.87,253.31,0.62
1988-05-13,SPX,标普500,253.85,256.78,256.83,253.85,1.17
1988-05-16,SPX,标普500,256.78,258.71,258.71,256.28,0.95
1988-05-17,SPX,标普500,258.71,255.39,260.2,255.35,1.87
1988-05-18,SPX,标普500,255.39,251.35,255.67,250.73,1.93
1988-05-19,SPX,标普500,251.35,252.57,252.57,248.85,1.48
1988-05-20,SPX,标普500,252.57,253.02,253.7,251.79,0.76
1988-05-23,SPX,标普500,253.02,250.83,253.02,249.82,1.26
1988-05-24,SPX,标普500,250.83,253.51,253.51,250.83,1.07
1988-05-25,SPX,标普500,253.51,253.76,255.34,253.51,0.72
1988-05-26,SPX,标普500,253.76,254.63,254.98,253.52,0.58
1988-05-27,SPX,标普500,254.63,253.42,254.63,252.74,0.74
1988-05-30,SPX,标普500,253.42,253.42,253.42,253.42,0.0
1988-05-31,SPX,标普500,253.42,262.16,262.16,253.42,3.45
1988-06-01,SPX,标普500,262.16,266.69,267.43,262.1,2.03
1988-06-02,SPX,标普500,266.69,265.33,266.71,264.12,0.97
1988-06-03,SPX,标普500,265.33,266.45,267.11,264.42,1.01
1988-06-06,SPX,标普500,266.45,267.05,267.05,264.97,0.78
1988-06-07,SPX,标普500,267.05,265.17,267.28,264.5,1.04
1988-06-08,SPX,标普500,265.17,271.52,272.01,265.17,2.58
1988-06-09,SPX,标普500,271.52,270.2,272.29,270.19,0.77
1988-06-10,SPX,标普500,270.2,271.26,273.21,270.2,1.11
1988-06-13,SPX,标普500,271.26,271.43,271.94,270.53,0.52
1988-06-14,SPX,标普500,271.43,274.3,276.14,271.43,1.74
1988-06-15,SPX,标普500,274.3,274.45,274.45,272.75,0.62
1988-06-16,SPX,标普500,274.45,269.77,274.45,268.76,2.07
1988-06-17,SPX,标普500,269.77,270.68,270.77,268.09,0.99
1988-06-20,SPX,标普500,270.68,268.94,270.68,268.59,0.77
1988-06-21,SPX,标普500,268.94,271.67,271.67,267.52,1.54
1988-06-22,SPX,标普500,271.67,275.66,276.88,271.67,1.92
1988-06-23,SPX,标普500,275.66,274.82,275.89,274.26,0.59
1988-06-24,SPX,标普500,274.82,273.78,275.19,273.53,0.6
1988-06-27,SPX,标普500,273.78,269.06,273.79,268.85,1.8
1988-06-28,SPX,标普500,269.06,272.31,272.8,269.06,1.39
1988-06-29,SPX,标普500,272.31,270.98,273.01,269.49,1.29
1988-06-30,SPX,标普500,270.98,273.5,273.51,270.97,0.94
1988-07-01,SPX,标普500,273.5,271.78,273.8,270.78,1.1
1988-07-04,SPX,标普500,271.78,271.78,271.78,271.78,0.0
1988-07-05,SPX,标普500,271.78,275.81,275.81,270.51,1.95
1988-07-06,SPX,标普500,275.81,272.02,276.36,269.92,2.33
1988-07-07,SPX,标普500,272.02,271.78,272.05,269.31,1.01
1988-07-08,SPX,标普500,271.78,270.02,272.31,269.86,0.9
1988-07-11,SPX,标普500,270.02,270.55,271.64,270.02,0.6
1988-07-12,SPX,标普500,270.55,267.85,270.7,266.96,1.38
1988-07-13,SPX,标普500,267.85,269.32,269.46,266.12,1.25
1988-07-14,SPX,标普500,269.32,270.26,270.69,268.58,0.78
1988-07-15,SPX,标普500,270.26,272.05,272.06,269.53,0.94
1988-07-18,SPX,标普500,272.05,270.51,272.05,268.66,1.25
1988-07-19,SPX,标普500,270.51,268.47,271.21,267.01,1.55
1988-07-20,SPX,标普500,268.47,270.0,270.24,268.47,0.66
1988-07-21,SPX,标普500,270.0,266.66,270.0,266.66,1.24
1988-07-22,SPX,标普500,266.66,263.5,266.66,263.29,1.26
1988-07-25,SPX,标普500,263.5,264.68,265.17,263.03,0.81
1988-07-26,SPX,标普500,264.68,265.19,266.09,264.32,0.67
1988-07-27,SPX,标普500,265.19,262.5,265.83,262.48,1.26
1988-07-28,SPX,标普500,262.5,266.02,266.55,262.5,1.54
1988-07-29,SPX,标普500,266.02,272.02,272.02,266.02,2.26
1988-08-01,SPX,标普500,272.02,272.21,272.8,271.21,0.58
1988-08-02,SPX,标普500,272.21,272.06,273.68,270.37,1.22
1988-08-03,SPX,标普500,272.06,272.98,273.42,271.15,0.83
1988-08-04,SPX,标普500,272.98,271.93,274.2,271.77,0.89
1988-08-05,SPX,标普500,271.93,271.15,271.93,270.08,0.68
1988-08-08,SPX,标普500,271.15,269.98,272.47,269.93,0.94
1988-08-09,SPX,标普500,269.98,266.49,270.2,265.06,1.9
1988-08-10,SPX,标普500,266.49,261.9,266.49,261.03,2.05
1988-08-11,SPX,标普500,261.9,262.75,262.77,260.34,0.93
1988-08-12,SPX,标普500,262.75,262.55,262.94,261.37,0.6
1988-08-15,SPX,标普500,262.55,258.69,262.55,258.68,1.47
1988-08-16,SPX,标普500,258.69,260.56,262.61,257.5,1.98
1988-08-17,SPX,标普500,260.56,260.77,261.84,259.33,0.96
1988-08-18,SPX,标普500,260.77,261.03,262.76,260.75,0.77
1988-08-19,SPX,标普500,261.03,260.24,262.27,260.23,0.78
1988-08-22,SPX,标普500,260.24,256.98,260.71,256.94,1.45
1988-08-23,SPX,标普500,256.98,257.09,257.86,256.53,0.52
1988-08-24,SPX,标普500,257.09,261.13,261.13,257.09,1.57
1988-08-25,SPX,标普500,261.13,259.18,261.13,257.56,1.37
1988-08-26,SPX,标普500,259.1,259.68,260.15,258.87,0.49
1988-08-29,SPX,标普500,259.68,262.33,262.56,259.68,1.11
1988-08-30,SPX,标普500,262.33,262.51,263.18,261.53,0.63
1988-08-31,SPX,标普500,262.51,261.52,263.8,261.21,0.99
1988-09-01,SPX,标普500,261.52,258.35,261.52,256.98,1.74
1988-09-02,SPX,标普500,258.35,264.48,264.9,258.35,2.54
1988-09-05,SPX,标普500,264.48,264.48,264.48,264.48,0.0
1988-09-06,SPX,标普500,264.48,265.59,265.94,264.4,0.58
1988-09-07,SPX,标普500,265.59,265.87,266.98,264.93,0.77
1988-09-08,SPX,标普500,265.87,265.88,266.54,264.88,0.62
1988-09-09,SPX,标普500,265.88,266.84,268.26,263.66,1.73
1988-09-12,SPX,标普500,266.84,266.47,267.64,266.22,0.53
1988-09-13,SPX,标普500,266.47,267.43,267.43,265.22,0.83
1988-09-14,SPX,标普500,267.43,269.31,269.47,267.41,0.77
1988-09-15,SPX,标普500,269.31,268.13,269.78,268.03,0.65
1988-09-16,SPX,标普500,268.13,270.65,270.81,267.33,1.3
1988-09-19,SPX,标普500,270.65,268.82,270.65,267.41,1.2
1988-09-20,SPX,标普500,268.82,269.73,270.07,268.5,0.58
1988-09-21,SPX,标普500,269.73,270.16,270.64,269.48,0.43
1988-09-22,SPX,标普500,270.16,269.18,270.58,268.26,0.86
1988-09-23,SPX,标普500,269.18,269.76,270.31,268.28,0.75
1988-09-26,SPX,标普500,269.76,268.88,269.8,268.61,0.44
1988-09-27,SPX,标普500,268.88,268.26,269.36,268.01,0.5
1988-09-28,SPX,标普500,268.26,269.08,269.08,267.77,0.49
1988-09-29,SPX,标普500,269.08,272.59,273.02,269.08,1.46
1988-09-30,SPX,标普500,272.59,271.91,274.87,271.66,1.18
1988-10-03,SPX,标普500,271.91,271.38,271.91,268.84,1.13
1988-10-04,SPX,标普500,271.38,270.62,271.79,270.34,0.53
1988-10-05,SPX,标普500,270.62,271.86,272.45,270.08,0.88
1988-10-06,SPX,标普500,271.86,272.39,272.39,271.3,0.4
1988-10-07,SPX,标普500,272.39,278.07,278.07,272.37,2.09
1988-10-10,SPX,标普500,278.07,278.24,278.69,277.1,0.57
1988-10-11,SPX,标普500,278.24,277.93,278.24,276.33,0.69
1988-10-12,SPX,标普500,277.93,273.98,277.93,273.05,1.76
1988-10-13,SPX,标普500,273.98,275.22,275.83,273.39,0.89
1988-10-14,SPX,标普500,275.22,275.5,277.01,274.08,1.06
1988-10-17,SPX,标普500,275.5,276.41,276.65,275.01,0.6
1988-10-18,SPX,标普500,276.41,279.38,279.39,276.41,1.08
1988-10-19,SPX,标普500,279.38,276.97,280.53,274.41,2.19
1988-10-20,SPX,标普500,276.97,282.88,282.88,276.93,2.15
1988-10-21,SPX,标普500,282.88,283.66,283.66,281.16,0.88
1988-10-24,SPX,标普500,283.66,282.28,283.95,282.28,0.59
1988-10-25,SPX,标普500,282.28,282.38,282.84,281.87,0.34
1988-10-26,SPX,标普500,282.38,281.38,282.52,280.54,0.7
1988-10-27,SPX,标普500,281.38,277.28,281.38,276.0,1.91
1988-10-28,SPX,标普500,277.28,278.53,279.48,277.28,0.79
1988-10-31,SPX,标普500,278.53,278.97,279.39,277.14,0.81
1988-11-01,SPX,标普500,278.97,279.06,279.57,278.01,0.56
1988-11-02,SPX,标普500,279.06,279.06,279.45,277.08,0.85
1988-11-03,SPX,标普500,279.06,279.2,280.37,279.04,0.48
1988-11-04,SPX,标普500,279.2,276.31,279.2,276.31,1.04
1988-11-07,SPX,标普500,276.31,273.93,276.31,273.62,0.97
1988-11-08,SPX,标普500,273.93,275.15,275.8,273.93,0.68
1988-11-09,SPX,标普500,275.15,273.33,275.15,272.15,1.09
1988-11-10,SPX,标普500,273.33,273.69,274.37,272.98,0.51
1988-11-11,SPX,标普500,273.69,267.92,273.69,267.92,2.11
1988-11-14,SPX,标普500,267.92,267.72,269.25,266.79,0.92
1988-11-15,SPX,标普500,267.72,268.34,268.75,267.72,0.38
1988-11-16,SPX,标普500,268.34,263.82,268.41,262.85,2.07
1988-11-17,SPX,标普500,263.82,264.6,265.63,263.45,0.83
1988-11-18,SPX,标普500,264.6,266.47,266.62,264.6,0.76
1988-11-21,SPX,标普500,266.47,266.22,266.47,263.41,1.15
1988-11-22,SPX,标普500,266.22,267.21,267.85,265.42,0.91
1988-11-23,SPX,标普500,267.21,269.0,269.56,267.21,0.88
1988-11-24,SPX,标普500,269.0,269.0,269.0,269.0,0.0
1988-11-25,SPX,标普500,269.0,267.23,269.0,266.47,0.94
1988-11-28,SPX,标普500,267.23,268.64,268.98,266.97,0.75
1988-11-29,SPX,标普500,268.64,270.91,271.31,268.13,1.18
1988-11-30,SPX,标普500,270.91,273.7,274.36,270.9,1.28
1988-12-01,SPX,标普500,273.7,272.49,273.7,272.27,0.52
1988-12-02,SPX,标普500,272.49,271.81,272.49,270.47,0.74
1988-12-05,SPX,标普500,271.81,274.93,275.62,271.81,1.4
1988-12-06,SPX,标普500,274.93,277.59,277.89,274.62,1.19
1988-12-07,SPX,标普500,277.59,278.13,279.01,277.34,0.6
1988-12-08,SPX,标普500,278.13,276.57,278.13,276.55,0.57
1988-12-09,SPX,标普500,276.57,277.03,277.82,276.34,0.54
1988-12-12,SPX,标普500,277.03,276.52,278.82,276.52,0.83
1988-12-13,SPX,标普500,276.52,276.31,276.52,274.58,0.7
1988-12-14,SPX,标普500,276.31,275.31,276.31,274.58,0.63
1988-12-15,SPX,标普500,275.31,274.28,275.62,274.01,0.58
1988-12-16,SPX,标普500,274.28,276.29,276.29,274.28,0.73
1988-12-19,SPX,标普500,276.29,278.91,279.31,275.61,1.34
1988-12-20,SPX,标普500,278.91,277.47,280.45,277.47,1.07
1988-12-21,SPX,标普500,277.47,277.38,277.83,276.3,0.55
1988-12-22,SPX,标普500,277.38,276.87,277.89,276.86,0.37
1988-12-23,SPX,标普500,276.87,277.87,277.99,276.87,0.4
1988-12-26,SPX,标普500,277.87,277.87,277.87,277.87,0.0
1988-12-27,SPX,标普500,277.87,276.83,278.09,276.74,0.49
1988-12-28,SPX,标普500,276.83,277.08,277.55,276.17,0.5
1988-12-29,SPX,标普500,277.08,279.4,279.42,277.08,0.84
1988-12-30,SPX,标普500,279.4,277.72,279.78,277.72,0.74
1989-01-02,SPX,标普500,277.72,277.72,277.72,277.72,0.0
1989-01-03,SPX,标普500,277.72,275.31,277.72,273.81,1.41
1989-01-04,SPX,标普500,275.31,279.43,279.75,275.31,1.61
1989-01-05,SPX,标普500,279.43,280.01,281.51,279.43,0.74
1989-01-06,SPX,标普500,280.01,280.67,282.06,280.01,0.73
1989-01-09,SPX,标普500,280.67,280.98,281.89,280.32,0.56
1989-01-10,SPX,标普500,280.98,280.38,281.58,279.44,0.76
1989-01-11,SPX,标普500,280.38,282.01,282.01,280.21,0.64
1989-01-12,SPX,标普500,282.01,283.17,284.63,282.01,0.93
1989-01-13,SPX,标普500,283.17,283.87,284.12,282.71,0.5
1989-01-16,SPX,标普500,283.87,284.14,284.88,283.63,0.44
1989-01-17,SPX,标普500,284.14,283.55,284.14,283.06,0.38
1989-01-18,SPX,标普500,283.55,286.53,286.87,282.65,1.49
1989-01-19,SPX,标普500,286.53,286.9,287.9,286.14,0.61
1989-01-20,SPX,标普500,286.9,286.63,287.04,285.75,0.45
1989-01-23,SPX,标普500,286.63,284.5,287.98,284.5,1.21
1989-01-24,SPX,标普500,284.5,288.49,288.49,284.5,1.4
1989-01-25,SPX,标普500,288.49,289.14,289.15,287.97,0.41
1989-01-26,SPX,标普500,289.14,291.69,292.62,288.13,1.55
1989-01-27,SPX,标普500,291.69,293.82,296.08,291.69,1.51
1989-01-30,SPX,标普500,293.82,294.99,295.13,293.54,0.54
1989-01-31,SPX,标普500,294.99,297.47,297.51,293.57,1.34
1989-02-01,SPX,标普500,297.47,297.09,298.33,296.22,0.71
1989-02-02,SPX,标普500,297.09,296.84,297.92,295.81,0.71
1989-02-03,SPX,标普500,296.84,296.97,297.66,296.15,0.51
1989-02-06,SPX,标普500,296.97,296.04,296.99,294.96,0.68
1989-02-07,SPX,标普500,296.04,299.63,300.34,295.78,1.54
1989-02-08,SPX,标普500,299.63,298.65,300.57,298.41,0.72
1989-02-09,SPX,标普500,298.65,296.06,298.79,295.16,1.22
1989-02-10,SPX,标普500,296.06,292.02,296.06,291.96,1.38
1989-02-13,SPX,标普500,292.02,292.54,293.07,290.88,0.75
1989-02-14,SPX,标普500,292.54,291.81,294.37,291.41,1.01
1989-02-15,SPX,标普500,291.81,294.24,294.42,291.49,1.0
1989-02-16,SPX,标普500,294.24,294.81,295.15,294.22,0.32
1989-02-17,SPX,标普500,294.81,296.76,297.12,294.69,0.82
1989-02-20,SPX,标普500,296.76,296.76,296.76,296.76,0.0
1989-02-21,SPX,标普500,296.76,295.98,297.04,295.16,0.63
1989-02-22,SPX,标普500,295.98,290.91,295.98,290.76,1.76
1989-02-23,SPX,标普500,290.91,292.05,292.05,289.83,0.76
1989-02-24,SPX,标普500,292.05,287.13,292.05,287.13,1.68
1989-02-27,SPX,标普500,287.13,287.82,288.12,286.26,0.65
1989-02-28,SPX,标普500,287.82,288.86,289.42,287.63,0.62
1989-03-01,SPX,标普500,288.86,287.11,290.28,286.46,1.32
1989-03-02,SPX,标普500,287.11,289.95,290.32,287.11,1.12
1989-03-03,SPX,标普500,289.95,291.18,291.18,289.44,0.6
1989-03-06,SPX,标普500,291.18,294.81,294.81,291.18,1.25
1989-03-07,SPX,标普500,294.81,293.87,295.16,293.5,0.56
1989-03-08,SPX,标普500,293.87,294.08,295.62,293.51,0.72
1989-03-09,SPX,标普500,294.08,293.93,294.69,293.85,0.29
1989-03-10,SPX,标普500,293.93,292.88,293.93,291.6,0.79
1989-03-13,SPX,标普500,292.88,295.32,296.18,292.88,1.13
1989-03-14,SPX,标普500,295.32,295.14,296.29,294.63,0.56
1989-03-15,SPX,标普500,295.14,296.67,296.78,295.14,0.56
1989-03-16,SPX,标普500,296.67,299.44,299.99,296.66,1.12
1989-03-17,SPX,标普500,299.44,292.69,299.44,291.08,2.79
1989-03-20,SPX,标普500,292.69,289.92,292.69,288.56,1.41
1989-03-21,SPX,标普500,289.92,291.33,292.38,289.92,0.85
1989-03-22,SPX,标普500,291.33,290.49,291.46,289.9,0.54
1989-03-23,SPX,标普500,290.49,288.98,291.51,288.56,1.02
1989-03-24,SPX,标普500,288.98,288.98,288.98,288.98,0.0
1989-03-27,SPX,标普500,288.98,290.57,290.57,288.18,0.83
1989-03-28,SPX,标普500,290.57,291.59,292.32,290.57,0.6
1989-03-29,SPX,标普500,291.59,292.35,292.75,291.42,0.46
1989-03-30,SPX,标普500,292.35,292.52,293.8,291.5,0.79
1989-03-31,SPX,标普500,292.52,294.87,294.96,292.52,0.83
1989-04-03,SPX,标普500,294.87,296.39,297.04,294.62,0.82
1989-04-04,SPX,标普500,296.39,295.31,296.4,294.72,0.57
1989-04-05,SPX,标普500,295.31,296.24,296.43,295.28,0.39
1989-04-06,SPX,标普500,296.24,295.29,296.24,294.52,0.58
1989-04-07,SPX,标普500,295.29,297.16,297.62,294.35,1.11
1989-04-10,SPX,标普500,297.16,297.11,297.94,296.85,0.37
1989-04-11,SPX,标普500,297.11,298.49,298.87,297.11,0.59
1989-04-12,SPX,标普500,298.49,298.99,299.81,298.49,0.44
1989-04-13,SPX,标普500,298.99,296.4,299.0,296.27,0.91
1989-04-14,SPX,标普500,296.4,301.36,301.38,296.4,1.68
1989-04-17,SPX,标普500,301.36,301.72,302.01,300.71,0.43
1989-04-18,SPX,标普500,301.72,306.02,306.25,301.72,1.5
1989-04-19,SPX,标普500,306.02,307.15,307.68,305.36,0.76
1989-04-20,SPX,标普500,307.15,306.19,307.96,304.53,1.12
1989-04-21,SPX,标普500,306.19,309.61,309.61,306.19,1.12
1989-04-24,SPX,标普500,309.61,308.69,309.61,307.83,0.57
1989-04-25,SPX,标普500,308.69,306.75,309.65,306.74,0.94
1989-04-26,SPX,标普500,306.75,306.93,307.3,306.07,0.4
1989-04-27,SPX,标普500,306.93,309.58,310.45,306.93,1.15
1989-04-28,SPX,标普500,309.58,309.64,309.65,308.48,0.38
1989-05-01,SPX,标普500,309.64,309.12,309.64,307.4,0.72
1989-05-02,SPX,标普500,309.12,308.12,310.45,308.12,0.75
1989-05-03,SPX,标普500,308.12,308.16,308.52,307.11,0.46
1989-05-04,SPX,标普500,308.16,307.77,308.4,307.32,0.35
1989-05-05,SPX,标普500,307.77,307.61,310.69,306.98,1.21
1989-05-08,SPX,标普500,307.61,306.0,307.61,304.74,0.93
1989-05-09,SPX,标普500,306.0,305.19,306.99,304.06,0.96
1989-05-10,SPX,标普500,305.19,305.8,306.25,304.85,0.46
1989-05-11,SPX,标普500,305.8,306.95,307.34,305.8,0.5
1989-05-12,SPX,标普500,306.95,313.84,313.84,306.95,2.24
1989-05-15,SPX,标普500,313.84,316.16,316.16,313.84,0.74
1989-05-16,SPX,标普500,316.16,315.28,316.16,314.99,0.37
1989-05-17,SPX,标普500,315.28,317.48,317.94,315.11,0.9
1989-05-18,SPX,标普500,317.48,317.97,318.52,316.54,0.62
1989-05-19,SPX,标普500,317.97,321.24,321.38,317.97,1.07
1989-05-22,SPX,标普500,321.24,321.98,323.06,320.45,0.81
1989-05-23,SPX,标普500,321.98,318.32,321.98,318.2,1.17
1989-05-24,SPX,标普500,318.32,319.14,319.14,317.58,0.49
1989-05-25,SPX,标普500,319.14,319.17,319.6,318.42,0.37
1989-05-26,SPX,标普500,319.17,321.59,321.59,319.14,0.77
1989-05-29,SPX,标普500,321.59,321.59,321.59,321.59,0.0
1989-05-30,SPX,标普500,321.59,319.05,322.53,317.83,1.46
1989-05-31,SPX,标普500,319.05,320.52,321.3,318.68,0.82
1989-06-01,SPX,标普500,320.52,321.97,322.57,320.01,0.8
1989-06-02,SPX,标普500,321.97,325.52,325.63,321.97,1.14
1989-06-05,SPX,标普500,325.52,322.03,325.93,322.02,1.2
1989-06-06,SPX,标普500,322.03,324.24,324.48,321.27,1.0
1989-06-07,SPX,标普500,324.24,326.95,327.39,324.24,0.97
1989-06-08,SPX,标普500,326.95,326.75,327.37,325.92,0.44
1989-06-09,SPX,标普500,326.75,326.69,327.32,325.16,0.66
1989-06-12,SPX,标普500,326.69,326.24,326.69,323.73,0.91
1989-06-13,SPX,标普500,326.24,323.91,326.24,322.96,1.01
1989-06-14,SPX,标普500,323.91,323.83,324.89,322.8,0.65
1989-06-15,SPX,标普500,323.83,320.08,323.83,319.21,1.43
1989-06-16,SPX,标普500,320.08,321.35,321.36,318.69,0.83
1989-06-19,SPX,标普500,321.35,321.89,321.89,320.4,0.46
1989-06-20,SPX,标普500,321.89,321.25,322.78,321.03,0.54
1989-06-21,SPX,标普500,321.25,320.48,321.87,319.25,0.82
1989-06-22,SPX,标普500,320.48,322.32,322.34,320.2,0.67
1989-06-23,SPX,标普500,322.32,328.0,328.0,322.32,1.76
1989-06-26,SPX,标普500,328.0,326.6,328.15,326.31,0.56
1989-06-27,SPX,标普500,326.6,328.44,329.19,326.59,0.8
1989-06-28,SPX,标普500,328.44,325.81,328.44,324.3,1.26
1989-06-29,SPX,标普500,325.81,319.68,325.81,319.54,1.92
1989-06-30,SPX,标普500,319.68,317.98,319.97,314.38,1.75
1989-07-03,SPX,标普500,317.98,319.23,319.27,317.27,0.63
1989-07-04,SPX,标普500,319.23,319.23,319.23,319.23,0.0
1989-07-05,SPX,标普500,319.23,320.64,321.22,317.26,1.24
1989-07-06,SPX,标普500,320.64,321.55,321.55,320.45,0.34
1989-07-07,SPX,标普500,321.55,324.91,325.87,321.08,1.49
1989-07-10,SPX,标普500,324.91,327.07,327.07,324.91,0.66
1989-07-11,SPX,标普500,327.07,328.78,330.42,327.07,1.02
1989-07-12,SPX,标普500,328.78,329.81,330.39,327.92,0.75
1989-07-13,SPX,标普500,329.81,329.95,330.37,329.08,0.39
1989-07-14,SPX,标普500,329.95,331.84,331.89,327.13,1.44
1989-07-17,SPX,标普500,331.84,332.44,333.02,331.02,0.6
1989-07-18,SPX,标普500,332.44,331.35,332.44,330.75,0.51
1989-07-19,SPX,标普500,331.35,335.73,335.73,331.35,1.32
1989-07-20,SPX,标普500,335.73,333.51,337.4,333.22,1.25
1989-07-21,SPX,标普500,333.51,335.9,335.91,332.46,1.03
1989-07-24,SPX,标普500,335.9,333.67,335.9,333.44,0.73
1989-07-25,SPX,标普500,333.67,333.88,336.29,332.6,1.11
1989-07-26,SPX,标普500,333.88,338.05,338.05,333.19,1.46
1989-07-27,SPX,标普500,338.05,341.99,342.0,338.05,1.17
1989-07-28,SPX,标普500,341.99,342.15,342.96,341.3,0.49
1989-07-31,SPX,标普500,342.15,346.08,346.08,342.02,1.19
1989-08-01,SPX,标普500,346.08,343.75,347.99,342.93,1.46
1989-08-02,SPX,标普500,343.75,344.34,344.34,342.47,0.54
1989-08-03,SPX,标普500,344.34,344.74,345.22,343.81,0.41
1989-08-04,SPX,标普500,344.74,343.92,345.42,342.6,0.82
1989-08-07,SPX,标普500,343.92,349.41,349.42,343.91,1.6
1989-08-08,SPX,标普500,349.41,349.35,349.84,348.28,0.45
1989-08-09,SPX,标普500,349.35,346.94,351.0,346.86,1.19
1989-08-10,SPX,标普500,346.94,348.25,349.78,345.31,1.29
1989-08-11,SPX,标普500,348.25,344.74,351.18,344.01,2.06
1989-08-14,SPX,标普500,344.74,343.06,345.44,341.96,1.01
1989-08-15,SPX,标普500,343.06,344.71,345.03,343.05,0.58
1989-08-16,SPX,标普500,344.71,345.66,346.37,344.71,0.48
1989-08-17,SPX,标普500,345.66,344.45,346.39,342.97,0.99
1989-08-18,SPX,标普500,344.45,346.03,346.03,343.89,0.62
1989-08-21,SPX,标普500,346.03,340.67,346.25,340.55,1.65
1989-08-22,SPX,标普500,340.67,341.19,341.25,339.0,0.66
1989-08-23,SPX,标普500,341.19,344.7,344.8,341.19,1.06
1989-08-24,SPX,标普500,344.7,351.52,351.52,344.7,1.98
1989-08-25,SPX,标普500,351.52,350.52,352.73,350.09,0.75
1989-08-28,SPX,标普500,350.52,352.09,352.09,349.08,0.86
1989-08-29,SPX,标普500,352.09,349.84,352.12,348.86,0.93
1989-08-30,SPX,标普500,349.84,350.65,352.27,348.66,1.03
1989-08-31,SPX,标普500,350.65,351.45,351.45,350.21,0.35
1989-09-01,SPX,标普500,351.45,353.73,353.9,350.88,0.86
1989-09-04,SPX,标普500,353.73,353.73,353.73,353.73,0.0
1989-09-05,SPX,标普500,353.73,352.56,354.13,351.82,0.65
1989-09-06,SPX,标普500,352.56,349.24,352.56,347.98,1.3
1989-09-07,SPX,标普500,349.24,348.35,350.31,348.15,0.62
1989-09-08,SPX,标普500,348.35,348.76,349.18,345.74,0.99
1989-09-11,SPX,标普500,348.76,347.66,348.76,345.91,0.82
1989-09-12,SPX,标普500,347.66,348.7,349.46,347.5,0.56
1989-09-13,SPX,标普500,348.7,345.46,350.1,345.46,1.33
1989-09-14,SPX,标普500,345.46,343.16,345.61,342.55,0.89
1989-09-15,SPX,标普500,343.16,345.06,345.06,341.37,1.08
1989-09-18,SPX,标普500,345.06,346.73,346.84,344.6,0.65
1989-09-19,SPX,标普500,346.73,346.55,348.17,346.44,0.5
1989-09-20,SPX,标普500,346.55,346.47,347.27,346.18,0.31
1989-09-21,SPX,标普500,346.47,345.7,348.46,344.96,1.01
1989-09-22,SPX,标普500,345.7,347.05,347.57,345.69,0.54
1989-09-25,SPX,标普500,347.05,344.23,347.05,343.7,0.97
1989-09-26,SPX,标普500,344.23,344.33,347.02,344.13,0.84
1989-09-27,SPX,标普500,344.33,345.1,345.47,342.85,0.76
1989-09-28,SPX,标普500,345.1,348.6,348.61,345.1,1.02
1989-09-29,SPX,标普500,348.6,349.15,350.31,348.12,0.63
1989-10-02,SPX,标普500,349.15,350.87,350.99,348.35,0.76
1989-10-03,SPX,标普500,350.87,354.71,354.73,350.85,1.11
1989-10-04,SPX,标普500,354.71,356.94,357.49,354.71,0.78
1989-10-05,SPX,标普500,356.94,356.97,357.63,356.28,0.38
1989-10-06,SPX,标普500,356.97,358.78,359.05,356.97,0.58
1989-10-09,SPX,标普500,358.78,359.8,359.86,358.06,0.5
1989-10-10,SPX,标普500,359.8,359.13,360.44,358.11,0.65
1989-10-11,SPX,标普500,359.13,356.99,359.13,356.08,0.85
1989-10-12,SPX,标普500,356.99,355.39,356.99,354.91,0.58
1989-10-13,SPX,标普500,355.39,333.65,355.53,332.81,6.39
1989-10-16,SPX,标普500,333.65,342.85,342.87,327.12,4.72
1989-10-17,SPX,标普500,342.85,341.16,342.85,335.69,2.09
1989-10-18,SPX,标普500,341.16,341.76,343.39,339.03,1.28
1989-10-19,SPX,标普500,341.76,347.13,348.82,341.76,2.07
1989-10-20,SPX,标普500,347.13,347.16,347.57,344.47,0.89
1989-10-23,SPX,标普500,347.16,344.83,348.19,344.22,1.14
1989-10-24,SPX,标普500,344.83,343.7,344.83,335.13,2.81
1989-10-25,SPX,标普500,343.7,342.5,344.51,341.96,0.74
1989-10-26,SPX,标普500,342.5,337.93,342.5,337.2,1.55
1989-10-27,SPX,标普500,337.93,335.06,337.97,333.26,1.39
1989-10-30,SPX,标普500,335.06,335.07,337.04,334.48,0.76
1989-10-31,SPX,标普500,335.07,340.36,340.86,335.07,1.73
1989-11-01,SPX,标普500,340.36,341.2,341.74,339.79,0.57
1989-11-02,SPX,标普500,341.2,338.48,341.2,336.61,1.35
1989-11-03,SPX,标普500,338.48,337.62,339.67,337.37,0.68
1989-11-06,SPX,标普500,337.62,332.61,337.62,332.33,1.57
1989-11-07,SPX,标普500,332.61,334.81,334.82,330.91,1.18
1989-11-08,SPX,标普500,334.81,338.15,339.41,334.81,1.37
1989-11-09,SPX,标普500,338.15,336.57,338.73,336.21,0.75
1989-11-10,SPX,标普500,336.57,339.1,339.1,336.57,0.75
1989-11-13,SPX,标普500,339.1,339.55,340.51,337.93,0.76
1989-11-14,SPX,标普500,339.55,337.99,340.41,337.06,0.99
1989-11-15,SPX,标普500,337.99,340.54,340.54,337.14,1.01
1989-11-16,SPX,标普500,340.54,340.58,341.02,338.93,0.61
1989-11-17,SPX,标普500,340.58,341.61,342.24,339.85,0.7
1989-11-20,SPX,标普500,341.61,339.35,341.9,338.29,1.06
1989-11-21,SPX,标普500,339.35,339.59,340.21,337.53,0.79
1989-11-22,SPX,标普500,339.59,341.91,341.92,339.59,0.69
1989-11-23,SPX,标普500,341.91,341.91,341.91,341.91,0.0
1989-11-24,SPX,标普500,341.91,343.97,344.24,341.91,0.68
1989-11-27,SPX,标普500,343.97,345.61,346.24,343.97,0.66
1989-11-28,SPX,标普500,345.61,345.77,346.33,344.41,0.56
1989-11-29,SPX,标普500,345.77,343.6,345.77,343.36,0.7
1989-11-30,SPX,标普500,343.6,345.99,346.5,343.57,0.85
1989-12-01,SPX,标普500,345.99,350.63,351.88,345.99,1.7
1989-12-04,SPX,标普500,350.63,351.41,351.51,350.32,0.34
1989-12-05,SPX,标普500,351.41,349.58,352.24,349.58,0.76
1989-12-06,SPX,标普500,349.58,348.55,349.94,347.91,0.58
1989-12-07,SPX,标普500,348.55,347.59,349.84,346.0,1.1
1989-12-08,SPX,标普500,347.59,348.69,349.6,347.59,0.58
1989-12-11,SPX,标普500,348.69,348.56,348.74,346.39,0.67
1989-12-12,SPX,标普500,348.56,351.73,352.21,348.41,1.09
1989-12-13,SPX,标普500,351.73,352.75,354.1,351.65,0.7
1989-12-14,SPX,标普500,352.75,350.93,352.75,350.08,0.76
1989-12-15,SPX,标普500,350.93,350.14,351.86,346.08,1.65
1989-12-18,SPX,标普500,350.14,343.69,350.88,342.19,2.48
1989-12-19,SPX,标普500,343.69,342.46,343.74,339.63,1.2
1989-12-20,SPX,标普500,342.46,342.84,343.7,341.79,0.56
1989-12-21,SPX,标普500,342.84,344.78,345.03,342.84,0.64
1989-12-22,SPX,标普500,344.78,347.42,347.53,344.76,0.8
1989-12-25,SPX,标普500,347.42,347.42,347.42,347.42,0.0
1989-12-26,SPX,标普500,347.42,346.81,347.87,346.53,0.39
1989-12-27,SPX,标普500,346.81,348.81,349.12,346.81,0.67
1989-12-28,SPX,标普500,348.81,350.67,350.68,348.76,0.55
1989-12-29,SPX,标普500,350.67,353.4,353.41,350.67,0.78
1990-01-01,SPX,标普500,348.8,350.67,350.68,348.76,0.54
1990-01-02,SPX,标普500,353.4,359.69,359.69,351.98,2.2
1990-01-03,SPX,标普500,359.69,358.76,360.59,357.89,0.75
1990-01-04,SPX,标普500,358.76,355.67,358.76,352.89,1.64
1990-01-05,SPX,标普500,355.67,352.2,355.67,351.35,1.21
1990-01-08,SPX,标普500,352.2,353.79,354.24,350.54,1.05
1990-01-09,SPX,标普500,353.79,349.62,354.17,349.61,1.29
1990-01-10,SPX,标普500,349.62,347.31,349.62,344.32,1.52
1990-01-11,SPX,标普500,347.31,348.53,350.14,347.31,0.81
1990-01-12,SPX,标普500,348.53,339.93,348.53,339.49,2.59
1990-01-15,SPX,标普500,339.93,337.0,339.94,336.57,0.99
1990-01-16,SPX,标普500,337.0,340.75,340.75,333.37,2.19
1990-01-17,SPX,标普500,340.75,337.4,342.01,336.26,1.69
1990-01-18,SPX,标普500,337.4,338.19,338.38,333.98,1.3
1990-01-19,SPX,标普500,338.19,339.15,340.48,338.19,0.68
1990-01-22,SPX,标普500,339.15,330.38,339.96,330.28,2.85
1990-01-23,SPX,标普500,330.38,331.61,332.76,328.67,1.24
1990-01-24,SPX,标普500,331.61,330.26,331.71,324.17,2.27
1990-01-25,SPX,标普500,330.26,326.08,332.33,325.33,2.12
1990-01-26,SPX,标普500,326.08,325.8,328.58,321.44,2.19
1990-01-29,SPX,标普500,325.8,325.2,327.31,321.79,1.69
1990-01-30,SPX,标普500,325.2,322.98,325.73,319.83,1.81
1990-01-31,SPX,标普500,322.98,329.08,329.08,322.98,1.89
1990-02-01,SPX,标普500,329.08,328.79,329.86,327.76,0.64
1990-02-02,SPX,标普500,328.79,330.92,332.1,328.09,1.22
1990-02-05,SPX,标普500,330.92,331.85,332.16,330.45,0.52
1990-02-06,SPX,标普500,331.85,329.66,331.86,328.2,1.1
1990-02-07,SPX,标普500,329.66,333.75,333.76,326.55,2.19
1990-02-08,SPX,标普500,333.75,332.96,336.09,332.0,1.23
1990-02-09,SPX,标普500,332.96,333.62,334.6,332.41,0.66
1990-02-12,SPX,标普500,333.62,330.08,333.62,329.97,1.09
1990-02-13,SPX,标普500,330.08,331.02,331.61,327.92,1.12
1990-02-14,SPX,标普500,331.02,332.01,333.2,330.64,0.77
1990-02-15,SPX,标普500,332.01,334.89,335.21,331.61,1.08
1990-02-16,SPX,标普500,334.89,332.72,335.64,332.42,0.96
1990-02-19,SPX,标普500,332.72,332.72,332.72,332.72,0.0
1990-02-20,SPX,标普500,332.72,327.99,332.72,326.26,1.94
1990-02-21,SPX,标普500,327.99,327.67,328.17,324.47,1.13
1990-02-22,SPX,标普500,327.67,325.7,330.98,325.7,1.61
1990-02-23,SPX,标普500,325.7,324.15,326.15,322.1,1.24
1990-02-26,SPX,标普500,324.15,328.67,328.67,323.98,1.45
1990-02-27,SPX,标普500,328.67,330.26,331.94,328.47,1.06
1990-02-28,SPX,标普500,330.26,331.89,333.48,330.16,1.01
1990-03-01,SPX,标普500,331.89,332.74,334.4,331.08,1.0
1990-03-02,SPX,标普500,332.74,335.54,335.54,332.72,0.85
1990-03-05,SPX,标普500,335.54,333.74,336.38,333.49,0.86
1990-03-06,SPX,标普500,333.74,337.93,337.93,333.57,1.31
1990-03-07,SPX,标普500,337.93,336.95,338.84,336.33,0.74
1990-03-08,SPX,标普500,336.95,340.27,340.66,336.95,1.1
1990-03-09,SPX,标普500,340.27,337.93,340.27,336.84,1.01
1990-03-12,SPX,标普500,337.93,338.67,339.08,336.14,0.87
1990-03-13,SPX,标普500,338.67,336.0,338.67,335.36,0.98
1990-03-14,SPX,标普500,336.0,336.87,337.63,334.93,0.8
1990-03-15,SPX,标普500,336.87,338.07,338.91,336.87,0.61
1990-03-16,SPX,标普500,338.07,341.91,341.91,338.07,1.14
1990-03-19,SPX,标普500,341.91,343.53,343.76,339.12,1.36
1990-03-20,SPX,标普500,343.53,341.57,344.49,340.87,1.05
1990-03-21,SPX,标普500,341.57,339.74,342.34,339.56,0.81
1990-03-22,SPX,标普500,339.74,335.69,339.77,333.62,1.81
1990-03-23,SPX,标普500,335.65,337.22,337.58,335.65,0.57
1990-03-26,SPX,标普500,337.22,337.63,339.74,337.22,0.75
1990-03-27,SPX,标普500,337.63,341.5,341.5,337.03,1.32
1990-03-28,SPX,标普500,341.5,342.0,342.58,340.6,0.58
1990-03-29,SPX,标普500,342.0,340.79,342.07,339.77,0.67
1990-03-30,SPX,标普500,340.79,339.94,341.41,338.21,0.94
1990-04-02,SPX,标普500,339.94,338.7,339.94,336.33,1.06
1990-04-03,SPX,标普500,338.7,343.64,343.76,338.7,1.49
1990-04-04,SPX,标普500,343.64,341.09,344.12,340.4,1.08
1990-04-05,SPX,标普500,341.09,340.73,342.85,340.63,0.65
1990-04-06,SPX,标普500,340.73,340.08,341.73,338.94,0.82
1990-04-09,SPX,标普500,340.08,341.37,341.83,339.88,0.57
1990-04-10,SPX,标普500,341.37,342.07,342.41,340.62,0.52
1990-04-11,SPX,标普500,342.07,341.92,343.0,341.26,0.51
1990-04-12,SPX,标普500,341.92,344.34,344.79,341.91,0.84
1990-04-13,SPX,标普500,344.34,344.34,344.34,344.34,0.0
1990-04-16,SPX,标普500,344.34,344.74,347.3,344.1,0.93
1990-04-17,SPX,标普500,344.74,344.68,345.19,342.06,0.91
1990-04-18,SPX,标普500,344.68,340.72,345.33,340.11,1.51
1990-04-19,SPX,标普500,340.72,338.09,340.72,337.59,0.92
1990-04-20,SPX,标普500,338.09,335.12,338.52,333.41,1.51
1990-04-23,SPX,标普500,335.12,331.05,335.12,330.09,1.5
1990-04-24,SPX,标普500,331.05,330.36,332.97,329.71,0.98
1990-04-25,SPX,标普500,330.36,332.03,332.74,330.36,0.72
1990-04-26,SPX,标普500,332.03,332.92,333.76,330.67,0.93
1990-04-27,SPX,标普500,332.92,329.11,333.57,328.71,1.46
1990-04-30,SPX,标普500,329.11,330.8,331.31,327.76,1.08
1990-05-01,SPX,标普500,330.8,332.25,332.83,330.8,0.61
1990-05-02,SPX,标普500,332.25,334.48,334.48,332.15,0.7
1990-05-03,SPX,标普500,334.48,335.57,337.02,334.47,0.76
1990-05-04,SPX,标普500,335.57,338.39,338.46,335.17,0.98
1990-05-07,SPX,标普500,338.39,340.53,341.07,338.11,0.87
1990-05-08,SPX,标普500,340.53,342.01,342.03,340.17,0.55
1990-05-09,SPX,标普500,342.01,342.86,343.08,340.9,0.64
1990-05-10,SPX,标普500,342.86,343.82,344.98,342.77,0.64
1990-05-11,SPX,标普500,343.82,352.0,352.31,343.82,2.47
1990-05-14,SPX,标普500,352.0,354.75,358.41,351.95,1.84
1990-05-15,SPX,标普500,354.75,354.28,355.09,352.84,0.63
1990-05-16,SPX,标普500,354.28,354.0,354.68,351.95,0.77
1990-05-17,SPX,标普500,354.0,354.47,356.92,354.0,0.82
1990-05-18,SPX,标普500,354.47,354.64,354.64,352.52,0.6
1990-05-21,SPX,标普500,354.64,358.0,359.07,353.78,1.49
1990-05-22,SPX,标普500,358.0,358.43,360.5,356.09,1.23
1990-05-23,SPX,标普500,358.43,359.29,359.29,356.99,0.64
1990-05-24,SPX,标普500,359.29,358.41,359.56,357.87,0.47
1990-05-25,SPX,标普500,358.41,354.58,358.41,354.32,1.14
1990-05-28,SPX,标普500,354.58,354.58,354.58,354.58,0.0
1990-05-29,SPX,标普500,354.58,360.65,360.65,354.55,1.72
1990-05-30,SPX,标普500,360.65,360.86,362.26,360.0,0.63
1990-05-31,SPX,标普500,360.86,361.23,361.84,360.23,0.45
1990-06-01,SPX,标普500,361.23,363.16,363.52,361.21,0.64
1990-06-04,SPX,标普500,363.16,367.4,367.85,362.43,1.49
1990-06-05,SPX,标普500,367.4,366.64,368.78,365.49,0.9
1990-06-06,SPX,标普500,366.64,364.96,366.64,364.42,0.61
1990-06-07,SPX,标普500,364.96,363.15,365.92,361.6,1.18
1990-06-08,SPX,标普500,363.15,358.71,363.49,357.68,1.6
1990-06-11,SPX,标普500,358.71,361.63,361.63,357.7,1.1
1990-06-12,SPX,标普500,361.63,366.25,367.27,361.15,1.69
1990-06-13,SPX,标普500,366.25,364.9,367.09,364.51,0.7
1990-06-14,SPX,标普500,364.9,362.9,364.9,361.64,0.89
1990-06-15,SPX,标普500,362.9,362.91,363.14,360.71,0.67
1990-06-18,SPX,标普500,362.91,356.88,362.91,356.88,1.66
1990-06-19,SPX,标普500,356.88,358.47,358.9,356.18,0.76
1990-06-20,SPX,标普500,358.47,359.1,359.91,357.0,0.81
1990-06-21,SPX,标普500,359.1,360.47,360.88,357.63,0.91
1990-06-22,SPX,标普500,360.47,355.43,363.2,355.31,2.19
1990-06-25,SPX,标普500,355.43,352.31,356.41,351.91,1.27
1990-06-26,SPX,标普500,352.31,352.06,356.09,351.85,1.2
1990-06-27,SPX,标普500,352.06,355.14,355.89,351.23,1.32
1990-06-28,SPX,标普500,355.14,357.63,357.63,355.14,0.7
1990-06-29,SPX,标普500,357.63,358.02,359.09,357.3,0.5
1990-07-02,SPX,标普500,358.02,359.54,359.58,357.54,0.57
1990-07-03,SPX,标普500,359.54,360.16,360.73,359.44,0.36
1990-07-04,SPX,标普500,360.16,360.16,360.16,360.16,0.0
1990-07-05,SPX,标普500,360.16,355.68,360.16,354.86,1.47
1990-07-06,SPX,标普500,355.68,358.42,359.02,354.64,1.23
1990-07-09,SPX,标普500,358.42,359.52,360.05,358.11,0.54
1990-07-10,SPX,标普500,359.52,356.49,359.74,356.41,0.93
1990-07-11,SPX,标普500,356.49,361.23,361.23,356.49,1.33
1990-07-12,SPX,标普500,361.23,365.44,365.46,360.57,1.35
1990-07-13,SPX,标普500,365.44,367.31,369.68,365.44,1.16
1990-07-16,SPX,标普500,367.31,368.95,369.78,367.3,0.68
1990-07-17,SPX,标普500,368.95,367.52,369.4,364.99,1.2
1990-07-18,SPX,标普500,367.52,364.22,367.52,362.95,1.24
1990-07-19,SPX,标普500,364.22,365.32,365.32,361.29,1.11
1990-07-20,SPX,标普500,365.32,361.61,366.64,361.58,1.39
1990-07-23,SPX,标普500,361.61,355.31,361.61,350.09,3.19
1990-07-24,SPX,标普500,355.31,355.79,356.09,351.46,1.3
1990-07-25,SPX,标普500,355.79,357.09,357.52,354.8,0.76
1990-07-26,SPX,标普500,357.09,355.91,357.47,353.95,0.99
1990-07-27,SPX,标普500,355.91,353.44,355.94,352.14,1.07
1990-07-30,SPX,标普500,353.44,355.55,355.55,351.15,1.24
1990-07-31,SPX,标普500,355.55,356.15,357.54,353.91,1.02
1990-08-01,SPX,标普500,356.15,355.52,357.35,353.82,0.99
1990-08-02,SPX,标普500,355.52,351.48,355.52,349.73,1.63
1990-08-03,SPX,标普500,351.48,344.86,351.48,338.2,3.78
1990-08-06,SPX,标普500,344.86,334.43,344.86,333.27,3.36
1990-08-07,SPX,标普500,334.43,334.83,338.63,332.22,1.92
1990-08-08,SPX,标普500,334.83,338.35,339.21,334.83,1.31
1990-08-09,SPX,标普500,338.35,339.94,340.56,337.56,0.89
1990-08-10,SPX,标普500,339.94,335.52,339.94,334.22,1.68
1990-08-13,SPX,标普500,335.52,338.84,338.84,333.13,1.7
1990-08-14,SPX,标普500,335.73,339.39,340.96,335.73,1.54
1990-08-15,SPX,标普500,339.39,340.06,341.92,339.38,0.75
1990-08-16,SPX,标普500,340.06,332.39,340.06,332.39,2.26
1990-08-17,SPX,标普500,332.39,327.83,332.39,324.63,2.33
1990-08-20,SPX,标普500,327.83,328.51,329.9,327.07,0.86
1990-08-21,SPX,标普500,328.51,321.86,328.51,318.78,2.96
1990-08-22,SPX,标普500,321.86,316.55,324.15,316.55,2.36
1990-08-23,SPX,标普500,316.55,307.06,316.55,306.56,3.16
1990-08-24,SPX,标普500,307.06,311.51,311.65,306.18,1.78
1990-08-27,SPX,标普500,311.51,321.44,323.11,311.51,3.72
1990-08-28,SPX,标普500,321.44,321.34,322.2,320.25,0.61
1990-08-29,SPX,标普500,321.34,324.19,325.83,320.87,1.54
1990-08-30,SPX,标普500,324.19,318.71,324.57,317.82,2.08
1990-08-31,SPX,标普500,318.71,322.56,322.57,316.59,1.88
1990-09-03,SPX,标普500,322.56,322.56,322.56,322.56,0.0
1990-09-04,SPX,标普500,322.56,323.09,323.09,319.11,1.23
1990-09-05,SPX,标普500,323.09,324.39,324.52,320.99,1.09
1990-09-06,SPX,标普500,324.39,320.46,324.39,319.37,1.55
1990-09-07,SPX,标普500,320.46,323.4,324.18,319.71,1.39
1990-09-10,SPX,标普500,323.4,321.63,326.53,320.31,1.92
1990-09-11,SPX,标普500,321.63,321.04,322.18,319.6,0.8
1990-09-12,SPX,标普500,321.04,322.54,322.55,319.6,0.92
1990-09-13,SPX,标普500,322.54,318.65,322.54,318.02,1.4
1990-09-14,SPX,标普500,318.65,316.83,318.65,314.76,1.22
1990-09-17,SPX,标普500,316.83,317.77,318.05,315.21,0.9
1990-09-18,SPX,标普500,317.77,318.6,318.85,314.27,1.44
1990-09-19,SPX,标普500,318.6,316.6,319.35,316.25,0.97
1990-09-20,SPX,标普500,316.6,311.48,316.6,310.55,1.91
1990-09-21,SPX,标普500,311.48,311.32,312.17,307.98,1.35
1990-09-24,SPX,标普500,311.32,304.59,311.32,303.58,2.49
1990-09-25,SPX,标普500,304.55,308.26,308.27,304.23,1.33
1990-09-26,SPX,标普500,308.26,305.06,308.28,303.05,1.7
1990-09-27,SPX,标普500,305.06,300.97,307.47,299.1,2.74
1990-09-28,SPX,标普500,300.97,306.05,306.05,295.98,3.35
1990-10-01,SPX,标普500,306.05,314.94,314.94,306.05,2.9
1990-10-02,SPX,标普500,314.94,315.21,319.69,314.94,1.51
1990-10-03,SPX,标普500,315.21,311.4,316.26,310.7,1.76
1990-10-04,SPX,标普500,311.4,312.69,313.4,308.59,1.54
1990-10-05,SPX,标普500,312.69,311.5,314.79,305.76,2.89
1990-10-08,SPX,标普500,311.5,313.48,315.03,311.5,1.13
1990-10-09,SPX,标普500,313.48,305.1,313.48,305.09,2.68
1990-10-10,SPX,标普500,305.1,300.39,306.43,299.21,2.37
1990-10-11,SPX,标普500,300.39,295.46,301.45,294.51,2.31
1990-10-12,SPX,标普500,295.46,300.03,301.68,295.22,2.19
1990-10-15,SPX,标普500,300.03,303.23,304.79,296.41,2.79
1990-10-16,SPX,标普500,303.23,298.92,304.34,298.12,2.05
1990-10-17,SPX,标普500,298.92,298.76,301.5,297.79,1.24
1990-10-18,SPX,标普500,298.76,305.74,305.74,298.75,2.34
1990-10-19,SPX,标普500,305.74,312.48,312.48,305.74,2.2
1990-10-22,SPX,标普500,312.48,314.76,315.83,310.47,1.72
1990-10-23,SPX,标普500,314.76,312.36,315.06,312.06,0.95
1990-10-24,SPX,标普500,312.36,312.6,313.51,310.73,0.89
1990-10-25,SPX,标普500,312.6,310.17,313.71,309.7,1.28
1990-10-26,SPX,标普500,310.17,304.71,310.17,304.71,1.76
1990-10-29,SPX,标普500,304.71,301.88,307.41,300.69,2.21
1990-10-30,SPX,标普500,301.88,304.06,304.36,299.44,1.63
1990-10-31,SPX,标普500,304.06,304.0,305.7,303.33,0.78
1990-11-01,SPX,标普500,304.0,307.02,307.27,301.61,1.86
1990-11-02,SPX,标普500,307.02,311.85,311.94,306.88,1.65
1990-11-05,SPX,标普500,311.85,314.59,314.61,311.41,1.03
1990-11-06,SPX,标普500,314.59,311.62,314.76,311.43,1.06
1990-11-07,SPX,标普500,311.62,306.01,311.62,305.79,1.87
1990-11-08,SPX,标普500,306.01,307.61,309.77,305.03,1.55
1990-11-09,SPX,标普500,307.61,313.74,313.78,307.61,2.01
1990-11-12,SPX,标普500,313.74,319.48,319.77,313.73,1.93
1990-11-13,SPX,标普500,319.48,317.67,319.48,317.26,0.69
1990-11-14,SPX,标普500,317.67,320.4,321.7,317.23,1.41
1990-11-15,SPX,标普500,320.4,317.02,320.4,316.13,1.33
1990-11-16,SPX,标普500,317.02,317.12,318.8,314.99,1.2
1990-11-19,SPX,标普500,317.12,319.34,319.39,317.12,0.72
1990-11-20,SPX,标普500,319.34,315.31,319.34,315.31,1.26
1990-11-21,SPX,标普500,315.31,316.03,316.15,312.42,1.18
1990-11-22,SPX,标普500,316.03,316.03,316.03,316.03,0.0
1990-11-23,SPX,标普500,316.03,315.1,317.3,315.06,0.71
1990-11-26,SPX,标普500,315.1,316.51,316.51,311.48,1.6
1990-11-27,SPX,标普500,316.51,318.1,318.65,315.79,0.9
1990-11-28,SPX,标普500,318.1,317.95,319.96,317.62,0.74
1990-11-29,SPX,标普500,317.95,316.42,317.95,315.03,0.92
1990-11-30,SPX,标普500,316.42,322.22,323.02,315.42,2.4
1990-12-03,SPX,标普500,322.22,324.1,324.9,322.22,0.83
1990-12-04,SPX,标普500,324.1,326.35,326.77,321.97,1.48
1990-12-05,SPX,标普500,326.35,329.92,329.92,325.66,1.31
1990-12-06,SPX,标普500,329.92,329.07,333.98,328.37,1.7
1990-12-07,SPX,标普500,329.07,327.75,329.39,326.39,0.91
1990-12-10,SPX,标普500,327.75,328.89,328.97,326.15,0.86
1990-12-11,SPX,标普500,328.89,326.44,328.89,325.65,0.99
1990-12-12,SPX,标普500,326.44,330.19,330.36,326.44,1.2
1990-12-13,SPX,标普500,330.19,329.34,330.58,328.77,0.55
1990-12-14,SPX,标普500,329.34,326.82,329.34,325.16,1.27
1990-12-17,SPX,标普500,326.82,326.02,326.82,324.46,0.72
1990-12-18,SPX,标普500,326.02,330.05,330.43,325.75,1.44
1990-12-19,SPX,标普500,330.05,330.2,330.8,329.39,0.43
1990-12-20,SPX,标普500,330.2,330.12,330.74,326.94,1.15
1990-12-21,SPX,标普500,330.12,331.75,332.47,330.12,0.71
1990-12-24,SPX,标普500,331.75,329.9,331.75,329.16,0.78
1990-12-25,SPX,标普500,329.9,329.9,329.9,329.9,0.0
1990-12-26,SPX,标普500,329.9,330.85,331.69,329.89,0.55
1990-12-27,SPX,标普500,330.85,328.29,331.04,328.23,0.85
1990-12-28,SPX,标普500,328.29,328.72,328.72,327.24,0.45
1990-12-31,SPX,标普500,328.72,330.22,330.23,327.5,0.83
1991-01-01,SPX,标普500,330.22,330.22,330.22,330.22,0.0
1991-01-02,SPX,标普500,330.22,326.45,330.75,326.45,1.3
1991-01-03,SPX,标普500,326.45,321.91,326.53,321.9,1.42
1991-01-04,SPX,标普500,321.91,321.0,322.35,318.87,1.08
1991-01-07,SPX,标普500,321.0,315.44,321.0,315.44,1.73
1991-01-08,SPX,标普500,315.44,314.9,316.97,313.79,1.01
1991-01-09,SPX,标普500,314.9,311.49,320.73,310.93,3.11
1991-01-10,SPX,标普500,311.49,314.53,314.77,311.49,1.05
1991-01-11,SPX,标普500,314.53,315.23,315.24,313.59,0.52
1991-01-14,SPX,标普500,315.23,312.49,315.23,309.35,1.87
1991-01-15,SPX,标普500,312.49,313.73,313.73,311.84,0.6
1991-01-16,SPX,标普500,313.73,316.17,316.94,312.94,1.27
1991-01-17,SPX,标普500,316.17,327.97,327.97,316.17,3.73
1991-01-18,SPX,标普500,327.97,332.23,332.23,327.08,1.57
1991-01-21,SPX,标普500,332.23,331.06,332.23,328.87,1.01
1991-01-22,SPX,标普500,331.06,328.31,331.26,327.83,1.04
1991-01-23,SPX,标普500,328.31,330.21,331.04,327.93,0.95
1991-01-24,SPX,标普500,330.21,334.78,335.83,330.19,1.71
1991-01-25,SPX,标普500,334.78,336.07,336.92,334.2,0.81
1991-01-28,SPX,标普500,336.07,336.03,337.41,335.81,0.48
1991-01-29,SPX,标普500,336.03,335.84,336.03,334.26,0.53
1991-01-30,SPX,标普500,335.84,340.91,340.91,335.69,1.55
1991-01-31,SPX,标普500,340.91,343.93,343.93,340.47,1.01
1991-02-01,SPX,标普500,343.93,343.05,344.9,340.37,1.32
1991-02-04,SPX,标普500,343.05,348.34,348.71,342.96,1.68
1991-02-05,SPX,标普500,348.34,351.26,351.84,347.21,1.33
1991-02-06,SPX,标普500,351.26,358.07,358.07,349.58,2.42
1991-02-07,SPX,标普500,358.07,356.52,363.43,355.53,2.21
1991-02-08,SPX,标普500,356.52,359.35,359.35,356.02,0.93
1991-02-11,SPX,标普500,359.35,368.58,368.58,359.32,2.58
1991-02-12,SPX,标普500,368.58,365.5,370.54,365.5,1.37
1991-02-13,SPX,标普500,365.5,369.02,369.49,364.64,1.33
1991-02-14,SPX,标普500,369.02,364.22,370.26,362.77,2.03
1991-02-15,SPX,标普500,364.22,369.06,369.49,364.22,1.45
1991-02-18,SPX,标普500,369.06,369.06,369.06,369.06,0.0
1991-02-19,SPX,标普500,369.06,369.39,370.11,367.05,0.83
1991-02-20,SPX,标普500,369.39,365.14,369.39,364.38,1.36
1991-02-21,SPX,标普500,365.14,364.97,366.79,364.5,0.63
1991-02-22,SPX,标普500,364.97,365.65,370.96,364.23,1.84
1991-02-25,SPX,标普500,365.65,367.26,370.32,365.12,1.42
1991-02-26,SPX,标普500,367.26,362.81,367.26,362.19,1.38
1991-02-27,SPX,标普500,362.81,367.74,368.38,362.81,1.54
1991-02-28,SPX,标普500,367.74,367.07,369.91,365.95,1.08
1991-03-01,SPX,标普500,367.07,370.47,370.47,363.73,1.84
1991-03-04,SPX,标普500,370.47,369.33,371.99,369.07,0.79
1991-03-05,SPX,标普500,369.33,376.72,377.89,369.33,2.32
1991-03-06,SPX,标普500,376.72,376.17,379.66,375.02,1.23
1991-03-07,SPX,标普500,376.17,375.91,377.49,375.58,0.51
1991-03-08,SPX,标普500,375.91,374.95,378.69,374.43,1.13
1991-03-11,SPX,标普500,374.95,372.96,375.1,372.52,0.69
1991-03-12,SPX,标普500,372.96,370.03,374.35,369.55,1.29
1991-03-13,SPX,标普500,370.03,374.57,374.65,370.03,1.25
1991-03-14,SPX,标普500,374.57,373.5,378.28,371.76,1.74
1991-03-15,SPX,标普500,373.5,373.59,374.58,370.21,1.17
1991-03-18,SPX,标普500,373.59,372.11,374.09,369.46,1.24
1991-03-19,SPX,标普500,372.11,366.59,372.11,366.54,1.5
1991-03-20,SPX,标普500,366.59,367.92,368.85,365.8,0.83
1991-03-21,SPX,标普500,367.92,366.58,371.01,366.51,1.22
1991-03-22,SPX,标普500,366.58,367.48,368.22,365.58,0.72
1991-03-25,SPX,标普500,367.48,369.83,371.31,367.46,1.05
1991-03-26,SPX,标普500,369.83,376.3,376.3,369.37,1.87
1991-03-27,SPX,标普500,376.3,375.35,378.48,374.73,1.0
1991-03-28,SPX,标普500,375.35,375.22,376.6,374.4,0.59
1991-03-29,SPX,标普500,375.22,375.22,375.22,375.22,0.0
1991-04-01,SPX,标普500,375.22,371.3,375.22,370.27,1.32
1991-04-02,SPX,标普500,371.3,379.5,379.5,371.3,2.21
1991-04-03,SPX,标普500,379.5,378.94,381.56,378.49,0.81
1991-04-04,SPX,标普500,378.94,379.77,381.88,377.05,1.27
1991-04-05,SPX,标普500,379.77,375.36,381.12,374.15,1.84
1991-04-08,SPX,标普500,375.36,378.66,378.76,374.69,1.08
1991-04-09,SPX,标普500,378.66,373.56,379.02,373.11,1.56
1991-04-10,SPX,标普500,373.56,373.15,374.83,371.21,0.97
1991-04-11,SPX,标普500,373.15,377.63,379.53,373.15,1.71
1991-04-12,SPX,标普500,377.63,380.4,381.07,376.89,1.11
1991-04-15,SPX,标普500,380.4,381.19,382.32,378.78,0.93
1991-04-16,SPX,标普500,381.19,387.62,387.62,379.64,2.09
1991-04-17,SPX,标普500,387.62,390.45,391.26,387.3,1.02
1991-04-18,SPX,标普500,390.45,388.46,390.97,388.13,0.73
1991-04-19,SPX,标普500,388.46,384.2,388.46,383.9,1.17
1991-04-22,SPX,标普500,384.2,380.95,384.2,380.16,1.05
1991-04-23,SPX,标普500,380.95,381.76,383.55,379.67,1.02
1991-04-24,SPX,标普500,381.76,382.76,383.02,379.99,0.79
1991-04-25,SPX,标普500,382.76,379.25,382.89,378.43,1.17
1991-04-26,SPX,标普500,379.25,379.02,380.11,376.77,0.88
1991-04-29,SPX,标普500,379.02,373.66,380.96,373.66,1.93
1991-04-30,SPX,标普500,373.66,375.35,377.86,373.01,1.3
1991-05-01,SPX,标普500,375.35,380.29,380.46,375.27,1.38
1991-05-02,SPX,标普500,380.29,380.52,382.14,379.82,0.61
1991-05-03,SPX,标普500,380.52,380.8,381.0,378.82,0.57
1991-05-06,SPX,标普500,380.8,380.08,380.8,377.86,0.77
1991-05-07,SPX,标普500,380.08,377.32,380.91,377.31,0.95
1991-05-08,SPX,标普500,377.32,378.51,379.26,376.21,0.81
1991-05-09,SPX,标普500,378.51,383.25,383.56,378.51,1.33
1991-05-10,SPX,标普500,383.25,375.74,383.91,375.61,2.17
1991-05-13,SPX,标普500,375.74,376.76,377.05,374.62,0.65
1991-05-14,SPX,标普500,376.76,371.62,376.76,370.82,1.58
1991-05-15,SPX,标普500,371.62,368.57,372.47,365.83,1.79
1991-05-16,SPX,标普500,368.57,372.19,372.51,368.57,1.07
1991-05-17,SPX,标普500,372.19,372.39,373.01,369.44,0.96
1991-05-20,SPX,标普500,372.39,372.28,373.65,371.26,0.64
1991-05-21,SPX,标普500,372.28,375.35,376.66,372.28,1.18
1991-05-22,SPX,标普500,375.35,376.19,376.5,374.4,0.56
1991-05-23,SPX,标普500,376.19,374.97,378.07,373.55,1.2
1991-05-24,SPX,标普500,374.97,377.49,378.08,374.97,0.83
1991-05-27,SPX,标普500,377.49,377.49,377.49,377.49,0.0
1991-05-28,SPX,标普500,377.49,381.94,382.1,377.12,1.32
1991-05-29,SPX,标普500,381.94,382.79,383.66,381.37,0.6
1991-05-30,SPX,标普500,382.79,386.96,388.17,382.5,1.48
1991-05-31,SPX,标普500,386.96,389.83,389.85,385.01,1.25
1991-06-03,SPX,标普500,389.83,388.06,389.83,386.97,0.73
1991-06-04,SPX,标普500,388.06,387.74,388.06,385.14,0.75
1991-06-05,SPX,标普500,387.74,385.09,388.23,384.45,0.97
1991-06-06,SPX,标普500,385.09,383.63,385.85,383.13,0.71
1991-06-07,SPX,标普500,383.63,379.43,383.63,378.76,1.27
1991-06-10,SPX,标普500,379.43,378.57,379.75,377.95,0.47
1991-06-11,SPX,标普500,378.57,381.05,381.63,378.57,0.81
1991-06-12,SPX,标普500,381.05,376.65,381.05,374.46,1.73
1991-06-13,SPX,标普500,376.65,377.63,377.9,376.08,0.48
1991-06-14,SPX,标普500,377.63,382.29,382.3,377.63,1.24
1991-06-17,SPX,标普500,382.29,380.13,382.31,380.13,0.57
1991-06-18,SPX,标普500,380.13,378.59,381.83,377.99,1.01
1991-06-19,SPX,标普500,378.59,375.09,378.59,374.36,1.12
1991-06-20,SPX,标普500,375.09,375.42,376.29,373.87,0.65
1991-06-21,SPX,标普500,375.42,377.75,377.75,375.33,0.64
1991-06-24,SPX,标普500,377.75,370.94,377.75,370.73,1.86
1991-06-25,SPX,标普500,370.94,370.65,372.62,369.56,0.82
1991-06-26,SPX,标普500,370.56,371.59,372.73,368.34,1.18
1991-06-27,SPX,标普500,371.59,374.4,374.4,371.59,0.76
1991-06-28,SPX,标普500,374.4,371.16,374.4,367.98,1.71
1991-07-01,SPX,标普500,371.16,377.92,377.92,371.16,1.82
1991-07-02,SPX,标普500,377.92,377.47,377.93,376.62,0.35
1991-07-03,SPX,标普500,377.47,373.33,377.47,372.08,1.43
1991-07-04,SPX,标普500,373.33,373.33,373.33,373.33,0.0
1991-07-05,SPX,标普500,373.33,374.08,375.51,372.17,0.89
1991-07-08,SPX,标普500,374.08,377.94,377.94,370.92,1.88
1991-07-09,SPX,标普500,377.94,376.11,378.58,375.37,0.85
1991-07-10,SPX,标普500,376.11,375.74,380.35,375.2,1.37
1991-07-11,SPX,标普500,375.74,376.97,377.68,375.51,0.58
1991-07-12,SPX,标普500,376.97,380.25,381.41,375.79,1.49
1991-07-15,SPX,标普500,380.25,382.39,383.0,380.24,0.73
1991-07-16,SPX,标普500,382.39,381.54,382.94,380.8,0.56
1991-07-17,SPX,标普500,381.54,381.18,382.86,381.13,0.45
1991-07-18,SPX,标普500,381.18,385.37,385.37,381.18,1.1
1991-07-19,SPX,标普500,385.37,384.22,385.83,383.65,0.57
1991-07-22,SPX,标普500,384.22,382.88,384.55,381.84,0.71
1991-07-23,SPX,标普500,382.88,379.42,384.86,379.39,1.43
1991-07-24,SPX,标普500,379.42,378.64,380.46,378.29,0.57
1991-07-25,SPX,标普500,378.64,380.96,381.13,378.15,0.79
1991-07-26,SPX,标普500,380.96,380.93,381.76,379.81,0.51
1991-07-29,SPX,标普500,380.93,383.15,383.15,380.45,0.71
1991-07-30,SPX,标普500,383.15,386.69,386.92,383.15,0.98
1991-07-31,SPX,标普500,386.69,387.81,387.81,386.19,0.42
1991-08-01,SPX,标普500,387.81,387.12,387.95,386.48,0.38
1991-08-02,SPX,标普500,387.12,387.18,389.56,386.05,0.91
1991-08-05,SPX,标普500,387.18,385.06,387.18,384.48,0.7
1991-08-06,SPX,标普500,385.06,390.62,390.8,384.29,1.69
1991-08-07,SPX,标普500,390.62,390.56,391.59,389.86,0.44
1991-08-08,SPX,标普500,390.56,389.32,391.8,388.15,0.93
1991-08-09,SPX,标普500,389.32,387.12,389.89,387.04,0.73
1991-08-12,SPX,标普500,387.11,388.02,388.17,385.9,0.59
1991-08-13,SPX,标普500,388.02,389.62,392.12,388.02,1.06
1991-08-14,SPX,标普500,389.62,389.9,391.85,389.13,0.7
1991-08-15,SPX,标普500,389.94,389.33,391.92,389.29,0.67
1991-08-16,SPX,标普500,389.33,385.58,390.41,382.59,2.01
1991-08-19,SPX,标普500,385.58,376.47,385.58,374.09,2.98
1991-08-20,SPX,标普500,376.47,379.43,380.35,376.47,1.03
1991-08-21,SPX,标普500,379.43,390.59,390.59,379.43,2.94
1991-08-22,SPX,标普500,390.59,391.33,391.98,390.21,0.45
1991-08-23,SPX,标普500,391.33,394.17,395.34,390.69,1.19
1991-08-26,SPX,标普500,394.17,393.85,394.39,392.75,0.42
1991-08-27,SPX,标普500,393.85,393.06,393.87,391.77,0.53
1991-08-28,SPX,标普500,393.06,396.64,396.64,393.03,0.92
1991-08-29,SPX,标普500,396.65,396.47,396.82,395.14,0.42
1991-08-30,SPX,标普500,396.8,395.43,396.8,393.6,0.81
1991-09-03,SPX,标普500,395.43,392.15,397.62,392.1,1.4
1991-09-04,SPX,标普500,392.15,389.97,392.62,388.68,1.0
1991-09-05,SPX,标普500,389.97,389.14,390.97,388.49,0.64
1991-09-06,SPX,标普500,389.14,389.1,390.71,387.36,0.86
1991-09-09,SPX,标普500,389.11,388.57,389.34,387.88,0.38
1991-09-10,SPX,标普500,388.57,384.56,388.63,383.78,1.25
1991-09-11,SPX,标普500,384.56,385.09,385.6,383.59,0.52
1991-09-12,SPX,标普500,385.09,387.34,387.34,385.09,0.58
1991-09-13,SPX,标普500,387.16,383.59,387.95,382.85,1.32
1991-09-16,SPX,标普500,383.42,385.78,385.79,382.77,0.79
1991-09-17,SPX,标普500,385.74,385.5,387.12,384.97,0.56
1991-09-18,SPX,标普500,385.49,386.94,386.94,384.28,0.69
1991-09-19,SPX,标普500,386.93,387.56,389.42,386.27,0.81
1991-09-20,SPX,标普500,387.48,387.92,388.83,386.5,0.6
1991-09-23,SPX,标普500,387.89,385.92,388.55,385.76,0.72
1991-09-24,SPX,标普500,385.75,387.71,388.13,384.46,0.95
1991-09-25,SPX,标普500,387.68,386.88,388.25,386.0,0.58
1991-09-26,SPX,标普500,386.86,386.49,388.39,385.3,0.8
1991-09-27,SPX,标普500,386.48,385.89,389.09,384.87,1.09
1991-09-30,SPX,标普500,385.79,387.86,388.29,384.32,1.03
1991-10-01,SPX,标普500,387.85,389.2,389.56,387.85,0.44
1991-10-02,SPX,标普500,389.19,388.26,390.03,387.62,0.62
1991-10-03,SPX,标普500,388.25,384.47,388.25,384.46,0.98
1991-10-04,SPX,标普500,384.25,381.24,385.18,381.24,1.02
1991-10-07,SPX,标普500,381.19,379.5,381.24,379.06,0.57
1991-10-08,SPX,标普500,379.47,380.67,381.22,379.18,0.54
1991-10-09,SPX,标普500,380.57,376.8,380.57,376.34,1.11
1991-10-10,SPX,标普500,376.88,380.55,380.55,376.11,1.18
1991-10-11,SPX,标普500,380.48,381.45,381.45,379.9,0.41
1991-10-14,SPX,标普500,381.45,386.47,386.47,381.45,1.32
1991-10-15,SPX,标普500,386.45,391.01,391.5,385.95,1.44
1991-10-16,SPX,标普500,391.0,392.8,393.29,390.13,0.81
1991-10-17,SPX,标普500,392.78,391.92,393.81,390.32,0.89
1991-10-18,SPX,标普500,391.95,392.5,392.8,391.77,0.26
1991-10-21,SPX,标普500,392.46,390.02,392.5,388.96,0.9
1991-10-22,SPX,标普500,390.01,387.83,391.2,387.39,0.98
1991-10-23,SPX,标普500,387.83,387.94,389.08,386.52,0.66
1991-10-24,SPX,标普500,387.94,385.07,388.32,383.45,1.26
1991-10-25,SPX,标普500,385.01,384.2,386.16,382.98,0.83
1991-10-28,SPX,标普500,384.09,389.52,389.52,384.09,1.41
1991-10-29,SPX,标普500,389.39,391.48,391.7,386.87,1.24
1991-10-30,SPX,标普500,391.48,392.96,393.1,390.77,0.6
1991-10-31,SPX,标普500,392.95,392.46,392.95,391.56,0.35
1991-11-01,SPX,标普500,392.43,391.32,394.31,389.66,1.18
1991-11-04,SPX,标普500,390.93,390.28,391.32,388.09,0.83
1991-11-05,SPX,标普500,390.05,388.71,392.17,388.18,1.02
1991-11-06,SPX,标普500,388.59,389.97,389.97,387.57,0.62
1991-11-07,SPX,标普500,389.9,393.72,393.72,389.9,0.98
1991-11-08,SPX,标普500,393.54,392.89,396.43,392.42,1.02
1991-11-11,SPX,标普500,392.89,393.12,393.56,392.32,0.32
1991-11-12,SPX,标普500,393.12,396.73,397.14,393.12,1.02
1991-11-13,SPX,标普500,396.69,397.41,397.42,394.01,0.86
1991-11-14,SPX,标普500,397.36,397.15,398.22,395.85,0.6
1991-11-15,SPX,标普500,397.14,382.62,397.16,382.62,3.66
1991-11-18,SPX,标普500,382.52,385.24,385.4,379.7,1.49
1991-11-19,SPX,标普500,385.19,379.42,385.19,374.92,2.67
1991-11-20,SPX,标普500,379.41,378.53,381.53,377.84,0.97
1991-11-21,SPX,标普500,378.47,380.06,381.12,377.41,0.98
1991-11-22,SPX,标普500,379.88,376.14,379.91,374.47,1.43
1991-11-25,SPX,标普500,375.98,375.29,377.02,373.95,0.82
1991-11-26,SPX,标普500,375.29,377.91,378.24,371.57,1.78
1991-11-27,SPX,标普500,377.84,376.5,378.06,375.94,0.56
1991-11-29,SPX,标普500,376.44,375.22,376.55,374.65,0.5
1991-12-02,SPX,标普500,374.87,381.4,381.4,371.36,2.68
1991-12-03,SPX,标普500,381.3,380.96,381.48,379.9,0.41
1991-12-04,SPX,标普500,380.93,380.07,381.51,378.07,0.9
1991-12-05,SPX,标普500,380.03,377.39,380.07,376.58,0.92
1991-12-06,SPX,标普500,377.39,379.1,382.39,375.4,1.85
1991-12-09,SPX,标普500,379.02,378.26,381.42,377.67,0.99
1991-12-10,SPX,标普500,378.05,377.9,379.5,376.63,0.76
1991-12-11,SPX,标普500,377.89,377.7,379.41,374.77,1.23
1991-12-12,SPX,标普500,377.7,381.55,381.62,377.7,1.04
1991-12-13,SPX,标普500,381.56,384.47,385.04,381.55,0.91
1991-12-16,SPX,标普500,384.45,384.46,385.84,384.37,0.38
1991-12-17,SPX,标普500,384.4,382.74,385.05,382.59,0.64
1991-12-18,SPX,标普500,382.73,383.48,383.51,380.87,0.69
1991-12-19,SPX,标普500,383.46,382.52,383.46,380.64,0.74
1991-12-20,SPX,标普500,382.54,387.04,388.24,382.54,1.49
1991-12-23,SPX,标普500,387.04,396.82,397.44,386.96,2.71
1991-12-24,SPX,标普500,395.76,399.33,401.79,395.76,1.52
1991-12-26,SPX,标普500,398.56,404.84,404.89,398.5,1.6
1991-12-27,SPX,标普500,404.74,406.46,406.58,404.59,0.49
1991-12-30,SPX,标普500,406.5,415.14,415.14,406.5,2.13
1991-12-31,SPX,标普500,415.14,417.09,418.33,412.7,1.36
1992-01-02,SPX,标普500,417.02,417.26,417.27,411.06,1.49
1992-01-03,SPX,标普500,416.65,419.34,419.79,415.56,1.01
1992-01-06,SPX,标普500,419.09,417.96,419.44,416.91,0.6
1992-01-07,SPX,标普500,417.9,417.4,417.96,415.2,0.66
1992-01-08,SPX,标普500,417.38,418.1,420.25,415.04,1.25
1992-01-09,SPX,标普500,418.06,417.61,420.5,415.85,1.11
1992-01-10,SPX,标普500,417.61,415.1,417.62,413.31,1.03
1992-01-13,SPX,标普500,415.03,414.34,415.36,413.54,0.44
1992-01-14,SPX,标普500,414.33,420.44,420.44,414.31,1.48
1992-01-15,SPX,标普500,420.41,420.77,421.18,418.77,0.57
1992-01-16,SPX,标普500,420.82,418.21,420.85,415.36,1.3
1992-01-17,SPX,标普500,418.27,418.86,419.45,416.0,0.82
1992-01-20,SPX,标普500,418.87,416.36,418.87,415.8,0.73
1992-01-21,SPX,标普500,416.35,412.64,416.38,411.32,1.22
1992-01-22,SPX,标普500,412.65,418.13,418.13,412.49,1.37
1992-01-23,SPX,标普500,418.16,414.96,419.78,414.36,1.3
1992-01-24,SPX,标普500,414.96,415.48,417.27,414.29,0.72
1992-01-27,SPX,标普500,415.36,414.99,416.84,414.48,0.57
1992-01-28,SPX,标普500,414.91,414.96,416.41,414.52,0.46
1992-01-29,SPX,标普500,414.94,410.34,417.83,409.14,2.09
1992-01-30,SPX,标普500,410.37,411.63,412.17,409.25,0.71
1992-01-31,SPX,标普500,411.62,408.79,412.63,408.64,0.97
1992-02-03,SPX,标普500,408.65,409.53,409.95,407.44,0.61
1992-02-04,SPX,标普500,409.36,413.85,413.85,409.27,1.12
1992-02-05,SPX,标普500,413.71,413.84,416.17,413.18,0.72
1992-02-06,SPX,标普500,413.76,413.82,414.57,411.92,0.64
1992-02-07,SPX,标普500,413.72,411.09,415.29,408.04,1.75
1992-02-10,SPX,标普500,410.84,413.77,413.77,410.84,0.71
1992-02-11,SPX,标普500,413.95,413.76,414.38,412.24,0.52
1992-02-12,SPX,标普500,413.76,417.13,418.08,413.36,1.14
1992-02-13,SPX,标普500,417.09,413.69,417.77,412.07,1.37
1992-02-14,SPX,标普500,413.52,412.48,413.84,411.2,0.64
1992-02-18,SPX,标普500,412.47,407.38,413.27,406.34,1.68
1992-02-19,SPX,标普500,407.36,408.26,408.7,406.54,0.53
1992-02-20,SPX,标普500,407.96,413.9,413.9,407.96,1.45
1992-02-21,SPX,标普500,413.9,411.46,414.26,409.71,1.1
1992-02-24,SPX,标普500,411.35,412.27,412.95,410.34,0.63
1992-02-25,SPX,标普500,412.14,410.45,412.27,408.02,1.03
1992-02-26,SPX,标普500,410.47,415.35,415.35,410.45,1.19
1992-02-27,SPX,标普500,415.33,413.86,415.99,413.47,0.61
1992-02-28,SPX,标普500,413.86,412.7,416.87,411.8,1.23
1992-03-02,SPX,标普500,412.53,412.45,413.74,411.52,0.54
1992-03-03,SPX,标普500,412.31,412.85,413.78,411.88,0.46
1992-03-04,SPX,标普500,412.83,409.33,413.27,409.33,0.95
1992-03-05,SPX,标普500,409.31,406.51,409.33,405.42,0.96
1992-03-06,SPX,标普500,406.41,404.44,407.51,403.65,0.95
1992-03-09,SPX,标普500,404.34,405.21,405.64,404.25,0.34
1992-03-10,SPX,标普500,405.26,406.89,409.16,405.21,0.97
1992-03-11,SPX,标普500,406.88,404.03,407.02,402.64,1.08
1992-03-12,SPX,标普500,404.02,403.89,404.72,401.94,0.69
1992-03-13,SPX,标普500,403.9,405.84,406.69,403.89,0.69
1992-03-16,SPX,标普500,405.82,406.39,406.4,403.55,0.7
1992-03-17,SPX,标普500,406.62,409.58,409.72,406.39,0.82
1992-03-18,SPX,标普500,409.58,409.15,410.84,408.23,0.64
1992-03-19,SPX,标普500,409.2,409.8,410.57,409.12,0.35
1992-03-20,SPX,标普500,409.8,411.3,411.3,408.53,0.68
1992-03-23,SPX,标普500,411.29,409.91,411.3,408.87,0.59
1992-03-24,SPX,标普500,409.91,408.88,411.43,407.99,0.84
1992-03-25,SPX,标普500,408.61,407.52,409.87,407.52,0.57
1992-03-26,SPX,标普500,407.51,407.86,409.44,406.75,0.66
1992-03-27,SPX,标普500,407.83,403.5,407.86,402.87,1.22
1992-03-30,SPX,标普500,403.4,403.0,404.3,402.97,0.33
1992-03-31,SPX,标普500,403.06,403.69,405.21,402.22,0.74
1992-04-01,SPX,标普500,403.66,404.23,404.5,400.75,0.93
1992-04-02,SPX,标普500,404.14,400.5,404.63,399.28,1.32
1992-04-03,SPX,标普500,400.46,401.55,401.59,398.21,0.84
1992-04-06,SPX,标普500,403.31,405.59,405.93,401.52,1.1
1992-04-07,SPX,标普500,405.57,398.06,405.75,397.97,1.92
1992-04-08,SPX,标普500,398.02,394.5,398.06,392.41,1.42
1992-04-09,SPX,标普500,394.78,400.64,401.04,394.5,1.66
1992-04-10,SPX,标普500,400.59,404.29,405.12,400.59,1.13
1992-04-13,SPX,标普500,404.28,406.08,406.08,403.9,0.54
1992-04-14,SPX,标普500,406.09,412.39,413.86,406.08,1.92
1992-04-15,SPX,标普500,414.18,416.28,416.28,412.39,0.94
1992-04-16,SPX,标普500,416.26,416.05,416.28,413.4,0.69
1992-04-20,SPX,标普500,415.99,410.16,416.15,407.93,1.98
1992-04-21,SPX,标普500,410.13,410.26,411.19,408.2,0.73
1992-04-22,SPX,标普500,410.18,409.81,411.3,409.23,0.5
1992-04-23,SPX,标普500,409.8,411.6,411.6,406.86,1.16
1992-04-24,SPX,标普500,411.57,409.02,412.48,408.74,0.91
1992-04-27,SPX,标普500,408.94,408.45,409.6,407.64,0.48
1992-04-28,SPX,标普500,408.36,409.11,409.69,406.33,0.82
1992-04-29,SPX,标普500,409.1,412.02,412.31,409.1,0.78
1992-04-30,SPX,标普500,412.02,414.95,414.95,412.02,0.71
1992-05-01,SPX,标普500,414.97,412.53,415.21,409.87,1.29
1992-05-04,SPX,标普500,412.53,416.91,417.84,412.53,1.29
1992-05-05,SPX,标普500,416.81,416.84,418.53,415.77,0.66
1992-05-06,SPX,标普500,416.88,416.79,418.48,416.4,0.5
1992-05-07,SPX,标普500,416.4,415.85,416.84,415.38,0.35
1992-05-08,SPX,标普500,415.85,416.05,416.85,414.41,0.59
1992-05-11,SPX,标普500,416.84,418.49,418.75,416.05,0.65
1992-05-12,SPX,标普500,418.45,416.29,418.68,414.69,0.95
1992-05-13,SPX,标普500,416.26,416.45,417.04,415.86,0.28
1992-05-14,SPX,标普500,416.38,413.14,416.52,411.82,1.13
1992-05-15,SPX,标普500,413.09,410.09,413.14,409.85,0.8
1992-05-18,SPX,标普500,410.05,412.81,413.34,410.05,0.8
1992-05-19,SPX,标普500,412.79,416.37,416.51,412.26,1.03
1992-05-20,SPX,标普500,416.36,415.39,416.83,415.37,0.35
1992-05-21,SPX,标普500,415.39,412.6,415.41,411.57,0.92
1992-05-22,SPX,标普500,412.6,414.02,414.82,412.47,0.57
1992-05-26,SPX,标普500,413.87,411.41,414.02,410.23,0.92
1992-05-27,SPX,标普500,411.41,412.17,412.68,411.06,0.39
1992-05-28,SPX,标普500,412.14,416.74,416.77,411.81,1.2
1992-05-29,SPX,标普500,416.71,415.35,418.36,415.35,0.72
1992-06-01,SPX,标普500,415.18,417.3,417.3,412.44,1.17
1992-06-02,SPX,标普500,417.16,413.5,417.3,413.5,0.91
1992-06-03,SPX,标普500,413.89,414.59,416.54,413.04,0.85
1992-06-04,SPX,标普500,414.59,413.26,414.98,412.97,0.48
1992-06-05,SPX,标普500,413.26,413.48,413.85,410.97,0.7
1992-06-08,SPX,标普500,413.39,413.36,413.95,412.03,0.46
1992-06-09,SPX,标普500,413.16,410.06,413.56,409.3,1.03
1992-06-10,SPX,标普500,410.07,407.25,410.1,406.81,0.8
1992-06-11,SPX,标普500,407.22,409.05,409.05,406.11,0.72
1992-06-12,SPX,标普500,409.05,409.76,411.86,409.05,0.69
1992-06-15,SPX,标普500,409.73,410.29,411.68,408.13,0.87
1992-06-16,SPX,标普500,410.22,408.32,411.4,408.32,0.75
1992-06-17,SPX,标普500,408.33,402.26,408.33,401.98,1.56
1992-06-18,SPX,标普500,402.38,400.96,402.68,400.51,0.54
1992-06-19,SPX,标普500,400.97,403.67,404.23,400.96,0.82
1992-06-22,SPX,标普500,403.64,403.4,403.67,399.92,0.93
1992-06-23,SPX,标普500,403.93,404.04,405.41,403.4,0.5
1992-06-24,SPX,标普500,403.79,403.83,404.76,403.26,0.37
1992-06-25,SPX,标普500,403.82,403.12,405.53,402.01,0.87
1992-06-26,SPX,标普500,403.02,403.45,403.51,401.94,0.39
1992-06-29,SPX,标普500,403.45,408.94,408.96,403.43,1.37
1992-06-30,SPX,标普500,408.97,408.14,409.63,407.85,0.44
1992-07-01,SPX,标普500,408.18,412.88,412.88,408.14,1.16
1992-07-02,SPX,标普500,412.87,411.77,415.71,410.07,1.37
1992-07-06,SPX,标普500,411.82,413.84,413.84,410.46,0.82
1992-07-07,SPX,标普500,413.82,409.16,415.33,408.58,1.63
1992-07-08,SPX,标普500,409.16,410.28,410.28,407.2,0.75
1992-07-09,SPX,标普500,410.28,414.23,414.69,410.26,1.08
1992-07-10,SPX,标普500,414.22,414.62,415.88,413.34,0.61
1992-07-13,SPX,标普500,414.61,414.87,415.86,413.93,0.47
1992-07-14,SPX,标普500,414.85,417.68,417.69,414.33,0.81
1992-07-15,SPX,标普500,417.71,417.1,417.81,416.29,0.36
1992-07-16,SPX,标普500,417.04,417.54,417.92,414.79,0.75
1992-07-17,SPX,标普500,417.45,415.62,417.54,412.96,1.1
1992-07-20,SPX,标普500,415.57,413.75,415.62,410.72,1.18
1992-07-21,SPX,标普500,413.75,413.76,414.92,413.1,0.44
1992-07-22,SPX,标普500,413.75,410.93,413.76,409.95,0.92
1992-07-23,SPX,标普500,410.99,412.08,412.08,409.81,0.55
1992-07-24,SPX,标普500,412.07,411.6,412.08,409.94,0.52
1992-07-27,SPX,标普500,411.48,411.54,412.67,411.27,0.34
1992-07-28,SPX,标普500,411.46,417.52,417.54,411.46,1.48
1992-07-29,SPX,标普500,417.52,422.23,423.02,417.52,1.32
1992-07-30,SPX,标普500,422.19,423.92,423.94,421.57,0.56
1992-07-31,SPX,标普500,423.89,424.21,424.8,422.46,0.55
1992-08-03,SPX,标普500,424.04,425.09,425.09,422.84,0.53
1992-08-04,SPX,标普500,424.9,424.36,425.14,423.1,0.48
1992-08-05,SPX,标普500,424.34,422.19,424.36,421.92,0.57
1992-08-06,SPX,标普500,421.99,420.59,422.36,420.26,0.5
1992-08-07,SPX,标普500,420.35,418.88,423.45,418.51,1.17
1992-08-10,SPX,标普500,418.66,419.42,419.42,417.04,0.57
1992-08-11,SPX,标普500,419.4,418.9,419.72,416.53,0.76
1992-08-12,SPX,标普500,418.87,417.78,419.75,416.43,0.79
1992-08-13,SPX,标普500,417.76,417.73,419.88,416.4,0.83
1992-08-14,SPX,标普500,417.73,419.91,420.45,417.73,0.65
1992-08-17,SPX,标普500,419.8,420.74,421.89,419.44,0.58
1992-08-18,SPX,标普500,420.64,421.34,421.4,419.78,0.39
1992-08-19,SPX,标普500,421.32,418.19,421.62,418.19,0.81
1992-08-20,SPX,标普500,418.17,418.26,418.85,416.93,0.46
1992-08-21,SPX,标普500,418.26,414.85,420.35,413.58,1.62
1992-08-24,SPX,标普500,414.84,410.72,414.85,410.07,1.15
1992-08-25,SPX,标普500,410.64,411.61,411.64,408.3,0.81
1992-08-26,SPX,标普500,411.56,413.51,413.61,410.53,0.75
1992-08-27,SPX,标普500,413.52,413.53,415.83,413.51,0.56
1992-08-28,SPX,标普500,413.52,414.84,414.95,413.38,0.38
1992-08-31,SPX,标普500,414.71,414.03,415.29,413.76,0.37
1992-09-01,SPX,标普500,413.92,416.07,416.07,413.35,0.66
1992-09-02,SPX,标普500,416.03,417.98,418.28,415.31,0.71
1992-09-03,SPX,标普500,418.02,417.98,420.31,417.49,0.67
1992-09-04,SPX,标普500,417.95,417.08,418.62,416.76,0.44
1992-09-08,SPX,标普500,417.05,414.44,417.18,414.3,0.69
1992-09-09,SPX,标普500,414.23,416.36,416.44,414.23,0.53
1992-09-10,SPX,标普500,416.34,419.95,420.52,416.34,1.0
1992-09-11,SPX,标普500,419.93,419.58,420.58,419.13,0.35
1992-09-14,SPX,标普500,419.58,425.27,425.27,419.58,1.36
1992-09-15,SPX,标普500,425.18,419.77,425.27,419.54,1.35
1992-09-16,SPX,标普500,419.1,419.92,422.44,417.77,1.11
1992-09-17,SPX,标普500,419.91,419.93,421.43,419.62,0.43
1992-09-18,SPX,标普500,419.93,422.93,422.93,419.92,0.72
1992-09-21,SPX,标普500,422.82,422.14,422.93,421.18,0.41
1992-09-22,SPX,标普500,422.12,417.14,422.14,417.13,1.19
1992-09-23,SPX,标普500,417.14,417.44,417.88,416.0,0.45
1992-09-24,SPX,标普500,417.44,418.47,419.01,417.44,0.38
1992-09-25,SPX,标普500,418.46,414.35,418.63,412.71,1.41
1992-09-28,SPX,标普500,414.25,416.62,416.62,413.0,0.87
1992-09-29,SPX,标普500,416.55,416.8,417.38,415.34,0.49
1992-09-30,SPX,标普500,416.77,417.8,418.58,416.67,0.46
1992-10-01,SPX,标普500,417.79,416.29,418.67,415.46,0.77
1992-10-02,SPX,标普500,416.28,410.47,416.35,410.45,1.42
1992-10-05,SPX,标普500,410.23,407.57,410.47,396.8,3.33
1992-10-06,SPX,标普500,407.6,407.18,408.56,404.84,0.91
1992-10-07,SPX,标普500,407.17,404.25,408.6,403.91,1.15
1992-10-08,SPX,标普500,404.27,407.75,408.04,404.25,0.94
1992-10-09,SPX,标普500,407.74,402.66,407.75,402.42,1.31
1992-10-12,SPX,标普500,402.66,407.44,407.44,402.66,1.19
1992-10-13,SPX,标普500,407.43,409.3,410.64,406.83,0.94
1992-10-14,SPX,标普500,409.31,409.37,411.52,407.86,0.89
1992-10-15,SPX,标普500,409.33,409.6,411.03,407.92,0.76
1992-10-16,SPX,标普500,409.65,411.73,411.73,407.43,1.05
1992-10-19,SPX,标普500,411.66,414.98,414.98,410.66,1.05
1992-10-20,SPX,标普500,415.0,415.48,417.98,414.49,0.84
1992-10-21,SPX,标普500,415.51,415.67,416.15,414.54,0.39
1992-10-22,SPX,标普500,415.59,414.9,416.81,413.1,0.89
1992-10-23,SPX,标普500,414.92,414.1,416.23,413.7,0.61
1992-10-26,SPX,标普500,413.99,418.16,418.17,413.69,1.08
1992-10-27,SPX,标普500,418.09,418.49,419.2,416.97,0.53
1992-10-28,SPX,标普500,418.48,420.13,420.13,417.56,0.61
1992-10-29,SPX,标普500,420.14,420.86,421.16,419.83,0.32
1992-10-30,SPX,标普500,420.86,418.68,421.13,418.54,0.62
1992-11-02,SPX,标普500,418.49,422.75,422.75,418.12,1.11
1992-11-03,SPX,标普500,422.61,419.92,422.81,418.59,1.0
1992-11-04,SPX,标普500,419.81,417.11,421.07,416.61,1.06
1992-11-05,SPX,标普500,416.8,418.34,418.4,415.58,0.68
1992-11-06,SPX,标普500,418.13,417.58,418.35,417.01,0.32
1992-11-09,SPX,标普500,417.54,418.59,420.13,416.79,0.8
1992-11-10,SPX,标普500,418.58,418.62,419.71,417.98,0.41
1992-11-11,SPX,标普500,418.61,422.2,422.32,418.4,0.94
1992-11-12,SPX,标普500,422.2,422.87,423.1,421.7,0.33
1992-11-13,SPX,标普500,422.85,422.43,422.91,421.04,0.44
1992-11-16,SPX,标普500,422.29,420.68,422.36,420.35,0.48
1992-11-17,SPX,标普500,420.53,419.27,420.97,418.31,0.63
1992-11-18,SPX,标普500,419.27,422.85,423.49,419.24,1.01
1992-11-19,SPX,标普500,422.83,423.61,423.61,422.5,0.26
1992-11-20,SPX,标普500,423.61,426.65,429.98,423.61,1.5
1992-11-23,SPX,标普500,426.56,425.12,426.65,424.95,0.4
1992-11-24,SPX,标普500,424.97,427.59,429.31,424.83,1.05
1992-11-25,SPX,标普500,427.59,429.19,429.41,427.58,0.43
1992-11-27,SPX,标普500,429.18,430.16,431.93,429.17,0.64
1992-11-30,SPX,标普500,430.06,431.35,431.53,429.36,0.5
1992-12-01,SPX,标普500,431.35,430.78,431.47,429.07,0.56
1992-12-02,SPX,标普500,430.72,429.89,430.87,428.61,0.52
1992-12-03,SPX,标普500,429.93,429.91,430.99,428.8,0.51
1992-12-04,SPX,标普500,429.83,432.06,432.89,429.74,0.73
1992-12-07,SPX,标普500,432.06,435.31,435.31,432.06,0.75
1992-12-08,SPX,标普500,435.45,436.99,436.99,434.68,0.53
1992-12-09,SPX,标普500,436.96,435.65,436.99,433.98,0.69
1992-12-10,SPX,标普500,435.65,434.64,435.65,432.65,0.69
1992-12-11,SPX,标普500,434.54,433.73,434.64,433.34,0.3
1992-12-14,SPX,标普500,433.71,432.84,435.26,432.83,0.56
1992-12-15,SPX,标普500,432.81,432.57,433.66,431.92,0.4
1992-12-16,SPX,标普500,432.6,431.52,434.22,430.88,0.77
1992-12-17,SPX,标普500,431.49,435.43,435.44,431.46,0.92
1992-12-18,SPX,标普500,435.46,441.28,441.29,435.43,1.35
1992-12-21,SPX,标普500,441.26,440.7,441.28,439.65,0.37
1992-12-22,SPX,标普500,439.58,440.31,441.64,438.25,0.77
1992-12-23,SPX,标普500,440.45,439.03,441.11,439.03,0.47
1992-12-24,SPX,标普500,439.03,439.77,439.82,439.01,0.18
1992-12-28,SPX,标普500,439.73,439.15,439.77,437.26,0.57
1992-12-29,SPX,标普500,439.12,437.98,442.65,437.6,1.15
1992-12-30,SPX,标普500,438.01,438.82,439.37,437.12,0.51
1992-12-31,SPX,标普500,438.87,435.71,439.59,435.71,0.88
1993-01-04,SPX,标普500,435.61,435.38,437.32,434.48,0.65
1993-01-05,SPX,标普500,435.23,434.34,435.4,433.55,0.42
1993-01-06,SPX,标普500,434.34,434.52,435.17,432.54,0.61
1993-01-07,SPX,标普500,434.54,430.73,435.46,429.78,1.31
1993-01-08,SPX,标普500,430.7,429.05,430.73,426.88,0.89
1993-01-11,SPX,标普500,429.01,430.95,431.04,429.01,0.47
1993-01-12,SPX,标普500,430.92,431.04,431.38,428.18,0.74
1993-01-13,SPX,标普500,430.99,433.03,433.44,429.99,0.8
1993-01-14,SPX,标普500,433.03,435.94,435.96,433.03,0.68
1993-01-15,SPX,标普500,435.87,437.15,439.49,435.84,0.84
1993-01-18,SPX,标普500,437.13,436.84,437.15,435.92,0.28
1993-01-19,SPX,标普500,436.8,435.13,437.7,434.59,0.71
1993-01-20,SPX,标普500,435.14,433.37,436.23,433.37,0.66
1993-01-21,SPX,标普500,433.37,435.49,435.75,432.48,0.75
1993-01-22,SPX,标普500,435.51,436.11,437.82,435.49,0.54
1993-01-25,SPX,标普500,436.11,440.01,440.56,436.11,1.02
1993-01-26,SPX,标普500,439.99,439.95,442.66,439.54,0.71
1993-01-27,SPX,标普500,439.97,438.11,440.04,436.82,0.73
1993-01-28,SPX,标普500,438.08,438.66,439.14,437.3,0.42
1993-01-29,SPX,标普500,438.64,438.78,438.93,436.91,0.46
1993-02-01,SPX,标普500,438.78,442.52,442.52,438.77,0.85
1993-02-02,SPX,标普500,442.43,442.56,442.87,440.76,0.48
1993-02-03,SPX,标普500,442.56,447.2,447.35,442.54,1.09
1993-02-04,SPX,标普500,447.2,449.56,449.86,447.2,0.59
1993-02-05,SPX,标普500,449.44,448.93,449.56,446.95,0.58
1993-02-08,SPX,标普500,448.74,447.85,450.04,447.7,0.52
1993-02-09,SPX,标普500,447.9,445.33,448.04,444.52,0.79
1993-02-10,SPX,标普500,445.36,446.23,446.37,444.24,0.48
1993-02-11,SPX,标普500,446.21,447.66,449.36,446.21,0.71
1993-02-12,SPX,标普500,447.55,444.58,447.7,444.58,0.7
1993-02-16,SPX,标普500,444.46,433.91,444.58,433.47,2.5
1993-02-17,SPX,标普500,433.9,433.3,433.97,430.92,0.7
1993-02-18,SPX,标普500,433.35,431.9,437.79,428.25,2.2
1993-02-19,SPX,标普500,431.9,434.22,434.26,431.18,0.71
1993-02-22,SPX,标普500,434.1,435.24,436.49,433.53,0.68
1993-02-23,SPX,标普500,435.14,434.8,436.84,432.41,1.02
1993-02-24,SPX,标普500,434.73,440.87,440.87,434.68,1.42
1993-02-25,SPX,标普500,440.67,442.34,442.34,439.66,0.61
1993-02-26,SPX,标普500,442.29,443.38,443.77,440.98,0.63
1993-03-01,SPX,标普500,443.3,442.01,444.18,441.34,0.64
1993-03-02,SPX,标普500,441.89,447.9,447.91,441.07,1.55
1993-03-03,SPX,标普500,447.77,449.26,450.0,447.73,0.51
1993-03-04,SPX,标普500,449.15,447.34,449.52,446.72,0.62
1993-03-05,SPX,标普500,447.23,446.11,449.58,445.55,0.9
1993-03-08,SPX,标普500,446.1,454.71,454.71,446.1,1.93
1993-03-09,SPX,标普500,454.49,454.4,455.52,453.68,0.4
1993-03-10,SPX,标普500,454.42,456.33,456.34,452.7,0.8
1993-03-11,SPX,标普500,456.31,453.72,456.76,453.48,0.72
1993-03-12,SPX,标普500,453.69,449.83,453.72,447.04,1.47
1993-03-15,SPX,标普500,449.8,451.43,451.43,449.38,0.46
1993-03-16,SPX,标普500,451.43,451.37,452.36,451.01,0.3
1993-03-17,SPX,标普500,451.31,448.31,451.37,447.99,0.75
1993-03-18,SPX,标普500,448.36,451.88,452.39,448.31,0.91
1993-03-19,SPX,标普500,451.89,450.18,453.32,449.91,0.75
1993-03-22,SPX,标普500,450.11,448.88,450.18,446.08,0.91
1993-03-23,SPX,标普500,448.88,448.76,449.8,448.3,0.33
1993-03-24,SPX,标普500,448.73,448.07,450.9,446.1,1.07
1993-03-25,SPX,标普500,448.07,450.88,451.43,447.86,0.8
1993-03-26,SPX,标普500,450.89,447.78,452.09,447.69,0.98
1993-03-29,SPX,标普500,447.76,450.77,452.58,447.76,1.08
1993-03-30,SPX,标普500,450.54,451.97,452.06,449.63,0.54
1993-03-31,SPX,标普500,451.79,451.67,454.88,451.67,0.71
1993-04-01,SPX,标普500,451.65,450.3,452.63,449.6,0.67
1993-04-02,SPX,标普500,450.06,441.39,450.3,440.71,2.13
1993-04-05,SPX,标普500,441.32,442.29,442.43,440.53,0.43
1993-04-06,SPX,标普500,442.35,441.16,443.38,439.46,0.89
1993-04-07,SPX,标普500,441.14,442.73,442.73,440.5,0.51
1993-04-08,SPX,标普500,442.66,441.84,443.77,440.02,0.85
1993-04-12,SPX,标普500,441.86,448.37,448.37,441.86,1.47
1993-04-13,SPX,标普500,448.39,449.22,450.39,447.66,0.61
1993-04-14,SPX,标普500,449.2,448.66,450.0,448.02,0.44
1993-04-15,SPX,标普500,448.57,448.4,449.11,446.39,0.61
1993-04-16,SPX,标普500,448.44,448.94,449.39,447.67,0.38
1993-04-19,SPX,标普500,448.6,447.46,449.14,445.85,0.73
1993-04-20,SPX,标普500,447.46,445.1,447.46,442.02,1.22
1993-04-21,SPX,标普500,445.08,443.63,445.77,443.08,0.6
1993-04-22,SPX,标普500,443.58,439.46,445.73,439.46,1.41
1993-04-23,SPX,标普500,439.44,437.03,439.48,436.82,0.61
1993-04-26,SPX,标普500,436.87,433.54,438.35,432.3,1.38
1993-04-27,SPX,标普500,433.44,438.01,438.02,433.14,1.13
1993-04-28,SPX,标普500,438.01,438.02,438.8,436.68,0.48
1993-04-29,SPX,标普500,438.0,438.89,438.96,435.59,0.77
1993-04-30,SPX,标普500,438.9,440.19,442.29,438.89,0.77
1993-05-03,SPX,标普500,440.1,442.46,442.59,438.25,0.99
1993-05-04,SPX,标普500,442.33,444.05,445.19,442.33,0.65
1993-05-05,SPX,标普500,443.9,444.52,446.09,443.76,0.52
1993-05-06,SPX,标普500,444.39,443.26,444.81,442.9,0.43
1993-05-07,SPX,标普500,443.03,442.31,443.7,441.69,0.45
1993-05-10,SPX,标普500,442.06,442.8,445.42,442.05,0.76
1993-05-11,SPX,标普500,442.73,444.36,444.57,441.52,0.69
1993-05-12,SPX,标普500,444.29,444.8,445.16,442.87,0.52
1993-05-13,SPX,标普500,444.76,439.23,444.8,439.23,1.25
1993-05-14,SPX,标普500,439.03,439.56,439.82,438.1,0.39
1993-05-17,SPX,标普500,439.43,440.37,440.38,437.83,0.58
1993-05-18,SPX,标普500,440.32,440.32,441.26,437.95,0.75
1993-05-19,SPX,标普500,440.27,447.57,447.86,436.86,2.5
1993-05-20,SPX,标普500,447.58,450.59,450.59,447.36,0.72
1993-05-21,SPX,标普500,450.59,445.84,450.59,444.89,1.27
1993-05-24,SPX,标普500,445.73,448.0,448.44,445.26,0.71
1993-05-25,SPX,标普500,447.89,448.85,449.04,447.7,0.3
1993-05-26,SPX,标普500,448.92,453.44,453.53,448.8,1.05
1993-05-27,SPX,标普500,453.45,452.41,454.55,451.14,0.75
1993-05-28,SPX,标普500,452.27,450.19,452.41,447.67,1.05
1993-06-01,SPX,标普500,450.23,453.83,455.63,450.19,1.21
1993-06-02,SPX,标普500,453.82,453.85,454.53,452.68,0.41
1993-06-03,SPX,标普500,453.81,452.49,453.85,451.12,0.6
1993-06-04,SPX,标普500,452.39,450.06,452.49,448.92,0.79
1993-06-07,SPX,标普500,450.21,447.69,450.75,447.32,0.76
1993-06-08,SPX,标普500,447.59,444.71,447.59,444.29,0.74
1993-06-09,SPX,标普500,444.63,445.78,447.38,444.62,0.62
1993-06-10,SPX,标普500,445.66,445.38,446.22,444.09,0.48
1993-06-11,SPX,标普500,445.43,447.26,448.19,445.38,0.63
1993-06-14,SPX,标普500,447.23,447.71,448.64,447.23,0.32
1993-06-15,SPX,标普500,447.6,446.27,448.28,446.18,0.47
1993-06-16,SPX,标普500,446.27,447.43,447.43,443.61,0.86
1993-06-17,SPX,标普500,447.41,448.54,448.98,446.89,0.47
1993-06-18,SPX,标普500,448.47,443.68,448.59,443.68,1.09
1993-06-21,SPX,标普500,443.68,446.22,446.36,443.68,0.6
1993-06-22,SPX,标普500,446.22,445.93,446.29,444.94,0.3
1993-06-23,SPX,标普500,445.96,443.19,445.96,443.19,0.62
1993-06-24,SPX,标普500,442.86,446.62,447.21,442.5,1.06
1993-06-25,SPX,标普500,446.68,447.6,448.64,446.62,0.45
1993-06-28,SPX,标普500,447.79,451.85,451.9,447.6,0.96
1993-06-29,SPX,标普500,451.88,450.69,451.9,449.67,0.49
1993-06-30,SPX,标普500,450.69,450.53,451.37,450.14,0.27
1993-07-01,SPX,标普500,450.53,449.02,451.16,448.72,0.54
1993-07-02,SPX,标普500,448.77,445.84,449.02,445.2,0.85
1993-07-06,SPX,标普500,445.81,441.43,446.87,441.42,1.22
1993-07-07,SPX,标普500,441.4,442.83,443.63,441.4,0.51
1993-07-08,SPX,标普500,442.84,448.64,448.64,442.83,1.31
1993-07-09,SPX,标普500,448.64,448.13,448.96,446.74,0.49
1993-07-12,SPX,标普500,448.19,448.98,449.11,447.71,0.31
1993-07-13,SPX,标普500,449.78,448.09,450.7,448.07,0.59
1993-07-14,SPX,标普500,448.08,450.08,451.07,448.07,0.67
1993-07-15,SPX,标普500,450.07,449.22,450.12,447.26,0.64
1993-07-16,SPX,标普500,449.07,445.75,449.22,445.66,0.79
1993-07-19,SPX,标普500,445.71,446.03,446.78,444.83,0.44
1993-07-20,SPX,标普500,446.15,447.31,447.63,443.71,0.88
1993-07-21,SPX,标普500,447.28,447.18,447.5,445.84,0.37
1993-07-22,SPX,标普500,447.15,444.51,447.23,443.72,0.78
1993-07-23,SPX,标普500,444.6,447.1,447.1,444.51,0.58
1993-07-26,SPX,标普500,447.1,449.09,449.47,447.03,0.55
1993-07-27,SPX,标普500,448.99,448.24,449.44,446.76,0.6
1993-07-28,SPX,标普500,448.22,447.19,448.61,446.59,0.45
1993-07-29,SPX,标普500,447.25,450.24,450.77,447.19,0.8
1993-07-30,SPX,标普500,450.21,448.13,450.24,446.98,0.72
1993-08-02,SPX,标普500,448.32,450.15,450.15,448.03,0.47
1993-08-03,SPX,标普500,449.87,449.27,450.43,447.59,0.63
1993-08-04,SPX,标普500,449.24,448.54,449.72,447.93,0.4
1993-08-05,SPX,标普500,448.47,448.13,449.61,446.94,0.6
1993-08-06,SPX,标普500,448.1,448.68,449.26,447.87,0.31
1993-08-09,SPX,标普500,448.68,450.72,451.56,445.43,1.37
1993-08-10,SPX,标普500,450.65,449.45,450.72,449.1,0.36
1993-08-11,SPX,标普500,449.55,450.46,451.0,449.45,0.34
1993-08-12,SPX,标普500,450.46,448.96,451.63,447.53,0.91
1993-08-13,SPX,标普500,448.95,450.14,450.26,448.95,0.29
1993-08-16,SPX,标普500,450.14,452.38,453.41,450.14,0.73
1993-08-17,SPX,标普500,452.38,453.13,453.6,451.97,0.36
1993-08-18,SPX,标普500,453.19,456.04,456.99,453.13,0.85
1993-08-19,SPX,标普500,455.98,456.43,456.76,455.2,0.34
1993-08-20,SPX,标普500,456.51,456.16,456.68,454.6,0.46
1993-08-23,SPX,标普500,456.12,455.23,456.16,454.29,0.41
1993-08-24,SPX,标普500,455.23,459.77,459.77,455.04,1.04
1993-08-25,SPX,标普500,459.75,460.13,462.04,459.3,0.6
1993-08-26,SPX,标普500,460.04,461.04,462.87,458.82,0.88
1993-08-27,SPX,标普500,461.05,460.54,461.05,459.19,0.4
1993-08-30,SPX,标普500,460.54,461.9,462.58,460.28,0.5
1993-08-31,SPX,标普500,461.9,463.56,463.56,461.29,0.49
1993-09-01,SPX,标普500,463.55,463.15,463.8,461.77,0.44
1993-09-02,SPX,标普500,463.13,461.3,463.54,461.07,0.53
1993-09-03,SPX,标普500,461.3,461.34,462.05,459.91,0.46
1993-09-07,SPX,标普500,461.34,458.52,462.07,457.95,0.89
1993-09-08,SPX,标普500,458.53,456.65,458.53,453.75,1.04
1993-09-09,SPX,标普500,456.65,457.5,458.11,455.17,0.64
1993-09-10,SPX,标普500,457.49,461.72,461.86,457.49,0.96
1993-09-13,SPX,标普500,461.7,462.06,463.38,461.41,0.43
1993-09-14,SPX,标普500,461.93,459.9,462.06,458.15,0.85
1993-09-15,SPX,标普500,459.9,461.6,461.96,456.31,1.23
1993-09-16,SPX,标普500,461.6,459.43,461.6,459.0,0.56
1993-09-17,SPX,标普500,459.43,458.83,459.43,457.09,0.51
1993-09-20,SPX,标普500,458.84,455.05,459.91,455.0,1.07
1993-09-21,SPX,标普500,455.05,452.95,455.8,449.64,1.35
1993-09-22,SPX,标普500,452.95,456.2,456.62,452.95,0.81
1993-09-23,SPX,标普500,456.25,457.74,458.69,456.2,0.55
1993-09-24,SPX,标普500,457.74,457.63,458.56,456.92,0.36
1993-09-27,SPX,标普500,457.63,461.8,461.81,457.63,0.91
1993-09-28,SPX,标普500,461.84,461.53,462.08,460.91,0.25
1993-09-29,SPX,标普500,461.6,460.11,462.17,459.51,0.58
1993-09-30,SPX,标普500,460.11,458.93,460.56,458.28,0.5
1993-10-01,SPX,标普500,458.93,461.29,461.48,458.35,0.68
1993-10-04,SPX,标普500,461.18,461.34,461.8,460.02,0.39
1993-10-05,SPX,标普500,461.34,461.2,463.15,459.45,0.8
1993-10-06,SPX,标普500,461.24,460.74,462.6,460.26,0.51
1993-10-07,SPX,标普500,460.71,459.18,461.13,459.08,0.44
1993-10-08,SPX,标普500,459.2,460.31,460.99,456.4,1.0
1993-10-11,SPX,标普500,461.08,460.88,461.87,460.31,0.34
1993-10-12,SPX,标普500,461.04,461.12,462.47,460.73,0.38
1993-10-13,SPX,标普500,461.12,461.49,461.98,460.76,0.26
1993-10-14,SPX,标普500,461.55,466.83,466.83,461.49,1.16
1993-10-15,SPX,标普500,466.9,469.5,471.1,466.83,0.91
1993-10-18,SPX,标普500,469.5,468.45,470.04,468.02,0.43
1993-10-19,SPX,标普500,468.41,466.21,468.63,464.8,0.82
1993-10-20,SPX,标普500,466.21,466.07,466.87,464.54,0.5
1993-10-21,SPX,标普500,466.06,465.36,466.64,464.38,0.48
1993-10-22,SPX,标普500,465.36,463.27,467.83,463.27,0.98
1993-10-25,SPX,标普500,463.27,464.2,464.49,462.05,0.53
1993-10-26,SPX,标普500,464.2,464.3,464.32,462.65,0.36
1993-10-27,SPX,标普500,464.3,464.61,464.61,463.36,0.27
1993-10-28,SPX,标普500,464.52,467.73,468.76,464.52,0.91
1993-10-29,SPX,标普500,467.72,467.83,468.2,467.37,0.18
1993-11-01,SPX,标普500,467.83,469.1,469.11,467.33,0.38
1993-11-02,SPX,标普500,469.1,468.44,469.1,466.2,0.62
1993-11-03,SPX,标普500,468.44,463.02,468.61,460.95,1.64
1993-11-04,SPX,标普500,463.03,457.49,463.11,457.22,1.27
1993-11-05,SPX,标普500,457.47,459.57,459.63,454.36,1.15
1993-11-08,SPX,标普500,459.57,460.21,461.54,458.78,0.6
1993-11-09,SPX,标普500,460.21,460.33,463.42,460.21,0.7
1993-11-10,SPX,标普500,460.4,463.72,463.72,459.57,0.9
1993-11-11,SPX,标普500,463.72,462.64,464.96,462.49,0.53
1993-11-12,SPX,标普500,462.64,465.39,465.84,462.64,0.69
1993-11-15,SPX,标普500,465.39,463.75,466.13,462.96,0.68
1993-11-16,SPX,标普500,463.75,466.74,466.74,462.98,0.81
1993-11-17,SPX,标普500,466.74,464.81,467.24,462.73,0.97
1993-11-18,SPX,标普500,464.83,463.62,464.88,461.73,0.68
1993-11-19,SPX,标普500,463.59,462.6,463.62,460.03,0.77
1993-11-22,SPX,标普500,462.6,459.13,462.6,457.08,1.19
1993-11-23,SPX,标普500,459.13,461.03,461.77,458.47,0.72
1993-11-24,SPX,标普500,461.03,462.36,462.9,461.03,0.41
1993-11-25,SPX,标普500,462.36,462.36,462.36,462.36,0.0
1993-11-26,SPX,标普500,462.36,463.06,463.63,462.36,0.27
1993-11-29,SPX,标普500,463.06,461.9,464.83,461.83,0.65
1993-11-30,SPX,标普500,461.9,461.79,463.62,460.45,0.69
1993-12-01,SPX,标普500,461.93,461.89,464.47,461.63,0.61
1993-12-02,SPX,标普500,461.89,463.11,463.22,461.45,0.38
1993-12-03,SPX,标普500,463.13,464.89,464.89,462.67,0.48
1993-12-06,SPX,标普500,464.89,466.43,466.89,464.4,0.54
1993-12-07,SPX,标普500,466.43,466.76,466.77,465.44,0.29
1993-12-08,SPX,标普500,466.73,466.29,466.76,465.42,0.29
1993-12-09,SPX,标普500,466.29,464.18,466.54,463.87,0.57
1993-12-10,SPX,标普500,464.18,463.93,464.87,462.66,0.48
1993-12-13,SPX,标普500,463.93,465.7,465.71,462.71,0.65
1993-12-14,SPX,标普500,465.73,463.06,466.12,462.46,0.79
1993-12-15,SPX,标普500,463.07,461.84,463.69,461.84,0.4
1993-12-16,SPX,标普500,461.86,463.34,463.98,461.84,0.46
1993-12-17,SPX,标普500,463.34,466.38,466.38,463.34,0.66
1993-12-20,SPX,标普500,466.38,465.85,466.89,465.53,0.29
1993-12-21,SPX,标普500,465.84,465.3,465.92,464.03,0.41
1993-12-22,SPX,标普500,465.08,467.32,467.38,465.08,0.49
1993-12-23,SPX,标普500,467.3,467.38,468.97,467.3,0.36
1993-12-24,SPX,标普500,467.38,467.38,467.38,467.38,0.0
1993-12-27,SPX,标普500,467.4,470.54,470.55,467.35,0.68
1993-12-28,SPX,标普500,470.61,470.94,471.05,469.43,0.34
1993-12-29,SPX,标普500,470.88,470.58,471.29,469.87,0.3
1993-12-30,SPX,标普500,470.58,468.64,470.58,468.09,0.53
1993-12-31,SPX,标普500,468.66,466.45,470.75,466.45,0.92
1994-01-03,SPX,标普500,466.51,465.44,466.94,464.36,0.55
1994-01-04,SPX,标普500,465.44,466.89,466.89,464.44,0.53
1994-01-05,SPX,标普500,466.89,467.55,467.82,465.92,0.41
1994-01-06,SPX,标普500,467.55,467.12,469.0,467.02,0.42
1994-01-07,SPX,标普500,467.09,469.9,470.26,467.03,0.69
1994-01-10,SPX,标普500,469.9,475.27,475.27,469.55,1.22
1994-01-11,SPX,标普500,475.27,474.13,475.28,473.27,0.42
1994-01-12,SPX,标普500,474.13,474.17,475.06,472.14,0.62
1994-01-13,SPX,标普500,474.17,472.47,474.17,471.8,0.5
1994-01-14,SPX,标普500,472.5,474.91,475.32,472.47,0.6
1994-01-17,SPX,标普500,474.91,473.3,474.91,472.84,0.44
1994-01-18,SPX,标普500,473.3,474.25,475.19,473.29,0.4
1994-01-19,SPX,标普500,473.97,474.3,474.71,472.21,0.53
1994-01-20,SPX,标普500,474.3,474.98,475.0,473.42,0.33
1994-01-21,SPX,标普500,475.07,474.72,475.56,473.72,0.39
1994-01-24,SPX,标普500,474.72,471.97,475.2,471.49,0.78
1994-01-25,SPX,标普500,471.97,470.92,472.56,470.27,0.49
1994-01-26,SPX,标普500,470.92,473.2,473.44,470.72,0.58
1994-01-27,SPX,标普500,473.2,477.05,477.52,473.2,0.91
1994-01-28,SPX,标普500,477.05,478.7,479.75,477.05,0.57
1994-01-31,SPX,标普500,478.7,481.61,482.85,478.7,0.87
1994-02-01,SPX,标普500,481.6,479.62,481.64,479.18,0.51
1994-02-02,SPX,标普500,479.62,482.0,482.23,479.57,0.55
1994-02-03,SPX,标普500,481.96,480.71,482.0,478.71,0.68
1994-02-04,SPX,标普500,480.68,469.81,481.02,469.28,2.44
1994-02-07,SPX,标普500,469.81,471.76,472.09,467.57,0.96
1994-02-08,SPX,标普500,471.74,471.05,472.33,469.5,0.6
1994-02-09,SPX,标普500,471.05,472.77,473.41,471.05,0.5
1994-02-10,SPX,标普500,472.81,468.93,473.13,468.91,0.89
1994-02-11,SPX,标普500,468.91,470.18,471.13,466.89,0.9
1994-02-14,SPX,标普500,470.18,470.23,471.99,469.05,0.63
1994-02-15,SPX,标普500,470.23,472.52,473.41,470.23,0.68
1994-02-16,SPX,标普500,472.53,472.79,474.16,471.94,0.47
1994-02-17,SPX,标普500,472.79,470.34,475.13,468.26,1.45
1994-02-18,SPX,标普500,470.29,467.69,471.09,466.07,1.07
1994-02-21,SPX,标普500,467.69,467.69,467.69,467.69,0.0
1994-02-22,SPX,标普500,467.69,471.46,471.65,467.58,0.87
1994-02-23,SPX,标普500,471.48,470.69,472.41,469.47,0.62
1994-02-24,SPX,标普500,470.65,464.26,470.69,464.26,1.37
1994-02-25,SPX,标普500,464.33,466.07,466.48,464.26,0.48
1994-02-28,SPX,标普500,466.07,467.14,469.16,466.07,0.66
1994-03-01,SPX,标普500,467.19,464.44,467.43,462.02,1.16
1994-03-02,SPX,标普500,464.4,464.81,464.88,457.67,1.55
1994-03-03,SPX,标普500,464.81,463.01,464.83,462.5,0.5
1994-03-04,SPX,标普500,463.03,464.74,466.16,462.41,0.81
1994-03-07,SPX,标普500,464.74,466.91,468.07,464.74,0.72
1994-03-08,SPX,标普500,466.92,465.88,467.79,465.02,0.59
1994-03-09,SPX,标普500,465.94,467.06,467.42,463.4,0.86
1994-03-10,SPX,标普500,467.08,463.9,467.29,462.46,1.03
1994-03-11,SPX,标普500,463.86,466.44,466.61,462.54,0.88
1994-03-14,SPX,标普500,466.44,467.39,467.6,466.08,0.33
1994-03-15,SPX,标普500,467.36,467.01,468.99,466.04,0.63
1994-03-16,SPX,标普500,467.04,469.42,469.85,465.48,0.94
1994-03-17,SPX,标普500,469.42,470.9,471.05,468.62,0.52
1994-03-18,SPX,标普500,470.89,471.06,471.09,467.83,0.69
1994-03-21,SPX,标普500,471.06,468.54,471.06,467.23,0.81
1994-03-22,SPX,标普500,468.4,468.8,470.47,467.88,0.55
1994-03-23,SPX,标普500,468.89,468.54,470.38,468.52,0.4
1994-03-24,SPX,标普500,468.57,464.35,468.57,462.41,1.31
1994-03-25,SPX,标普500,464.35,460.58,465.29,460.58,1.01
1994-03-28,SPX,标普500,460.58,460.0,461.12,456.1,1.09
1994-03-29,SPX,标普500,460.03,452.48,460.32,452.43,1.72
1994-03-30,SPX,标普500,452.4,445.55,452.49,445.55,1.53
1994-03-31,SPX,标普500,445.55,445.77,447.16,436.16,2.47
1994-04-01,SPX,标普500,445.76,445.76,445.76,445.76,0.0
1994-04-04,SPX,标普500,445.66,438.92,445.77,435.86,2.22
1994-04-05,SPX,标普500,439.14,448.29,448.29,438.92,2.13
1994-04-06,SPX,标普500,448.29,448.05,449.63,444.98,1.04
1994-04-07,SPX,标普500,448.11,450.88,451.1,446.38,1.05
1994-04-08,SPX,标普500,450.89,447.1,450.89,445.51,1.19
1994-04-11,SPX,标普500,447.12,449.87,450.34,447.1,0.72
1994-04-12,SPX,标普500,449.83,447.57,450.8,447.33,0.77
1994-04-13,SPX,标普500,447.63,446.26,448.57,442.62,1.33
1994-04-14,SPX,标普500,446.26,446.38,447.55,443.57,0.89
1994-04-15,SPX,标普500,446.38,446.18,447.85,445.81,0.46
1994-04-18,SPX,标普500,446.27,442.46,447.87,441.48,1.43
1994-04-19,SPX,标普500,442.54,442.54,444.82,438.83,1.35
1994-04-20,SPX,标普500,442.54,441.96,445.01,439.4,1.27
1994-04-21,SPX,标普500,441.96,448.73,449.14,441.96,1.62
1994-04-22,SPX,标普500,448.73,447.63,449.96,447.16,0.62
1994-04-25,SPX,标普500,447.64,452.71,452.71,447.58,1.15
1994-04-26,SPX,标普500,452.71,451.87,452.79,450.66,0.47
1994-04-27,SPX,标普500,451.87,451.87,451.87,451.87,0.0
1994-04-28,SPX,标普500,451.84,449.1,452.23,447.97,0.94
1994-04-29,SPX,标普500,449.07,450.91,451.35,447.91,0.77
1994-05-02,SPX,标普500,450.91,453.02,453.57,449.05,1.0
1994-05-03,SPX,标普500,453.06,453.03,453.98,450.51,0.77
1994-05-04,SPX,标普500,453.04,451.72,453.11,449.87,0.72
1994-05-05,SPX,标普500,451.76,451.38,452.82,450.72,0.46
1994-05-06,SPX,标普500,451.37,447.82,451.38,445.64,1.27
1994-05-09,SPX,标普500,447.82,442.32,447.82,441.84,1.34
1994-05-10,SPX,标普500,442.37,446.01,446.84,442.32,1.02
1994-05-11,SPX,标普500,446.03,441.49,446.03,440.78,1.18
1994-05-12,SPX,标普500,441.5,443.75,444.8,441.49,0.75
1994-05-13,SPX,标普500,443.62,444.14,444.72,441.21,0.79
1994-05-16,SPX,标普500,444.15,444.49,445.82,443.62,0.5
1994-05-17,SPX,标普500,444.49,449.37,449.37,443.7,1.28
1994-05-18,SPX,标普500,449.39,453.69,454.45,448.87,1.24
1994-05-19,SPX,标普500,453.69,456.48,456.88,453.0,0.86
1994-05-20,SPX,标普500,456.48,454.92,456.48,454.22,0.5
1994-05-23,SPX,标普500,454.92,453.2,454.93,451.78,0.69
1994-05-24,SPX,标普500,453.21,454.81,456.77,453.2,0.79
1994-05-25,SPX,标普500,454.84,456.34,456.34,452.2,0.91
1994-05-26,SPX,标普500,456.33,457.06,457.77,455.79,0.43
1994-05-27,SPX,标普500,457.03,457.33,457.33,454.67,0.58
1994-05-30,SPX,标普500,457.33,457.33,457.33,457.33,0.0
1994-05-31,SPX,标普500,457.32,456.5,457.61,455.16,0.54
1994-06-01,SPX,标普500,456.5,457.63,458.29,453.99,0.94
1994-06-02,SPX,标普500,457.62,457.65,458.5,457.26,0.27
1994-06-03,SPX,标普500,457.65,460.13,460.86,456.27,1.0
1994-06-06,SPX,标普500,460.13,458.88,461.87,458.85,0.66
1994-06-07,SPX,标普500,458.88,458.21,459.46,457.65,0.39
1994-06-08,SPX,标普500,458.21,457.06,459.74,455.43,0.94
1994-06-09,SPX,标普500,457.06,457.86,457.87,455.86,0.44
1994-06-10,SPX,标普500,457.86,458.67,459.48,457.36,0.46
1994-06-13,SPX,标普500,458.67,459.1,459.36,457.18,0.48
1994-06-14,SPX,标普500,459.1,462.37,462.52,459.1,0.74
1994-06-15,SPX,标普500,462.38,460.61,463.23,459.95,0.71
1994-06-16,SPX,标普500,460.61,461.93,461.93,459.8,0.46
1994-06-17,SPX,标普500,461.93,458.45,462.16,458.44,0.81
1994-06-20,SPX,标普500,458.45,455.48,458.45,454.46,0.87
1994-06-21,SPX,标普500,455.48,451.34,455.48,449.45,1.32
1994-06-22,SPX,标普500,451.4,453.09,453.91,451.34,0.57
1994-06-23,SPX,标普500,453.09,449.63,454.16,449.43,1.04
1994-06-24,SPX,标普500,449.63,442.8,449.63,442.51,1.58
1994-06-27,SPX,标普500,442.78,447.31,447.76,439.83,1.79
1994-06-28,SPX,标普500,447.36,446.07,448.47,443.08,1.2
1994-06-29,SPX,标普500,446.05,447.63,449.83,446.04,0.85
1994-06-30,SPX,标普500,447.63,444.27,448.61,443.66,1.11
1994-07-01,SPX,标普500,444.27,446.2,446.45,443.58,0.65
1994-07-04,SPX,标普500,446.21,446.21,446.21,446.21,0.0
1994-07-05,SPX,标普500,446.2,446.37,447.62,445.14,0.56
1994-07-06,SPX,标普500,445.29,446.13,447.28,444.18,0.69
1994-07-07,SPX,标普500,446.15,448.38,448.64,446.13,0.56
1994-07-08,SPX,标普500,448.38,449.55,449.75,446.53,0.72
1994-07-11,SPX,标普500,449.56,448.06,450.24,445.27,1.11
1994-07-12,SPX,标普500,448.02,447.95,448.16,444.65,0.78
1994-07-13,SPX,标普500,448.03,448.73,450.06,447.95,0.47
1994-07-14,SPX,标普500,448.73,453.41,454.33,448.73,1.25
1994-07-15,SPX,标普500,453.41,454.16,454.33,452.8,0.34
1994-07-18,SPX,标普500,454.41,455.22,455.71,453.26,0.54
1994-07-19,SPX,标普500,455.22,453.86,455.3,453.86,0.32
1994-07-20,SPX,标普500,453.89,451.6,454.16,450.69,0.76
1994-07-21,SPX,标普500,451.6,452.61,453.22,451.0,0.49
1994-07-22,SPX,标普500,452.61,453.11,454.03,452.33,0.38
1994-07-25,SPX,标普500,453.1,454.25,454.32,452.76,0.34
1994-07-26,SPX,标普500,454.25,453.36,454.25,452.78,0.32
1994-07-27,SPX,标普500,453.36,452.57,453.38,451.36,0.45
1994-07-28,SPX,标普500,452.57,454.24,454.93,452.28,0.59
1994-07-29,SPX,标普500,454.24,458.26,459.34,454.23,1.12
1994-08-01,SPX,标普500,458.28,461.01,461.01,458.08,0.64
1994-08-02,SPX,标普500,461.01,460.56,462.77,459.7,0.67
1994-08-03,SPX,标普500,460.65,461.45,461.46,459.51,0.42
1994-08-04,SPX,标普500,461.45,458.4,461.49,458.4,0.67
1994-08-05,SPX,标普500,458.34,457.09,458.4,456.08,0.51
1994-08-08,SPX,标普500,457.08,457.89,458.3,457.01,0.28
1994-08-09,SPX,标普500,457.89,457.93,458.16,456.66,0.33
1994-08-10,SPX,标普500,457.98,460.3,460.48,457.93,0.56
1994-08-11,SPX,标普500,460.31,458.88,461.41,456.88,0.98
1994-08-12,SPX,标普500,458.88,461.94,462.27,458.87,0.74
1994-08-15,SPX,标普500,461.97,461.23,463.34,461.21,0.46
1994-08-16,SPX,标普500,461.22,465.01,465.2,459.89,1.15
1994-08-17,SPX,标普500,465.11,465.17,465.91,464.57,0.29
1994-08-18,SPX,标普500,465.1,463.17,465.17,462.3,0.62
1994-08-19,SPX,标普500,463.25,463.68,464.37,461.81,0.55
1994-08-22,SPX,标普500,463.61,462.32,463.68,461.46,0.48
1994-08-23,SPX,标普500,462.39,464.51,466.58,462.32,0.92
1994-08-24,SPX,标普500,464.51,469.03,469.05,464.51,0.98
1994-08-25,SPX,标普500,469.07,468.08,470.12,467.64,0.53
1994-08-26,SPX,标普500,468.08,473.8,474.65,468.08,1.4
1994-08-29,SPX,标普500,473.89,474.59,477.14,473.8,0.7
1994-08-30,SPX,标普500,474.59,476.07,476.61,473.56,0.64
1994-08-31,SPX,标普500,476.07,475.49,477.59,474.43,0.66
1994-09-01,SPX,标普500,475.49,473.17,475.49,471.74,0.79
1994-09-02,SPX,标普500,473.2,470.99,474.89,470.67,0.89
1994-09-05,SPX,标普500,471.01,471.01,471.01,471.01,0.0
1994-09-06,SPX,标普500,471.0,471.86,471.92,469.64,0.48
1994-09-07,SPX,标普500,471.86,470.96,472.41,470.2,0.47
1994-09-08,SPX,标普500,470.96,473.14,473.4,470.86,0.54
1994-09-09,SPX,标普500,473.13,468.18,473.14,466.55,1.39
1994-09-12,SPX,标普500,468.18,466.21,468.42,466.15,0.48
1994-09-13,SPX,标普500,466.27,467.51,468.76,466.21,0.55
1994-09-14,SPX,标普500,467.55,468.8,468.86,466.82,0.44
1994-09-15,SPX,标普500,468.8,474.81,474.81,468.79,1.28
1994-09-16,SPX,标普500,474.81,471.19,474.81,470.06,1.0
1994-09-19,SPX,标普500,471.21,470.85,473.15,470.68,0.52
1994-09-20,SPX,标普500,470.83,463.36,470.85,463.36,1.59
1994-09-21,SPX,标普500,463.42,461.46,464.02,458.47,1.2
1994-09-22,SPX,标普500,461.45,461.27,463.22,460.96,0.49
1994-09-23,SPX,标普500,461.27,459.67,462.14,459.01,0.68
1994-09-26,SPX,标普500,459.65,460.82,460.87,459.31,0.34
1994-09-27,SPX,标普500,460.82,462.05,462.75,459.83,0.63
1994-09-28,SPX,标普500,462.1,464.84,465.55,462.05,0.76
1994-09-29,SPX,标普500,464.84,462.24,464.84,461.51,0.72
1994-09-30,SPX,标普500,462.27,462.69,465.3,461.91,0.73
1994-10-03,SPX,标普500,462.69,461.74,463.31,460.33,0.64
1994-10-04,SPX,标普500,461.77,454.59,462.46,454.03,1.83
1994-10-05,SPX,标普500,454.56,453.52,454.59,449.27,1.17
1994-10-06,SPX,标普500,453.52,452.36,454.49,452.13,0.52
1994-10-07,SPX,标普500,452.37,455.1,455.67,452.13,0.78
1994-10-10,SPX,标普500,455.12,459.04,459.29,455.1,0.92
1994-10-11,SPX,标普500,459.04,465.79,466.34,459.04,1.59
1994-10-12,SPX,标普500,465.78,465.47,466.7,464.79,0.41
1994-10-13,SPX,标普500,465.56,467.77,471.3,465.47,1.25
1994-10-14,SPX,标普500,467.78,469.1,469.53,466.11,0.73
1994-10-17,SPX,标普500,469.11,468.96,469.88,468.16,0.37
1994-10-18,SPX,标普500,469.02,467.66,469.19,466.54,0.57
1994-10-19,SPX,标普500,467.69,470.28,471.43,465.96,1.17
1994-10-20,SPX,标普500,470.37,466.85,470.37,465.39,1.06
1994-10-21,SPX,标普500,466.69,464.89,466.85,463.83,0.65
1994-10-24,SPX,标普500,464.89,460.83,466.37,460.8,1.2
1994-10-25,SPX,标普500,460.83,461.53,461.95,458.26,0.8
1994-10-26,SPX,标普500,461.55,462.62,463.77,461.22,0.55
1994-10-27,SPX,标普500,462.68,465.85,465.85,462.62,0.7
1994-10-28,SPX,标普500,465.84,473.77,473.78,465.8,1.71
1994-10-31,SPX,标普500,473.76,472.35,474.74,472.33,0.51
1994-11-01,SPX,标普500,472.26,468.42,472.26,467.64,0.98
1994-11-02,SPX,标普500,468.41,466.5,470.92,466.36,0.97
1994-11-03,SPX,标普500,466.5,467.91,468.64,466.4,0.48
1994-11-04,SPX,标普500,467.96,462.28,469.28,462.28,1.5
1994-11-07,SPX,标普500,462.31,463.07,463.56,461.25,0.5
1994-11-08,SPX,标普500,463.08,465.65,467.54,463.07,0.97
1994-11-09,SPX,标普500,465.65,465.4,469.95,463.44,1.4
1994-11-10,SPX,标普500,465.4,464.37,467.79,463.73,0.87
1994-11-11,SPX,标普500,464.17,462.35,464.37,461.45,0.63
1994-11-14,SPX,标普500,462.44,466.04,466.29,462.35,0.85
1994-11-15,SPX,标普500,466.04,465.03,468.51,462.95,1.19
1994-11-16,SPX,标普500,465.06,465.6,466.25,464.28,0.42
1994-11-17,SPX,标普500,465.71,463.56,465.83,461.47,0.94
1994-11-18,SPX,标普500,463.6,461.47,463.84,460.25,0.77
1994-11-21,SPX,标普500,461.69,458.3,463.41,457.55,1.27
1994-11-22,SPX,标普500,457.95,450.09,458.3,450.08,1.79
1994-11-23,SPX,标普500,450.01,449.93,450.64,444.18,1.44
1994-11-24,SPX,标普500,449.93,449.93,449.93,449.93,0.0
1994-11-25,SPX,标普500,449.94,452.29,452.87,449.9,0.66
1994-11-28,SPX,标普500,452.26,454.16,454.19,451.04,0.7
1994-11-29,SPX,标普500,454.23,455.17,455.17,452.14,0.67
1994-11-30,SPX,标普500,455.17,453.69,457.13,453.27,0.85
1994-12-01,SPX,标普500,453.55,448.92,453.91,447.97,1.31
1994-12-02,SPX,标普500,448.92,453.3,453.31,448.0,1.18
1994-12-05,SPX,标普500,453.3,453.32,455.04,452.06,0.66
1994-12-06,SPX,标普500,453.29,453.11,453.93,450.35,0.79
1994-12-07,SPX,标普500,453.11,451.23,453.11,450.01,0.68
1994-12-08,SPX,标普500,451.23,445.45,452.06,444.59,1.66
1994-12-09,SPX,标普500,445.45,446.96,446.98,442.88,0.92
1994-12-12,SPX,标普500,446.95,449.47,449.48,445.62,0.86
1994-12-13,SPX,标普500,449.52,450.15,451.69,449.43,0.5
1994-12-14,SPX,标普500,450.05,454.97,456.16,450.05,1.36
1994-12-15,SPX,标普500,454.97,455.34,456.84,454.5,0.51
1994-12-16,SPX,标普500,455.35,458.8,458.8,455.34,0.76
1994-12-19,SPX,标普500,458.78,457.91,458.8,456.64,0.47
1994-12-20,SPX,标普500,458.08,457.1,458.45,456.37,0.45
1994-12-21,SPX,标普500,457.24,459.61,461.7,457.1,1.01
1994-12-22,SPX,标普500,459.62,459.67,461.21,459.33,0.41
1994-12-23,SPX,标普500,459.7,459.83,461.32,459.39,0.42
1994-12-26,SPX,标普500,459.83,459.83,459.83,459.83,0.0
1994-12-27,SPX,标普500,459.85,462.47,462.73,459.83,0.63
1994-12-28,SPX,标普500,462.47,460.86,462.49,459.0,0.75
1994-12-29,SPX,标普500,460.92,461.16,461.81,460.36,0.31
1994-12-30,SPX,标普500,461.17,459.27,462.12,459.24,0.62
1995-01-02,SPX,标普500,459.27,459.27,459.27,459.27,0.0
1995-01-03,SPX,标普500,459.21,459.11,459.27,457.2,0.45
1995-01-04,SPX,标普500,459.13,460.71,460.72,457.56,0.69
1995-01-05,SPX,标普500,460.73,460.34,461.3,459.75,0.34
1995-01-06,SPX,标普500,460.38,460.68,462.49,459.47,0.66
1995-01-09,SPX,标普500,460.67,460.83,461.77,459.74,0.44
1995-01-10,SPX,标普500,460.9,461.68,464.59,460.83,0.82
1995-01-11,SPX,标普500,461.68,461.66,463.61,458.65,1.07
1995-01-12,SPX,标普500,461.64,461.64,461.93,460.63,0.28
1995-01-13,SPX,标普500,461.64,465.97,466.43,461.64,1.04
1995-01-16,SPX,标普500,465.97,469.38,470.39,465.97,0.95
1995-01-17,SPX,标普500,469.38,470.05,470.15,468.19,0.42
1995-01-18,SPX,标普500,470.05,469.72,470.43,468.03,0.51
1995-01-19,SPX,标普500,469.72,466.95,469.72,466.4,0.71
1995-01-20,SPX,标普500,466.95,464.78,466.99,463.99,0.64
1995-01-23,SPX,标普500,464.78,465.81,466.23,461.14,1.1
1995-01-24,SPX,标普500,465.81,465.86,466.88,465.47,0.3
1995-01-25,SPX,标普500,465.86,467.44,469.51,464.4,1.1
1995-01-26,SPX,标普500,467.44,468.32,468.62,466.9,0.37
1995-01-27,SPX,标普500,468.32,470.39,471.36,468.32,0.65
1995-01-30,SPX,标普500,470.39,468.51,470.52,467.49,0.64
1995-01-31,SPX,标普500,468.51,470.42,471.03,468.18,0.61
1995-02-01,SPX,标普500,470.42,470.4,472.75,469.29,0.74
1995-02-02,SPX,标普500,470.4,472.78,472.79,469.95,0.6
1995-02-03,SPX,标普500,472.78,478.64,479.91,472.78,1.51
1995-02-06,SPX,标普500,478.64,481.14,481.95,478.36,0.75
1995-02-07,SPX,标普500,481.14,480.81,481.32,479.69,0.34
1995-02-08,SPX,标普500,480.81,481.19,482.6,480.4,0.46
1995-02-09,SPX,标普500,481.19,480.19,482.0,479.91,0.43
1995-02-10,SPX,标普500,480.19,481.46,481.96,479.53,0.51
1995-02-13,SPX,标普500,481.46,481.65,482.86,481.07,0.37
1995-02-14,SPX,标普500,481.65,482.55,482.94,480.89,0.43
1995-02-15,SPX,标普500,482.55,484.54,485.54,481.77,0.78
1995-02-16,SPX,标普500,484.56,485.22,485.22,483.05,0.45
1995-02-17,SPX,标普500,485.15,481.97,485.22,481.97,0.67
1995-02-20,SPX,标普500,481.97,481.97,481.97,481.97,0.0
1995-02-21,SPX,标普500,481.97,482.74,483.26,481.97,0.27
1995-02-22,SPX,标普500,482.74,485.07,486.15,482.45,0.77
1995-02-23,SPX,标普500,485.07,486.91,489.19,485.07,0.85
1995-02-24,SPX,标普500,486.82,488.11,488.22,485.7,0.52
1995-02-27,SPX,标普500,487.47,483.81,488.11,483.18,1.01
1995-02-28,SPX,标普500,483.81,487.39,487.45,483.77,0.76
1995-03-01,SPX,标普500,487.39,485.65,487.83,484.92,0.6
1995-03-02,SPX,标普500,485.65,485.13,485.71,483.19,0.52
1995-03-03,SPX,标普500,485.13,485.42,485.42,483.07,0.48
1995-03-06,SPX,标普500,485.42,485.63,485.7,481.52,0.86
1995-03-07,SPX,标普500,485.63,482.12,485.63,479.7,1.22
1995-03-08,SPX,标普500,482.12,483.14,484.08,481.57,0.52
1995-03-09,SPX,标普500,483.14,483.16,483.74,482.05,0.35
1995-03-10,SPX,标普500,483.16,489.57,490.37,483.16,1.49
1995-03-13,SPX,标普500,489.57,490.05,491.28,489.35,0.39
1995-03-14,SPX,标普500,490.05,492.89,493.69,490.05,0.74
1995-03-15,SPX,标普500,492.89,491.88,492.89,490.83,0.42
1995-03-16,SPX,标普500,491.87,495.41,495.74,491.78,0.81
1995-03-17,SPX,标普500,495.43,495.52,496.67,494.95,0.35
1995-03-20,SPX,标普500,495.52,496.15,496.61,495.27,0.27
1995-03-21,SPX,标普500,496.15,495.07,499.19,494.04,1.04
1995-03-22,SPX,标普500,495.07,495.67,495.67,493.67,0.4
1995-03-23,SPX,标普500,495.67,495.95,496.77,494.19,0.52
1995-03-24,SPX,标普500,496.07,500.97,500.97,495.95,1.01
1995-03-27,SPX,标普500,500.97,503.2,503.2,500.93,0.45
1995-03-28,SPX,标普500,503.19,503.9,503.91,501.83,0.41
1995-03-29,SPX,标普500,503.92,503.12,508.15,500.96,1.43
1995-03-30,SPX,标普500,503.17,502.22,504.66,501.0,0.73
1995-03-31,SPX,标普500,501.94,500.71,502.22,495.7,1.3
1995-04-03,SPX,标普500,500.7,501.85,501.91,500.2,0.34
1995-04-04,SPX,标普500,501.85,505.24,505.26,501.82,0.69
1995-04-05,SPX,标普500,505.27,505.57,505.57,503.17,0.48
1995-04-06,SPX,标普500,505.63,506.08,507.1,505.0,0.42
1995-04-07,SPX,标普500,506.13,506.42,507.19,503.59,0.71
1995-04-10,SPX,标普500,506.3,507.01,507.01,504.61,0.47
1995-04-11,SPX,标普500,507.24,505.53,508.85,505.29,0.7
1995-04-12,SPX,标普500,505.59,507.17,507.17,505.07,0.42
1995-04-13,SPX,标普500,507.19,509.23,509.83,507.17,0.52
1995-04-14,SPX,标普500,509.23,509.23,509.23,509.23,0.0
1995-04-17,SPX,标普500,507.17,506.13,512.03,505.43,1.3
1995-04-18,SPX,标普500,506.43,505.37,507.65,504.12,0.7
1995-04-19,SPX,标普500,505.37,504.92,505.89,501.19,0.93
1995-04-20,SPX,标普500,504.92,505.29,506.5,503.44,0.61
1995-04-21,SPX,标普500,505.63,508.49,508.49,505.29,0.63
1995-04-24,SPX,标普500,508.49,512.89,513.02,507.44,1.1
1995-04-25,SPX,标普500,512.8,512.1,513.54,511.32,0.43
1995-04-26,SPX,标普500,511.99,512.66,513.04,510.47,0.5
1995-04-27,SPX,标普500,512.7,513.55,513.62,511.63,0.39
1995-04-28,SPX,标普500,513.64,514.71,515.29,510.9,0.85
1995-05-01,SPX,标普500,514.76,514.26,515.6,513.42,0.42
1995-05-02,SPX,标普500,514.23,514.86,515.18,513.03,0.42
1995-05-03,SPX,标普500,514.93,520.48,520.54,514.86,1.1
1995-05-04,SPX,标普500,520.48,520.54,525.4,519.44,1.15
1995-05-05,SPX,标普500,520.75,520.12,522.35,518.28,0.78
1995-05-08,SPX,标普500,520.09,523.96,525.15,519.14,1.16
1995-05-09,SPX,标普500,523.96,523.56,525.99,521.79,0.8
1995-05-10,SPX,标普500,523.74,524.36,524.4,521.53,0.55
1995-05-11,SPX,标普500,524.33,524.37,524.89,522.7,0.42
1995-05-12,SPX,标普500,524.37,525.55,527.05,523.3,0.72
1995-05-15,SPX,标普500,525.55,527.74,527.74,525.0,0.52
1995-05-16,SPX,标普500,527.74,528.19,529.08,526.45,0.5
1995-05-17,SPX,标普500,528.19,527.07,528.42,525.38,0.58
1995-05-18,SPX,标普500,526.88,519.58,527.07,519.58,1.42
1995-05-19,SPX,标普500,519.58,519.19,519.58,517.07,0.48
1995-05-22,SPX,标普500,519.19,523.65,524.34,519.19,0.99
1995-05-23,SPX,标普500,523.65,528.59,528.59,523.65,0.94
1995-05-24,SPX,标普500,528.59,528.61,531.91,525.57,1.2
1995-05-25,SPX,标普500,528.37,528.59,529.04,524.89,0.79
1995-05-26,SPX,标普500,528.59,523.65,528.59,522.51,1.15
1995-05-29,SPX,标普500,523.65,523.65,523.65,523.13,0.1
1995-05-30,SPX,标普500,523.65,523.58,525.58,521.38,0.8
1995-05-31,SPX,标普500,523.7,533.4,533.41,522.17,2.15
1995-06-01,SPX,标普500,533.4,533.49,534.21,530.05,0.78
1995-06-02,SPX,标普500,533.49,532.51,536.91,529.55,1.38
1995-06-05,SPX,标普500,532.51,535.6,537.73,532.47,0.99
1995-06-06,SPX,标普500,535.6,535.55,537.09,535.14,0.36
1995-06-07,SPX,标普500,535.55,533.13,535.55,531.66,0.73
1995-06-08,SPX,标普500,533.13,532.35,533.56,531.65,0.36
1995-06-09,SPX,标普500,532.35,527.94,532.35,526.0,1.19
1995-06-12,SPX,标普500,527.94,530.88,532.54,527.94,0.87
1995-06-13,SPX,标普500,530.88,536.05,536.23,530.88,1.01
1995-06-14,SPX,标普500,536.05,536.47,536.48,533.83,0.49
1995-06-15,SPX,标普500,536.48,537.12,539.07,535.56,0.65
1995-06-16,SPX,标普500,537.51,539.83,539.98,537.12,0.53
1995-06-19,SPX,标普500,539.83,545.22,545.22,539.83,1.0
1995-06-20,SPX,标普500,545.22,544.98,545.44,543.43,0.37
1995-06-21,SPX,标普500,544.98,543.98,545.93,543.9,0.37
1995-06-22,SPX,标普500,543.98,551.07,551.07,543.98,1.3
1995-06-23,SPX,标普500,551.07,549.71,551.07,548.23,0.52
1995-06-26,SPX,标普500,549.71,544.13,549.79,544.06,1.04
1995-06-27,SPX,标普500,544.11,542.43,547.07,542.19,0.9
1995-06-28,SPX,标普500,542.43,544.73,546.33,540.72,1.03
1995-06-29,SPX,标普500,544.73,543.87,546.25,540.79,1.0
1995-06-30,SPX,标普500,543.87,544.75,546.82,543.51,0.61
1995-07-03,SPX,标普500,544.75,547.09,547.1,544.43,0.49
1995-07-04,SPX,标普500,547.09,547.09,547.09,547.09,0.0
1995-07-05,SPX,标普500,547.09,547.26,549.98,546.28,0.68
1995-07-06,SPX,标普500,547.26,553.99,553.99,546.59,1.35
1995-07-07,SPX,标普500,553.9,556.37,556.57,553.05,0.64
1995-07-10,SPX,标普500,556.37,557.19,558.48,555.77,0.49
1995-07-11,SPX,标普500,556.78,554.78,557.19,553.8,0.61
1995-07-12,SPX,标普500,555.27,560.89,561.56,554.27,1.31
1995-07-13,SPX,标普500,560.89,561.0,562.0,559.07,0.52
1995-07-14,SPX,标普500,561.0,559.89,561.0,556.41,0.82
1995-07-17,SPX,标普500,560.34,562.72,562.94,559.45,0.62
1995-07-18,SPX,标普500,562.55,558.46,562.72,556.86,1.04
1995-07-19,SPX,标普500,556.58,550.98,558.46,542.51,2.86
1995-07-20,SPX,标普500,550.98,553.54,554.43,549.1,0.97
1995-07-21,SPX,标普500,553.34,553.62,554.73,550.91,0.69
1995-07-24,SPX,标普500,553.62,556.63,557.21,553.62,0.65
1995-07-25,SPX,标普500,556.63,561.1,561.75,556.34,0.97
1995-07-26,SPX,标普500,561.1,561.61,563.78,560.85,0.52
1995-07-27,SPX,标普500,561.61,565.22,565.33,561.61,0.66
1995-07-28,SPX,标普500,565.22,562.93,565.4,562.04,0.59
1995-07-31,SPX,标普500,562.93,562.06,563.49,560.06,0.61
1995-08-01,SPX,标普500,562.06,559.64,562.11,556.67,0.97
1995-08-02,SPX,标普500,559.64,558.8,565.62,557.87,1.38
1995-08-03,SPX,标普500,558.8,558.75,558.8,554.1,0.84
1995-08-04,SPX,标普500,558.75,558.94,559.57,557.91,0.3
1995-08-07,SPX,标普500,558.94,560.03,561.24,558.94,0.41
1995-08-08,SPX,标普500,560.03,560.39,561.53,558.32,0.57
1995-08-09,SPX,标普500,560.39,559.71,561.59,559.29,0.41
1995-08-10,SPX,标普500,559.71,557.45,560.63,556.05,0.82
1995-08-11,SPX,标普500,557.45,555.11,558.5,553.04,0.98
1995-08-14,SPX,标普500,555.11,559.74,559.74,554.76,0.9
1995-08-15,SPX,标普500,559.74,558.57,559.98,555.22,0.85
1995-08-16,SPX,标普500,558.57,559.97,559.98,557.37,0.47
1995-08-17,SPX,标普500,559.97,559.04,559.97,557.42,0.46
1995-08-18,SPX,标普500,559.04,559.21,561.24,558.34,0.52
1995-08-21,SPX,标普500,559.21,558.11,563.34,557.89,0.97
1995-08-22,SPX,标普500,558.11,559.52,559.52,555.87,0.65
1995-08-23,SPX,标普500,559.52,557.14,560.0,557.08,0.52
1995-08-24,SPX,标普500,557.14,557.46,558.63,555.2,0.62
1995-08-25,SPX,标普500,557.46,560.1,561.31,557.46,0.69
1995-08-28,SPX,标普500,560.1,559.05,562.22,557.99,0.76
1995-08-29,SPX,标普500,559.05,560.0,560.01,555.71,0.77
1995-08-30,SPX,标普500,560.0,560.92,561.52,559.49,0.36
1995-08-31,SPX,标普500,561.09,561.88,562.36,560.49,0.33
1995-09-01,SPX,标普500,561.88,563.84,564.62,561.01,0.64
1995-09-04,SPX,标普500,563.84,563.84,563.84,563.84,0.0
1995-09-05,SPX,标普500,563.84,569.17,569.2,563.84,0.95
1995-09-06,SPX,标普500,569.18,570.17,570.53,569.0,0.27
1995-09-07,SPX,标普500,570.17,570.29,571.11,569.23,0.33
1995-09-08,SPX,标普500,570.29,572.68,572.68,569.27,0.6
1995-09-11,SPX,标普500,572.68,573.91,575.15,572.68,0.43
1995-09-12,SPX,标普500,573.91,576.51,576.51,573.11,0.59
1995-09-13,SPX,标普500,576.51,578.77,579.72,575.47,0.74
1995-09-14,SPX,标普500,578.77,583.61,583.99,578.77,0.9
1995-09-15,SPX,标普500,583.61,583.35,585.07,581.79,0.56
1995-09-18,SPX,标普500,583.35,582.77,583.37,579.36,0.69
1995-09-19,SPX,标普500,582.78,584.2,584.24,580.75,0.6
1995-09-20,SPX,标普500,584.2,586.77,586.77,584.18,0.44
1995-09-21,SPX,标普500,586.77,583.0,586.79,580.91,1.0
1995-09-22,SPX,标普500,583.0,581.73,583.0,578.25,0.81
1995-09-25,SPX,标普500,581.73,581.81,582.14,579.5,0.45
1995-09-26,SPX,标普500,581.81,581.41,584.66,580.65,0.69
1995-09-27,SPX,标普500,581.41,581.04,581.42,574.68,1.16
1995-09-28,SPX,标普500,581.04,585.87,585.88,580.69,0.89
1995-09-29,SPX,标普500,585.87,584.41,587.61,584.0,0.62
1995-10-02,SPX,标普500,584.41,581.72,585.05,580.54,0.77
1995-10-03,SPX,标普500,581.72,582.34,582.34,578.48,0.66
1995-10-04,SPX,标普500,582.34,581.47,582.34,579.91,0.42
1995-10-05,SPX,标普500,581.47,582.63,582.63,579.58,0.52
1995-10-06,SPX,标普500,582.63,582.49,584.54,582.1,0.42
1995-10-09,SPX,标普500,582.49,578.37,582.49,576.35,1.05
1995-10-10,SPX,标普500,578.37,577.52,578.37,571.55,1.18
1995-10-11,SPX,标普500,577.52,579.46,579.52,577.08,0.42
1995-10-12,SPX,标普500,579.46,583.1,583.12,579.46,0.63
1995-10-13,SPX,标普500,583.1,584.5,587.39,583.1,0.74
1995-10-16,SPX,标普500,584.5,583.03,584.86,582.63,0.38
1995-10-17,SPX,标普500,583.03,586.78,586.78,581.9,0.84
1995-10-18,SPX,标普500,586.78,587.44,589.77,586.27,0.6
1995-10-19,SPX,标普500,587.44,590.65,590.66,586.34,0.74
1995-10-20,SPX,标普500,590.65,587.46,590.66,586.78,0.66
1995-10-23,SPX,标普500,587.46,585.06,587.46,583.73,0.63
1995-10-24,SPX,标普500,585.06,586.54,587.31,584.75,0.44
1995-10-25,SPX,标普500,586.54,582.47,587.19,581.41,0.99
1995-10-26,SPX,标普500,582.47,576.72,582.63,572.53,1.73
1995-10-27,SPX,标普500,576.72,579.7,579.7,573.21,1.13
1995-10-30,SPX,标普500,579.7,583.25,583.79,579.7,0.71
1995-10-31,SPX,标普500,583.25,581.5,586.71,581.5,0.89
1995-11-01,SPX,标普500,581.5,584.22,584.24,581.04,0.55
1995-11-02,SPX,标普500,584.22,589.72,589.72,584.22,0.94
1995-11-03,SPX,标普500,589.72,590.57,590.57,588.65,0.33
1995-11-06,SPX,标普500,590.57,588.46,590.64,588.31,0.39
1995-11-07,SPX,标普500,588.46,586.32,588.46,584.24,0.72
1995-11-08,SPX,标普500,586.32,591.71,591.71,586.32,0.92
1995-11-09,SPX,标普500,591.71,593.26,593.9,590.89,0.51
1995-11-10,SPX,标普500,593.26,592.72,593.26,590.39,0.48
1995-11-13,SPX,标普500,592.72,592.3,593.72,590.58,0.53
1995-11-14,SPX,标普500,592.3,589.29,592.3,588.98,0.56
1995-11-15,SPX,标普500,589.29,593.96,593.97,588.36,0.95
1995-11-16,SPX,标普500,593.96,597.34,597.91,593.52,0.74
1995-11-17,SPX,标普500,597.34,600.07,600.14,597.3,0.48
1995-11-20,SPX,标普500,600.07,596.85,600.4,596.17,0.7
1995-11-21,SPX,标普500,596.85,600.24,600.28,595.42,0.81
1995-11-22,SPX,标普500,600.24,598.4,600.71,598.4,0.38
1995-11-23,SPX,标普500,598.4,598.4,598.4,598.4,0.0
1995-11-24,SPX,标普500,598.4,599.97,600.24,598.4,0.31
1995-11-27,SPX,标普500,599.97,601.32,603.35,599.97,0.56
1995-11-28,SPX,标普500,601.32,606.45,606.45,599.02,1.24
1995-11-29,SPX,标普500,606.45,607.64,607.66,605.47,0.36
1995-11-30,SPX,标普500,607.64,605.37,608.69,605.37,0.55
1995-12-01,SPX,标普500,605.37,606.98,608.11,605.37,0.45
1995-12-04,SPX,标普500,606.98,613.68,613.83,606.84,1.15
1995-12-05,SPX,标普500,613.68,617.68,618.48,613.14,0.87
1995-12-06,SPX,标普500,617.68,620.18,621.11,616.69,0.72
1995-12-07,SPX,标普500,620.18,616.17,620.19,615.21,0.8
1995-12-08,SPX,标普500,616.17,617.48,617.82,614.32,0.57
1995-12-11,SPX,标普500,617.48,619.52,620.9,617.14,0.61
1995-12-12,SPX,标普500,619.52,618.78,619.55,617.68,0.3
1995-12-13,SPX,标普500,618.78,621.69,622.02,618.27,0.61
1995-12-14,SPX,标普500,621.69,616.92,622.88,616.13,1.09
1995-12-15,SPX,标普500,616.92,616.34,617.72,614.46,0.53
1995-12-18,SPX,标普500,616.34,606.81,616.34,606.13,1.66
1995-12-19,SPX,标普500,606.81,611.93,611.94,605.05,1.14
1995-12-20,SPX,标普500,611.93,605.94,614.27,605.93,1.36
1995-12-21,SPX,标普500,605.94,610.49,610.52,605.94,0.76
1995-12-22,SPX,标普500,610.49,611.96,613.5,610.45,0.5
1995-12-25,SPX,标普500,611.96,611.96,611.96,611.96,0.0
1995-12-26,SPX,标普500,611.96,614.3,614.5,611.96,0.42
1995-12-27,SPX,标普500,614.3,614.53,615.73,613.75,0.32
1995-12-28,SPX,标普500,614.53,614.12,615.5,612.4,0.5
1995-12-29,SPX,标普500,614.12,615.93,615.93,612.36,0.58
1996-01-01,SPX,标普500,615.93,615.93,615.93,615.93,0.0
1996-01-02,SPX,标普500,615.93,620.73,620.74,613.17,1.23
1996-01-03,SPX,标普500,620.73,621.32,623.25,619.56,0.59
1996-01-04,SPX,标普500,621.32,617.7,624.52,613.96,1.7
1996-01-05,SPX,标普500,617.7,616.71,617.7,612.02,0.92
1996-01-08,SPX,标普500,616.71,618.46,618.46,616.49,0.32
1996-01-09,SPX,标普500,618.46,609.45,619.15,608.21,1.77
1996-01-10,SPX,标普500,609.45,598.48,609.45,597.29,2.0
1996-01-11,SPX,标普500,598.48,602.69,602.71,597.54,0.86
1996-01-12,SPX,标普500,602.69,601.81,604.8,597.46,1.22
1996-01-15,SPX,标普500,601.81,599.82,603.43,598.47,0.82
1996-01-16,SPX,标普500,599.82,608.44,608.44,599.05,1.57
1996-01-17,SPX,标普500,608.44,606.37,609.93,604.7,0.86
1996-01-18,SPX,标普500,606.37,608.24,608.27,604.12,0.68
1996-01-19,SPX,标普500,608.24,611.83,612.92,606.76,1.01
1996-01-22,SPX,标普500,611.83,613.4,613.45,610.95,0.41
1996-01-23,SPX,标普500,613.4,612.79,613.4,610.65,0.45
1996-01-24,SPX,标普500,612.79,619.96,619.96,612.79,1.17
1996-01-25,SPX,标普500,619.96,617.03,620.15,616.62,0.57
1996-01-26,SPX,标普500,617.03,621.62,621.7,615.26,1.04
1996-01-29,SPX,标普500,621.62,624.22,624.22,621.42,0.45
1996-01-30,SPX,标普500,624.22,630.15,630.29,624.22,0.97
1996-01-31,SPX,标普500,630.15,636.02,636.18,629.48,1.06
1996-02-01,SPX,标普500,636.02,638.46,638.46,634.54,0.62
1996-02-02,SPX,标普500,638.46,635.84,639.26,634.29,0.78
1996-02-05,SPX,标普500,635.84,641.43,641.43,633.71,1.21
1996-02-06,SPX,标普500,641.43,646.33,646.67,639.68,1.09
1996-02-07,SPX,标普500,646.33,649.93,649.93,645.59,0.67
1996-02-08,SPX,标普500,649.93,656.07,656.54,647.93,1.32
1996-02-09,SPX,标普500,656.07,656.37,661.08,653.64,1.13
1996-02-12,SPX,标普500,656.37,661.45,662.95,656.34,1.01
1996-02-13,SPX,标普500,661.45,660.51,664.23,657.92,0.95
1996-02-14,SPX,标普500,660.51,655.58,661.53,654.36,1.09
1996-02-15,SPX,标普500,655.58,651.32,656.84,651.15,0.87
1996-02-16,SPX,标普500,651.32,647.98,651.42,646.99,0.68
1996-02-19,SPX,标普500,647.98,647.98,647.98,647.98,0.0
1996-02-20,SPX,标普500,647.98,640.65,647.98,638.79,1.42
1996-02-21,SPX,标普500,640.65,648.1,648.11,640.65,1.16
1996-02-22,SPX,标普500,648.1,658.86,659.75,648.1,1.8
1996-02-23,SPX,标普500,658.86,659.08,663.0,652.25,1.63
1996-02-26,SPX,标普500,659.08,650.46,659.08,650.16,1.35
1996-02-27,SPX,标普500,650.46,647.24,650.62,643.87,1.04
1996-02-28,SPX,标普500,647.24,644.75,654.39,643.99,1.61
1996-02-29,SPX,标普500,644.75,640.43,646.95,639.01,1.23
1996-03-01,SPX,标普500,640.43,644.37,644.38,635.0,1.46
1996-03-04,SPX,标普500,644.37,650.81,653.54,644.37,1.42
1996-03-05,SPX,标普500,650.81,655.79,655.8,648.77,1.08
1996-03-06,SPX,标普500,655.79,652.0,656.97,651.61,0.82
1996-03-07,SPX,标普500,652.0,653.65,653.65,649.54,0.63
1996-03-08,SPX,标普500,653.65,633.5,653.65,627.63,3.98
1996-03-11,SPX,标普500,633.5,640.02,640.41,629.95,1.65
1996-03-12,SPX,标普500,640.02,637.09,640.02,628.82,1.75
1996-03-13,SPX,标普500,637.09,638.55,640.52,635.19,0.84
1996-03-14,SPX,标普500,638.55,640.87,644.17,638.55,0.88
1996-03-15,SPX,标普500,640.87,641.43,642.87,638.35,0.71
1996-03-18,SPX,标普500,641.43,652.65,652.65,641.43,1.75
1996-03-19,SPX,标普500,652.65,651.69,656.18,649.8,0.98
1996-03-20,SPX,标普500,651.69,649.98,653.13,645.57,1.16
1996-03-21,SPX,标普500,649.98,649.19,651.54,648.1,0.53
1996-03-22,SPX,标普500,649.19,650.62,652.08,649.19,0.45
1996-03-25,SPX,标普500,650.62,650.04,655.5,648.82,1.03
1996-03-26,SPX,标普500,650.04,652.97,654.31,648.15,0.95
1996-03-27,SPX,标普500,652.97,648.91,653.94,647.6,0.97
1996-03-28,SPX,标普500,648.91,648.94,649.58,646.36,0.5
1996-03-29,SPX,标普500,648.94,645.5,650.96,644.89,0.94
1996-04-01,SPX,标普500,645.5,653.73,653.87,645.5,1.3
1996-04-02,SPX,标普500,653.73,655.26,655.27,652.81,0.38
1996-04-03,SPX,标普500,655.26,655.88,655.89,651.81,0.62
1996-04-04,SPX,标普500,655.88,655.86,656.68,654.89,0.27
1996-04-05,SPX,标普500,655.86,655.86,655.86,655.86,0.0
1996-04-08,SPX,标普500,655.86,644.24,655.86,638.04,2.72
1996-04-09,SPX,标普500,644.24,642.19,646.33,640.84,0.85
1996-04-10,SPX,标普500,642.19,633.5,642.78,631.76,1.72
1996-04-11,SPX,标普500,633.5,631.18,635.26,624.14,1.76
1996-04-12,SPX,标普500,631.18,636.71,637.14,631.18,0.94
1996-04-15,SPX,标普500,636.71,642.49,642.49,636.71,0.91
1996-04-16,SPX,标普500,642.49,645.0,645.57,642.15,0.53
1996-04-17,SPX,标普500,645.0,641.61,645.0,638.71,0.98
1996-04-18,SPX,标普500,641.61,643.61,644.66,640.76,0.61
1996-04-19,SPX,标普500,643.61,645.07,647.32,643.61,0.58
1996-04-22,SPX,标普500,645.07,647.89,650.91,645.07,0.91
1996-04-23,SPX,标普500,647.89,651.58,651.59,647.7,0.6
1996-04-24,SPX,标普500,651.58,650.17,653.37,648.25,0.79
1996-04-25,SPX,标普500,650.17,652.87,654.18,647.06,1.1
1996-04-26,SPX,标普500,652.87,653.46,656.43,651.96,0.68
1996-04-29,SPX,标普500,653.46,654.16,654.71,651.6,0.48
1996-04-30,SPX,标普500,654.16,654.17,654.59,651.05,0.54
1996-05-01,SPX,标普500,654.17,654.58,656.44,652.26,0.64
1996-05-02,SPX,标普500,654.58,643.38,654.58,642.13,1.9
1996-05-03,SPX,标普500,643.38,641.63,648.45,640.23,1.28
1996-05-06,SPX,标普500,641.63,640.81,644.64,636.2,1.32
1996-05-07,SPX,标普500,640.81,638.26,641.4,636.96,0.69
1996-05-08,SPX,标普500,638.26,644.77,644.79,630.07,2.31
1996-05-09,SPX,标普500,644.77,645.44,647.95,643.18,0.74
1996-05-10,SPX,标普500,645.44,652.09,653.0,645.44,1.17
1996-05-13,SPX,标普500,652.09,661.51,662.16,652.09,1.54
1996-05-14,SPX,标普500,661.51,665.6,666.96,661.51,0.82
1996-05-15,SPX,标普500,665.6,665.42,669.82,664.46,0.81
1996-05-16,SPX,标普500,665.42,664.85,667.11,662.79,0.65
1996-05-17,SPX,标普500,664.85,668.91,669.84,664.85,0.75
1996-05-20,SPX,标普500,668.91,673.15,673.66,667.64,0.9
1996-05-21,SPX,标普500,673.15,672.76,675.56,672.26,0.49
1996-05-22,SPX,标普500,672.76,678.42,678.42,671.23,1.07
1996-05-23,SPX,标普500,678.42,676.0,681.1,673.45,1.13
1996-05-24,SPX,标普500,676.0,678.51,679.72,676.0,0.55
1996-05-27,SPX,标普500,678.51,678.51,678.51,678.51,0.0
1996-05-28,SPX,标普500,678.51,672.23,679.98,671.52,1.25
1996-05-29,SPX,标普500,672.23,667.93,673.73,666.09,1.14
1996-05-30,SPX,标普500,667.93,671.7,673.51,664.56,1.34
1996-05-31,SPX,标普500,671.7,669.12,673.46,667.0,0.96
1996-06-03,SPX,标普500,669.12,667.68,669.12,665.19,0.59
1996-06-04,SPX,标普500,667.68,672.56,672.6,667.68,0.74
1996-06-05,SPX,标普500,672.56,678.44,678.45,672.09,0.95
1996-06-06,SPX,标普500,678.44,673.03,680.32,673.02,1.08
1996-06-07,SPX,标普500,673.03,673.31,673.31,662.48,1.61
1996-06-10,SPX,标普500,673.31,672.16,673.61,670.15,0.51
1996-06-11,SPX,标普500,672.16,670.97,676.72,669.94,1.01
1996-06-12,SPX,标普500,670.97,669.04,673.67,668.77,0.73
1996-06-13,SPX,标普500,669.04,667.92,670.54,665.49,0.75
1996-06-14,SPX,标普500,667.92,665.85,668.4,664.35,0.61
1996-06-17,SPX,标普500,665.85,665.16,668.27,664.09,0.63
1996-06-18,SPX,标普500,665.16,662.06,666.36,661.34,0.75
1996-06-19,SPX,标普500,662.06,661.96,665.62,661.21,0.67
1996-06-20,SPX,标普500,661.96,662.1,664.96,658.75,0.94
1996-06-21,SPX,标普500,662.1,666.84,666.84,662.1,0.72
1996-06-24,SPX,标普500,666.84,668.85,671.07,666.84,0.63
1996-06-25,SPX,标普500,668.85,668.48,670.65,667.29,0.5
1996-06-26,SPX,标普500,668.48,664.39,668.49,663.67,0.72
1996-06-27,SPX,标普500,664.39,668.55,668.9,661.56,1.1
1996-06-28,SPX,标普500,668.55,670.63,672.68,668.55,0.62
1996-07-01,SPX,标普500,670.63,675.88,675.88,670.63,0.78
1996-07-02,SPX,标普500,675.88,673.61,675.88,672.55,0.49
1996-07-03,SPX,标普500,673.61,672.4,673.64,670.21,0.51
1996-07-04,SPX,标普500,672.4,672.4,672.4,672.4,0.0
1996-07-05,SPX,标普500,672.4,657.44,672.4,657.41,2.23
1996-07-08,SPX,标普500,657.44,652.54,657.65,651.13,0.99
1996-07-09,SPX,标普500,652.54,654.75,656.6,652.54,0.62
1996-07-10,SPX,标普500,654.75,656.06,656.27,648.39,1.2
1996-07-11,SPX,标普500,656.06,645.67,656.06,639.52,2.52
1996-07-12,SPX,标普500,645.67,646.19,647.64,640.21,1.15
1996-07-15,SPX,标普500,646.19,629.8,646.19,629.69,2.55
1996-07-16,SPX,标普500,629.8,628.37,631.99,605.88,4.15
1996-07-17,SPX,标普500,628.37,634.07,636.61,628.37,1.31
1996-07-18,SPX,标普500,634.07,643.56,644.44,633.29,1.76
1996-07-19,SPX,标普500,643.51,638.73,643.51,635.5,1.24
1996-07-22,SPX,标普500,638.73,633.77,638.73,630.38,1.31
1996-07-23,SPX,标普500,633.79,626.87,637.7,625.65,1.9
1996-07-24,SPX,标普500,626.19,626.65,629.1,616.43,2.02
1996-07-25,SPX,标普500,626.65,631.17,633.57,626.65,1.1
1996-07-26,SPX,标普500,631.18,635.9,636.23,631.18,0.8
1996-07-29,SPX,标普500,635.9,630.91,635.9,630.9,0.79
1996-07-30,SPX,标普500,630.91,635.26,635.26,629.22,0.96
1996-07-31,SPX,标普500,635.26,639.95,640.54,633.74,1.07
1996-08-01,SPX,标普500,639.95,650.02,650.66,639.49,1.75
1996-08-02,SPX,标普500,650.02,662.49,662.49,650.02,1.92
1996-08-05,SPX,标普500,662.49,660.23,663.64,659.03,0.7
1996-08-06,SPX,标普500,660.23,662.38,662.75,656.83,0.9
1996-08-07,SPX,标普500,662.38,664.16,664.61,660.0,0.7
1996-08-08,SPX,标普500,664.16,662.59,664.17,661.28,0.44
1996-08-09,SPX,标普500,662.59,662.1,665.37,660.31,0.76
1996-08-12,SPX,标普500,662.1,665.77,665.77,658.95,1.03
1996-08-13,SPX,标普500,665.77,660.2,665.77,659.13,1.0
1996-08-14,SPX,标普500,660.2,662.05,662.42,658.47,0.6
1996-08-15,SPX,标普500,662.05,662.28,664.18,660.64,0.53
1996-08-16,SPX,标普500,662.28,665.21,666.34,662.26,0.62
1996-08-19,SPX,标普500,665.21,666.58,667.12,665.0,0.32
1996-08-20,SPX,标普500,666.58,665.69,666.99,665.15,0.28
1996-08-21,SPX,标普500,665.69,665.07,665.69,662.16,0.53
1996-08-22,SPX,标普500,665.07,670.68,670.68,664.88,0.87
1996-08-23,SPX,标普500,670.68,667.03,670.68,664.93,0.86
1996-08-26,SPX,标普500,667.03,663.88,667.03,662.36,0.7
1996-08-27,SPX,标普500,663.88,666.4,666.4,663.5,0.44
1996-08-28,SPX,标普500,666.4,664.81,667.41,664.39,0.45
1996-08-29,SPX,标普500,664.81,657.4,664.81,655.35,1.42
1996-08-30,SPX,标普500,657.4,651.99,657.71,650.52,1.09
1996-09-02,SPX,标普500,651.99,651.99,651.99,651.99,0.0
1996-09-03,SPX,标普500,651.99,654.72,655.13,643.97,1.71
1996-09-04,SPX,标普500,654.72,655.61,655.82,652.93,0.44
1996-09-05,SPX,标普500,655.61,649.44,655.61,648.89,1.03
1996-09-06,SPX,标普500,649.44,655.68,658.21,649.44,1.35
1996-09-09,SPX,标普500,655.68,663.76,663.77,655.68,1.23
1996-09-10,SPX,标普500,663.76,663.81,665.57,661.55,0.61
1996-09-11,SPX,标普500,663.81,667.28,667.73,661.79,0.89
1996-09-12,SPX,标普500,667.28,671.15,673.07,667.28,0.87
1996-09-13,SPX,标普500,671.15,680.54,681.39,671.15,1.53
1996-09-16,SPX,标普500,680.54,683.98,686.48,680.53,0.87
1996-09-17,SPX,标普500,683.98,682.94,685.8,679.96,0.85
1996-09-18,SPX,标普500,682.94,681.47,683.77,679.75,0.59
1996-09-19,SPX,标普500,681.47,683.0,684.07,679.06,0.74
1996-09-20,SPX,标普500,683.0,687.03,687.07,683.0,0.6
1996-09-23,SPX,标普500,687.03,686.48,687.03,681.01,0.88
1996-09-24,SPX,标普500,686.48,685.61,690.88,683.54,1.07
1996-09-25,SPX,标普500,685.61,685.83,688.26,684.92,0.49
1996-09-26,SPX,标普500,685.83,685.86,690.15,683.77,0.93
1996-09-27,SPX,标普500,685.86,686.19,687.11,683.73,0.49
1996-09-30,SPX,标普500,686.19,687.31,690.11,686.03,0.59
1996-10-01,SPX,标普500,687.31,689.08,689.54,684.44,0.74
1996-10-02,SPX,标普500,689.08,694.01,694.82,689.08,0.83
1996-10-03,SPX,标普500,694.01,692.78,694.81,691.78,0.44
1996-10-04,SPX,标普500,692.78,701.46,701.74,692.78,1.29
1996-10-07,SPX,标普500,701.46,703.34,704.17,701.39,0.4
1996-10-08,SPX,标普500,703.34,700.64,705.76,699.88,0.84
1996-10-09,SPX,标普500,700.64,696.74,702.36,694.42,1.13
1996-10-10,SPX,标普500,696.74,694.61,696.82,693.34,0.5
1996-10-11,SPX,标普500,694.61,700.66,700.67,694.61,0.87
1996-10-14,SPX,标普500,700.66,703.54,705.16,700.66,0.64
1996-10-15,SPX,标普500,703.54,702.57,708.07,699.07,1.28
1996-10-16,SPX,标普500,702.57,704.41,704.42,699.15,0.75
1996-10-17,SPX,标普500,705.0,706.99,708.52,704.41,0.58
1996-10-18,SPX,标普500,706.99,710.82,711.04,706.11,0.7
1996-10-21,SPX,标普500,710.82,709.85,714.1,707.71,0.9
1996-10-22,SPX,标普500,709.85,706.57,709.85,704.55,0.75
1996-10-23,SPX,标普500,706.57,707.27,707.31,700.98,0.9
1996-10-24,SPX,标普500,707.27,702.29,708.25,702.11,0.87
1996-10-25,SPX,标普500,702.29,700.92,704.11,700.53,0.51
1996-10-28,SPX,标普500,700.92,697.26,705.4,697.25,1.16
1996-10-29,SPX,标普500,697.26,701.5,703.25,696.22,1.01
1996-10-30,SPX,标普500,701.5,700.9,703.44,700.05,0.48
1996-10-31,SPX,标普500,700.9,705.27,706.61,700.35,0.89
1996-11-01,SPX,标普500,705.27,703.77,708.6,701.3,1.04
1996-11-04,SPX,标普500,703.77,706.73,707.02,702.84,0.59
1996-11-05,SPX,标普500,706.73,714.14,714.56,706.73,1.11
1996-11-06,SPX,标普500,714.14,724.59,724.6,712.83,1.65
1996-11-07,SPX,标普500,724.59,727.65,729.49,722.23,1.0
1996-11-08,SPX,标普500,727.65,730.82,730.82,725.22,0.77
1996-11-11,SPX,标普500,730.82,731.87,732.6,729.94,0.36
1996-11-12,SPX,标普500,731.87,729.56,733.04,728.2,0.66
1996-11-13,SPX,标普500,729.56,731.13,732.11,728.03,0.56
1996-11-14,SPX,标普500,731.13,735.88,735.99,729.2,0.93
1996-11-15,SPX,标普500,735.88,737.62,741.92,735.15,0.92
1996-11-18,SPX,标普500,737.62,737.02,739.24,734.39,0.66
1996-11-19,SPX,标普500,737.02,742.16,742.18,736.87,0.72
1996-11-20,SPX,标普500,742.16,743.95,746.99,740.4,0.89
1996-11-21,SPX,标普500,743.95,742.75,745.2,741.08,0.55
1996-11-22,SPX,标普500,742.75,748.73,748.73,742.75,0.81
1996-11-25,SPX,标普500,748.73,757.03,757.05,747.99,1.21
1996-11-26,SPX,标普500,757.03,755.96,762.12,752.83,1.23
1996-11-27,SPX,标普500,755.96,755.0,757.3,753.18,0.55
1996-11-28,SPX,标普500,755.0,755.0,755.0,755.0,0.0
1996-11-29,SPX,标普500,755.0,757.02,758.27,755.0,0.43
1996-12-02,SPX,标普500,757.02,756.56,757.03,751.49,0.73
1996-12-03,SPX,标普500,756.56,748.28,761.75,747.58,1.87
1996-12-04,SPX,标普500,748.28,745.1,748.4,738.46,1.33
1996-12-05,SPX,标普500,745.1,744.38,747.65,742.61,0.68
1996-12-06,SPX,标普500,744.38,739.6,744.38,726.89,2.35
1996-12-09,SPX,标普500,739.6,749.81,749.81,739.6,1.38
1996-12-10,SPX,标普500,749.76,747.54,753.43,747.02,0.85
1996-12-11,SPX,标普500,747.54,740.73,747.54,732.75,1.98
1996-12-12,SPX,标普500,740.73,729.33,744.86,729.3,2.1
1996-12-13,SPX,标普500,729.33,728.64,736.22,718.98,2.36
1996-12-16,SPX,标普500,728.64,720.98,732.68,719.4,1.82
1996-12-17,SPX,标普500,720.98,726.04,727.67,716.69,1.52
1996-12-18,SPX,标普500,726.04,731.54,732.76,726.04,0.93
1996-12-19,SPX,标普500,731.54,745.76,746.06,731.54,1.98
1996-12-20,SPX,标普500,745.76,748.87,755.41,745.76,1.29
1996-12-23,SPX,标普500,748.87,746.92,750.4,743.28,0.95
1996-12-24,SPX,标普500,746.92,751.03,751.03,746.92,0.55
1996-12-25,SPX,标普500,751.03,751.03,751.03,751.03,0.0
1996-12-26,SPX,标普500,751.03,755.82,757.07,751.02,0.81
1996-12-27,SPX,标普500,755.82,756.79,758.75,754.82,0.52
1996-12-30,SPX,标普500,756.79,753.85,759.2,752.73,0.85
1996-12-31,SPX,标普500,753.85,740.74,753.95,740.74,1.75
1997-01-01,SPX,标普500,740.74,740.74,740.74,740.74,0.0
1997-01-02,SPX,标普500,740.74,737.01,742.81,729.55,1.79
1997-01-03,SPX,标普500,737.01,748.03,748.24,737.01,1.52
1997-01-06,SPX,标普500,748.03,747.65,753.31,743.82,1.27
1997-01-07,SPX,标普500,747.65,753.23,753.26,742.18,1.48
1997-01-08,SPX,标普500,753.23,748.41,755.72,747.71,1.06
1997-01-09,SPX,标普500,748.41,754.85,757.68,748.41,1.24
1997-01-10,SPX,标普500,754.85,759.5,759.65,746.92,1.69
1997-01-13,SPX,标普500,759.5,759.51,762.85,756.69,0.81
1997-01-14,SPX,标普500,759.51,768.86,772.04,759.51,1.65
1997-01-15,SPX,标普500,768.86,767.2,770.95,763.72,0.94
1997-01-16,SPX,标普500,767.2,769.75,772.05,765.25,0.89
1997-01-17,SPX,标普500,769.75,776.17,776.37,769.72,0.86
1997-01-20,SPX,标普500,776.17,776.7,780.08,774.19,0.76
1997-01-21,SPX,标普500,776.7,782.72,783.72,772.0,1.51
1997-01-22,SPX,标普500,782.72,786.23,786.23,779.56,0.85
1997-01-23,SPX,标普500,786.23,777.56,794.67,776.64,2.29
1997-01-24,SPX,标普500,777.56,770.52,778.21,768.17,1.29
1997-01-27,SPX,标普500,770.52,765.02,771.43,764.18,0.94
1997-01-28,SPX,标普500,765.02,765.02,776.32,761.75,1.9
1997-01-29,SPX,标普500,765.02,772.5,772.7,765.02,1.0
1997-01-30,SPX,标普500,772.5,784.17,784.17,772.5,1.51
1997-01-31,SPX,标普500,784.17,786.16,791.86,784.17,0.98
1997-02-03,SPX,标普500,786.16,786.73,787.14,783.12,0.51
1997-02-04,SPX,标普500,786.73,789.26,789.28,783.68,0.71
1997-02-05,SPX,标普500,789.26,778.28,792.71,773.43,2.44
1997-02-06,SPX,标普500,778.28,780.15,780.35,774.45,0.76
1997-02-07,SPX,标普500,780.15,789.56,789.72,778.19,1.48
1997-02-10,SPX,标普500,789.56,785.43,793.46,784.69,1.11
1997-02-11,SPX,标普500,785.43,789.59,789.6,780.95,1.1
1997-02-12,SPX,标普500,789.59,802.77,802.77,789.59,1.67
1997-02-13,SPX,标普500,802.77,811.82,812.93,802.77,1.27
1997-02-14,SPX,标普500,811.82,808.48,812.2,808.15,0.5
1997-02-17,SPX,标普500,808.48,808.48,808.48,808.48,0.0
1997-02-18,SPX,标普500,808.48,816.29,816.29,806.34,1.23
1997-02-19,SPX,标普500,816.29,812.49,817.68,811.2,0.79
1997-02-20,SPX,标普500,812.49,802.8,812.49,800.35,1.49
1997-02-21,SPX,标普500,802.8,801.77,804.94,799.99,0.62
1997-02-24,SPX,标普500,801.77,810.28,810.64,798.42,1.52
1997-02-25,SPX,标普500,810.28,812.1,812.85,807.65,0.64
1997-02-26,SPX,标普500,812.09,805.68,812.71,798.15,1.79
1997-02-27,SPX,标普500,805.68,795.07,805.68,795.06,1.32
1997-02-28,SPX,标普500,795.07,790.82,795.7,788.5,0.91
1997-03-03,SPX,标普500,790.82,795.31,795.31,785.66,1.22
1997-03-04,SPX,标普500,795.31,790.95,798.93,789.98,1.13
1997-03-05,SPX,标普500,790.95,801.99,801.99,790.95,1.4
1997-03-06,SPX,标普500,801.99,798.56,804.11,797.5,0.82
1997-03-07,SPX,标普500,798.56,804.97,808.19,798.56,1.21
1997-03-10,SPX,标普500,804.97,813.65,813.66,803.75,1.23
1997-03-11,SPX,标普500,813.65,811.34,814.83,810.81,0.49
1997-03-12,SPX,标普500,811.34,804.26,811.34,801.11,1.26
1997-03-13,SPX,标普500,804.26,789.56,804.26,789.48,1.84
1997-03-14,SPX,标普500,789.56,793.17,796.87,789.56,0.93
1997-03-17,SPX,标普500,793.17,795.71,796.14,782.97,1.66
1997-03-18,SPX,标普500,795.71,789.66,797.09,785.5,1.46
1997-03-19,SPX,标普500,789.66,785.77,791.58,780.05,1.46
1997-03-20,SPX,标普500,785.77,782.65,786.26,778.16,1.03
1997-03-21,SPX,标普500,782.65,784.1,786.43,782.65,0.48
1997-03-24,SPX,标普500,784.1,790.89,790.98,780.82,1.3
1997-03-25,SPX,标普500,790.89,789.07,797.98,788.38,1.21
1997-03-26,SPX,标普500,789.07,790.5,794.87,786.84,1.02
1997-03-27,SPX,标普500,790.5,773.88,792.6,767.29,3.2
1997-03-31,SPX,标普500,773.88,757.12,773.88,756.17,2.29
1997-04-01,SPX,标普500,757.12,759.65,761.42,751.23,1.35
1997-04-02,SPX,标普500,753.03,750.11,757.79,747.57,1.35
1997-04-03,SPX,标普500,750.11,750.32,750.99,744.47,0.87
1997-04-04,SPX,标普500,750.32,757.9,757.9,744.07,1.84
1997-04-07,SPX,标普500,757.9,762.12,764.85,757.9,0.92
1997-04-08,SPX,标普500,762.13,766.12,766.27,758.45,1.03
1997-04-09,SPX,标普500,766.12,760.6,769.5,759.21,1.34
1997-04-10,SPX,标普500,760.6,758.33,763.7,757.67,0.79
1997-04-11,SPX,标普500,758.34,737.65,758.34,737.64,2.73
1997-04-14,SPX,标普500,737.65,743.73,743.73,733.53,1.38
1997-04-15,SPX,标普500,743.73,754.72,754.72,743.6,1.5
1997-04-16,SPX,标普500,754.72,763.53,763.53,752.12,1.51
1997-04-17,SPX,标普500,763.53,761.77,768.47,760.55,1.04
1997-04-18,SPX,标普500,761.77,766.34,767.9,761.77,0.8
1997-04-21,SPX,标普500,766.34,760.37,767.35,756.46,1.42
1997-04-22,SPX,标普500,760.37,774.64,774.64,759.94,1.93
1997-04-23,SPX,标普500,774.61,773.64,778.16,771.93,0.8
1997-04-24,SPX,标普500,773.64,771.18,779.87,769.7,1.31
1997-04-25,SPX,标普500,771.18,765.37,771.18,764.67,0.84
1997-04-28,SPX,标普500,765.37,772.96,773.9,763.34,1.38
1997-04-29,SPX,标普500,772.96,794.05,794.37,772.96,2.77
1997-04-30,SPX,标普500,794.05,801.34,804.09,791.35,1.6
1997-05-01,SPX,标普500,801.34,798.53,802.92,793.25,1.21
1997-05-02,SPX,标普500,798.53,812.97,812.97,798.53,1.81
1997-05-05,SPX,标普500,812.97,830.21,830.26,811.85,2.26
1997-05-06,SPX,标普500,830.24,827.76,832.27,824.71,0.91
1997-05-07,SPX,标普500,827.76,815.62,827.76,814.78,1.57
1997-05-08,SPX,标普500,815.62,820.28,829.12,811.82,2.12
1997-05-09,SPX,标普500,820.26,824.79,827.56,815.89,1.42
1997-05-12,SPX,标普500,824.78,837.72,838.56,824.78,1.67
1997-05-13,SPX,标普500,837.66,833.13,838.48,829.23,1.1
1997-05-14,SPX,标普500,833.13,836.05,841.25,833.13,0.97
1997-05-15,SPX,标普500,836.04,841.87,842.41,833.36,1.08
1997-05-16,SPX,标普500,841.87,829.74,841.87,829.22,1.5
1997-05-19,SPX,标普500,829.74,833.27,835.88,828.9,0.84
1997-05-20,SPX,标普500,833.27,841.66,841.91,826.51,1.85
1997-05-21,SPX,标普500,841.66,839.39,846.78,835.34,1.36
1997-05-22,SPX,标普500,839.35,835.66,841.82,833.88,0.95
1997-05-23,SPX,标普500,835.66,847.03,848.41,835.66,1.53
1997-05-27,SPX,标普500,847.03,849.71,851.53,840.96,1.25
1997-05-28,SPX,标普500,849.71,847.2,850.85,843.25,0.89
1997-05-29,SPX,标普500,847.2,844.08,848.9,842.64,0.74
1997-05-30,SPX,标普500,844.08,848.28,852.56,832.02,2.43
1997-06-02,SPX,标普500,848.28,846.36,851.29,844.67,0.78
1997-06-03,SPX,标普500,846.36,845.48,850.6,841.53,1.07
1997-06-04,SPX,标普500,845.48,840.11,845.48,838.86,0.78
1997-06-05,SPX,标普500,840.11,843.4,848.87,840.11,1.04
1997-06-06,SPX,标普500,843.43,858.01,859.2,843.42,1.87
1997-06-09,SPX,标普500,858.01,862.93,865.2,858.01,0.84
1997-06-10,SPX,标普500,862.91,865.27,869.98,862.22,0.9
1997-06-11,SPX,标普500,865.27,869.57,870.65,865.2,0.63
1997-06-12,SPX,标普500,869.57,883.19,884.29,869.06,1.75
1997-06-13,SPX,标普500,883.48,893.27,894.7,883.48,1.27
1997-06-16,SPX,标普500,893.27,893.93,895.19,891.28,0.44
1997-06-17,SPX,标普500,893.9,894.42,897.62,886.26,1.27
1997-06-18,SPX,标普500,894.42,889.06,894.42,887.1,0.82
1997-06-19,SPX,标普500,889.06,897.99,900.1,889.06,1.24
1997-06-20,SPX,标普500,897.99,898.7,901.76,897.89,0.43
1997-06-23,SPX,标普500,898.7,878.62,898.7,878.46,2.25
1997-06-24,SPX,标普500,878.62,896.34,896.7,878.62,2.06
1997-06-25,SPX,标普500,896.34,888.99,902.01,882.25,2.2
1997-06-26,SPX,标普500,888.99,883.67,893.18,879.35,1.56
1997-06-27,SPX,标普500,883.68,887.29,894.69,883.68,1.25
1997-06-30,SPX,标普500,887.3,885.14,892.54,879.82,1.43
1997-07-01,SPX,标普500,885.14,891.03,893.89,884.59,1.05
1997-07-02,SPX,标普500,891.03,904.04,904.05,891.03,1.46
1997-07-03,SPX,标普500,904.02,916.92,917.82,904.02,1.53
1997-07-07,SPX,标普500,916.92,912.21,923.24,909.71,1.48
1997-07-08,SPX,标普500,912.2,918.75,918.76,911.66,0.78
1997-07-09,SPX,标普500,918.75,907.54,921.99,902.54,2.12
1997-07-10,SPX,标普500,907.54,913.78,916.53,904.33,1.34
1997-07-11,SPX,标普500,913.78,916.68,919.71,913.16,0.72
1997-07-14,SPX,标普500,916.68,918.38,921.76,912.02,1.06
1997-07-15,SPX,标普500,918.38,925.76,926.14,914.49,1.27
1997-07-16,SPX,标普500,925.76,936.59,939.27,925.76,1.46
1997-07-17,SPX,标普500,936.59,931.62,936.96,927.96,0.96
1997-07-18,SPX,标普500,931.61,915.3,931.61,912.94,2.0
1997-07-21,SPX,标普500,915.3,912.94,915.31,907.13,0.89
1997-07-22,SPX,标普500,912.94,933.98,934.39,912.94,2.35
1997-07-23,SPX,标普500,933.98,936.53,941.79,933.98,0.84
1997-07-24,SPX,标普500,936.56,940.33,941.48,926.94,1.55
1997-07-25,SPX,标普500,940.3,938.79,945.57,936.13,1.0
1997-07-28,SPX,标普500,938.79,936.45,943.02,935.21,0.83
1997-07-29,SPX,标普500,936.45,942.29,942.96,932.61,1.11
1997-07-30,SPX,标普500,942.29,952.29,953.93,942.15,1.25
1997-07-31,SPX,标普500,952.29,954.31,957.71,949.05,0.91
1997-08-01,SPX,标普500,954.29,947.14,955.2,939.09,1.69
1997-08-04,SPX,标普500,947.14,950.3,953.15,943.6,1.01
1997-08-05,SPX,标普500,950.3,952.37,954.16,949.0,0.54
1997-08-06,SPX,标普500,952.37,960.32,962.45,949.52,1.36
1997-08-07,SPX,标普500,960.32,951.19,964.13,950.93,1.37
1997-08-08,SPX,标普500,951.19,933.54,951.19,925.88,2.66
1997-08-11,SPX,标普500,933.54,937.0,938.47,925.45,1.39
1997-08-12,SPX,标普500,937.0,926.53,942.87,925.69,1.83
1997-08-13,SPX,标普500,926.53,922.02,935.79,916.63,2.07
1997-08-14,SPX,标普500,922.02,924.77,930.07,916.98,1.42
1997-08-15,SPX,标普500,924.77,900.81,924.77,900.81,2.59
1997-08-18,SPX,标普500,900.81,912.49,912.54,893.37,2.13
1997-08-19,SPX,标普500,912.49,926.01,926.01,912.49,1.48
1997-08-20,SPX,标普500,926.01,939.35,939.35,924.68,1.58
1997-08-21,SPX,标普500,939.35,925.05,939.45,921.45,1.92
1997-08-22,SPX,标普500,925.05,923.55,925.05,905.45,2.12
1997-08-25,SPX,标普500,923.55,920.15,930.89,917.34,1.47
1997-08-26,SPX,标普500,920.16,913.02,922.45,911.82,1.16
1997-08-27,SPX,标普500,913.02,913.7,916.09,903.82,1.34
1997-08-28,SPX,标普500,913.7,903.67,915.79,898.67,1.87
1997-08-29,SPX,标普500,903.67,899.47,907.27,896.88,1.15
1997-09-02,SPX,标普500,899.47,927.58,927.58,899.47,3.13
1997-09-03,SPX,标普500,927.58,927.85,935.87,926.86,0.97
1997-09-04,SPX,标普500,927.86,930.87,933.3,925.58,0.83
1997-09-05,SPX,标普500,930.87,929.05,940.38,924.12,1.75
1997-09-08,SPX,标普500,929.05,931.2,936.5,929.05,0.8
1997-09-09,SPX,标普500,931.2,933.62,938.85,927.31,1.24
1997-09-10,SPX,标普500,933.62,919.03,933.62,918.81,1.59
1997-09-11,SPX,标普500,919.03,912.58,919.03,902.58,1.79
1997-09-12,SPX,标普500,912.58,923.91,924.98,906.7,2.0
1997-09-15,SPX,标普500,923.91,919.77,928.88,919.43,1.02
1997-09-16,SPX,标普500,919.77,945.64,947.67,919.77,3.03
1997-09-17,SPX,标普500,945.64,943.0,950.17,942.07,0.86
1997-09-18,SPX,标普500,951.08,947.32,958.2,947.31,1.15
1997-09-19,SPX,标普500,947.32,950.51,952.27,943.91,0.88
1997-09-22,SPX,标普500,950.51,955.43,960.57,950.51,1.06
1997-09-23,SPX,标普500,955.43,951.93,955.76,948.15,0.8
1997-09-24,SPX,标普500,951.93,944.48,959.77,944.08,1.65
1997-09-25,SPX,标普500,944.48,937.91,946.9,937.37,1.01
1997-09-26,SPX,标普500,937.91,945.22,946.45,937.91,0.91
1997-09-29,SPX,标普500,945.22,953.34,953.92,942.02,1.26
1997-09-30,SPX,标普500,953.34,947.28,955.2,947.28,0.83
1997-10-01,SPX,标普500,947.28,955.41,956.66,947.28,0.99
1997-10-02,SPX,标普500,955.41,960.46,960.46,952.96,0.79
1997-10-03,SPX,标普500,960.46,965.04,975.41,955.14,2.11
1997-10-06,SPX,标普500,965.03,972.69,974.13,965.03,0.94
1997-10-07,SPX,标普500,972.66,983.02,983.02,971.97,1.14
1997-10-08,SPX,标普500,983.12,973.84,983.12,968.71,1.47
1997-10-09,SPX,标普500,973.84,970.62,974.71,963.45,1.16
1997-10-10,SPX,标普500,970.62,966.98,970.62,963.44,0.74
1997-10-13,SPX,标普500,966.98,968.1,973.44,966.98,0.67
1997-10-14,SPX,标普500,968.1,970.28,972.91,961.89,1.14
1997-10-15,SPX,标普500,970.28,965.72,970.28,962.79,0.77
1997-10-16,SPX,标普500,965.72,955.23,973.32,950.8,2.33
1997-10-17,SPX,标普500,955.23,944.17,955.23,931.56,2.48
1997-10-20,SPX,标普500,944.16,955.59,955.63,941.53,1.49
1997-10-21,SPX,标普500,955.61,972.28,972.56,955.61,1.77
1997-10-22,SPX,标普500,972.28,968.49,972.54,965.66,0.71
1997-10-23,SPX,标普500,968.49,950.69,968.49,944.14,2.51
1997-10-24,SPX,标普500,950.69,940.24,959.94,937.56,2.35
1997-10-27,SPX,标普500,940.25,877.01,940.25,876.98,6.73
1997-10-28,SPX,标普500,876.99,921.85,922.96,855.35,7.71
1997-10-29,SPX,标普500,921.85,919.19,935.17,913.95,2.3
1997-10-30,SPX,标普500,919.16,903.68,923.15,903.68,2.12
1997-10-31,SPX,标普500,903.68,914.62,919.79,903.68,1.78
1997-11-03,SPX,标普500,914.62,938.99,938.99,914.62,2.66
1997-11-04,SPX,标普500,938.99,940.76,941.28,932.68,0.92
1997-11-05,SPX,标普500,940.76,942.76,949.61,938.28,1.2
1997-11-06,SPX,标普500,942.76,938.03,942.76,934.17,0.91
1997-11-07,SPX,标普500,938.03,927.51,938.03,915.39,2.41
1997-11-10,SPX,标普500,927.51,921.13,935.9,920.28,1.68
1997-11-11,SPX,标普500,921.13,923.78,928.2,919.66,0.93
1997-11-12,SPX,标普500,923.78,905.96,923.89,905.39,2.0
1997-11-13,SPX,标普500,905.96,916.66,917.77,900.82,1.87
1997-11-14,SPX,标普500,916.66,928.35,930.38,915.41,1.63
1997-11-17,SPX,标普500,928.35,946.2,949.63,928.35,2.29
1997-11-18,SPX,标普500,946.2,938.23,947.61,937.46,1.07
1997-11-19,SPX,标普500,938.23,944.59,947.26,934.85,1.32
1997-11-20,SPX,标普500,944.59,958.98,961.79,944.59,1.82
1997-11-21,SPX,标普500,958.98,963.09,964.51,954.64,1.03
1997-11-24,SPX,标普500,963.09,946.67,963.09,945.17,1.86
1997-11-25,SPX,标普500,946.67,950.82,954.43,944.75,1.02
1997-11-26,SPX,标普500,950.82,951.63,956.49,950.82,0.6
1997-11-28,SPX,标普500,951.63,955.4,959.09,951.63,0.78
1997-12-01,SPX,标普500,955.4,974.77,974.77,955.4,2.03
1997-12-02,SPX,标普500,974.78,971.68,976.19,969.9,0.65
1997-12-03,SPX,标普500,971.68,976.77,980.75,966.23,1.49
1997-12-04,SPX,标普500,976.77,973.1,983.39,971.38,1.23
1997-12-05,SPX,标普500,973.1,983.79,986.2,969.17,1.75
1997-12-08,SPX,标普500,983.79,982.37,985.65,979.62,0.61
1997-12-09,SPX,标普500,982.37,975.78,982.37,973.75,0.88
1997-12-10,SPX,标普500,975.78,969.79,975.78,962.71,1.34
1997-12-11,SPX,标普500,969.79,954.94,969.79,952.07,1.83
1997-12-12,SPX,标普500,954.94,953.4,961.27,947.07,1.49
1997-12-15,SPX,标普500,953.39,963.39,965.96,953.39,1.32
1997-12-16,SPX,标普500,963.39,968.04,972.89,963.39,0.99
1997-12-17,SPX,标普500,968.04,965.54,974.18,964.29,1.02
1997-12-18,SPX,标普500,965.54,955.31,965.56,950.67,1.54
1997-12-19,SPX,标普500,955.3,946.78,955.3,925.06,3.17
1997-12-22,SPX,标普500,946.78,953.71,956.72,946.24,1.11
1997-12-23,SPX,标普500,953.7,939.12,954.43,938.99,1.62
1997-12-24,SPX,标普500,939.13,932.7,942.82,932.7,1.08
1997-12-26,SPX,标普500,932.7,936.46,939.98,932.7,0.78
1997-12-29,SPX,标普500,936.46,953.37,953.98,936.46,1.87
1997-12-30,SPX,标普500,953.33,970.84,970.84,953.33,1.84
1997-12-31,SPX,标普500,970.84,970.43,975.0,967.46,0.78
1998-01-02,SPX,标普500,970.43,975.04,975.04,965.78,0.95
1998-01-05,SPX,标普500,975.04,977.07,982.63,968.99,1.4
1998-01-06,SPX,标普500,977.07,966.58,977.07,962.71,1.47
1998-01-07,SPX,标普500,966.58,964.0,966.58,952.71,1.43
1998-01-08,SPX,标普500,964.0,956.04,964.0,955.05,0.93
1998-01-09,SPX,标普500,956.05,927.69,956.05,921.88,3.57
1998-01-12,SPX,标普500,927.69,939.21,939.22,912.82,2.85
1998-01-13,SPX,标普500,939.21,952.12,952.12,939.21,1.37
1998-01-14,SPX,标普500,952.12,957.94,958.13,948.08,1.06
1998-01-15,SPX,标普500,957.94,950.74,957.94,950.36,0.79
1998-01-16,SPX,标普500,950.74,961.51,965.03,950.74,1.5
1998-01-20,SPX,标普500,961.51,978.59,978.59,961.51,1.78
1998-01-21,SPX,标普500,978.59,970.78,978.59,963.39,1.55
1998-01-22,SPX,标普500,970.81,963.04,970.81,959.6,1.15
1998-01-23,SPX,标普500,963.04,957.59,966.4,950.89,1.61
1998-01-26,SPX,标普500,957.59,956.95,963.01,954.34,0.91
1998-01-27,SPX,标普500,956.95,969.02,973.19,956.35,1.76
1998-01-28,SPX,标普500,969.02,977.46,978.59,969.02,0.99
1998-01-29,SPX,标普500,977.46,985.49,992.66,975.2,1.79
1998-01-30,SPX,标普500,985.49,980.28,987.34,979.7,0.78
1998-02-02,SPX,标普500,980.28,1001.28,1002.44,980.28,2.26
1998-02-03,SPX,标普500,1001.27,1006.0,1006.08,996.94,0.91
1998-02-04,SPX,标普500,1005.99,1006.9,1009.47,999.6,0.98
1998-02-05,SPX,标普500,1006.9,1003.54,1013.51,1000.46,1.3
1998-02-06,SPX,标普500,1003.54,1012.45,1013.05,1003.36,0.97
1998-02-09,SPX,标普500,1012.45,1010.74,1015.23,1006.27,0.88
1998-02-10,SPX,标普500,1010.73,1019.01,1022.13,1010.73,1.13
1998-02-11,SPX,标普500,1019.01,1020.01,1020.64,1016.4,0.42
1998-02-12,SPX,标普500,1020.01,1024.14,1026.23,1008.64,1.72
1998-02-13,SPX,标普500,1024.14,1020.08,1024.14,1017.75,0.62
1998-02-17,SPX,标普500,1020.09,1022.77,1027.91,1020.09,0.77
1998-02-18,SPX,标普500,1022.76,1032.05,1032.05,1021.76,1.01
1998-02-19,SPX,标普500,1032.08,1028.28,1032.92,1026.64,0.61
1998-02-20,SPX,标普500,1028.28,1034.21,1034.21,1022.76,1.11
1998-02-23,SPX,标普500,1034.21,1038.14,1038.55,1031.76,0.66
1998-02-24,SPX,标普500,1038.14,1030.56,1038.21,1028.95,0.89
1998-02-25,SPX,标普500,1030.56,1042.9,1045.79,1030.56,1.48
1998-02-26,SPX,标普500,1042.9,1048.67,1048.67,1039.9,0.84
1998-02-27,SPX,标普500,1048.67,1049.34,1051.64,1044.5,0.68
1998-03-02,SPX,标普500,1049.34,1047.72,1053.98,1044.74,0.88
1998-03-03,SPX,标普500,1047.7,1052.02,1052.02,1043.4,0.82
1998-03-04,SPX,标普500,1052.02,1047.34,1052.02,1042.8,0.88
1998-03-05,SPX,标普500,1047.33,1035.05,1047.33,1030.85,1.57
1998-03-06,SPX,标普500,1035.03,1055.61,1055.63,1035.03,1.99
1998-03-09,SPX,标普500,1055.67,1052.32,1058.5,1050.01,0.8
1998-03-10,SPX,标普500,1052.32,1064.25,1064.5,1052.32,1.16
1998-03-11,SPX,标普500,1064.24,1068.46,1069.12,1064.24,0.46
1998-03-12,SPX,标普500,1068.47,1069.93,1071.84,1063.61,0.77
1998-03-13,SPX,标普500,1069.93,1068.59,1075.8,1066.53,0.87
1998-03-16,SPX,标普500,1068.62,1079.27,1079.4,1068.62,1.01
1998-03-17,SPX,标普500,1079.27,1080.45,1080.51,1073.3,0.67
1998-03-18,SPX,标普500,1080.45,1085.52,1085.52,1077.67,0.73
1998-03-19,SPX,标普500,1085.52,1089.74,1089.74,1084.39,0.49
1998-03-20,SPX,标普500,1089.74,1099.16,1101.01,1089.4,1.07
1998-03-23,SPX,标普500,1099.16,1095.55,1101.09,1094.26,0.62
1998-03-24,SPX,标普500,1095.55,1105.65,1106.75,1095.55,1.02
1998-03-25,SPX,标普500,1105.65,1101.99,1113.05,1092.94,1.82
1998-03-26,SPX,标普500,1101.93,1100.8,1106.21,1097.03,0.83
1998-03-27,SPX,标普500,1100.8,1095.44,1106.7,1091.18,1.41
1998-03-30,SPX,标普500,1095.44,1093.65,1099.07,1090.09,0.82
1998-03-31,SPX,标普500,1093.61,1101.81,1110.14,1093.61,1.51
1998-04-01,SPX,标普500,1101.81,1108.13,1109.22,1095.34,1.26
1998-04-02,SPX,标普500,1108.16,1120.01,1120.91,1107.96,1.17
1998-04-03,SPX,标普500,1120.01,1122.7,1126.31,1118.21,0.72
1998-04-06,SPX,标普500,1122.7,1121.38,1131.93,1121.37,0.94
1998-04-07,SPX,标普500,1121.38,1109.55,1121.38,1102.47,1.69
1998-04-08,SPX,标普500,1109.55,1101.65,1111.56,1098.22,1.2
1998-04-09,SPX,标普500,1101.65,1110.67,1111.4,1101.65,0.89
1998-04-13,SPX,标普500,1110.67,1109.69,1110.69,1100.61,0.91
1998-04-14,SPX,标普500,1109.69,1115.75,1115.86,1109.59,0.57
1998-04-15,SPX,标普500,1115.75,1119.32,1119.87,1112.32,0.68
1998-04-16,SPX,标普500,1119.32,1108.17,1119.32,1105.48,1.24
1998-04-17,SPX,标普500,1108.17,1122.72,1122.72,1104.95,1.6
1998-04-20,SPX,标普500,1122.72,1123.65,1124.86,1118.47,0.57
1998-04-21,SPX,标普500,1123.65,1126.67,1129.62,1119.61,0.89
1998-04-22,SPX,标普500,1126.67,1130.54,1132.96,1126.3,0.59
1998-04-23,SPX,标普500,1130.54,1119.56,1130.54,1117.65,1.14
1998-04-24,SPX,标普500,1119.56,1107.9,1122.71,1104.81,1.6
1998-04-27,SPX,标普500,1107.9,1086.54,1107.9,1076.74,2.81
1998-04-28,SPX,标普500,1086.54,1085.11,1095.82,1081.53,1.32
1998-04-29,SPX,标普500,1085.11,1094.63,1098.15,1084.75,1.23
1998-04-30,SPX,标普500,1094.63,1111.75,1116.94,1094.63,2.04
1998-05-01,SPX,标普500,1111.75,1121.0,1121.02,1111.75,0.83
1998-05-04,SPX,标普500,1121.0,1122.07,1130.49,1121.0,0.85
1998-05-05,SPX,标普500,1122.07,1115.5,1122.07,1111.16,0.97
1998-05-06,SPX,标普500,1115.5,1104.92,1118.32,1104.69,1.22
1998-05-07,SPX,标普500,1104.92,1095.14,1105.45,1094.61,0.98
1998-05-08,SPX,标普500,1095.14,1108.14,1111.42,1094.51,1.54
1998-05-11,SPX,标普500,1108.14,1106.64,1119.06,1103.76,1.38
1998-05-12,SPX,标普500,1106.64,1115.79,1115.9,1102.82,1.18
1998-05-13,SPX,标普500,1115.79,1118.86,1122.22,1115.0,0.65
1998-05-14,SPX,标普500,1118.86,1117.37,1124.0,1112.43,1.03
1998-05-15,SPX,标普500,1117.37,1108.73,1118.66,1107.21,1.02
1998-05-18,SPX,标普500,1108.73,1105.82,1112.38,1098.09,1.29
1998-05-19,SPX,标普500,1105.82,1109.52,1113.53,1105.82,0.7
1998-05-20,SPX,标普500,1109.52,1119.06,1119.06,1107.58,1.03
1998-05-21,SPX,标普500,1119.06,1114.64,1124.26,1111.98,1.1
1998-05-22,SPX,标普500,1114.64,1110.47,1116.79,1107.99,0.79
1998-05-26,SPX,标普500,1110.47,1094.02,1116.7,1094.02,2.04
1998-05-27,SPX,标普500,1094.02,1092.24,1094.41,1074.41,1.83
1998-05-28,SPX,标普500,1092.24,1097.6,1099.69,1089.06,0.97
1998-05-29,SPX,标普500,1097.6,1090.82,1104.14,1090.82,1.21
1998-06-01,SPX,标普500,1090.82,1090.98,1097.82,1084.26,1.24
1998-06-02,SPX,标普500,1090.98,1093.22,1098.58,1089.72,0.81
1998-06-03,SPX,标普500,1093.22,1082.73,1097.43,1081.18,1.49
1998-06-04,SPX,标普500,1082.73,1094.83,1095.94,1078.14,1.64
1998-06-05,SPX,标普500,1094.83,1113.86,1113.86,1094.83,1.74
1998-06-08,SPX,标普500,1113.86,1115.72,1119.67,1113.35,0.57
1998-06-09,SPX,标普500,1115.72,1118.41,1119.91,1111.45,0.76
1998-06-10,SPX,标普500,1118.41,1112.28,1125.98,1110.39,1.39
1998-06-11,SPX,标普500,1112.28,1094.58,1114.15,1094.33,1.78
1998-06-12,SPX,标普500,1094.58,1098.84,1098.84,1080.91,1.64
1998-06-15,SPX,标普500,1098.84,1077.13,1098.84,1077.0,1.99
1998-06-16,SPX,标普500,1077.01,1087.59,1087.59,1074.68,1.2
1998-06-17,SPX,标普500,1087.59,1107.11,1112.9,1087.59,2.33
1998-06-18,SPX,标普500,1107.11,1106.37,1109.34,1103.72,0.51
1998-06-19,SPX,标普500,1106.37,1100.65,1111.16,1097.21,1.26
1998-06-22,SPX,标普500,1100.65,1103.21,1108.95,1099.42,0.87
1998-06-23,SPX,标普500,1103.21,1119.49,1119.49,1103.21,1.48
1998-06-24,SPX,标普500,1119.49,1132.88,1134.4,1115.19,1.72
1998-06-25,SPX,标普500,1132.88,1129.28,1142.0,1127.63,1.27
1998-06-26,SPX,标普500,1129.28,1133.2,1136.75,1129.28,0.66
1998-06-29,SPX,标普500,1133.2,1138.49,1145.14,1133.2,1.05
1998-06-30,SPX,标普500,1138.49,1133.84,1140.79,1132.04,0.77
1998-07-01,SPX,标普500,1133.84,1148.56,1148.56,1133.84,1.3
1998-07-02,SPX,标普500,1148.56,1146.42,1148.56,1143.06,0.48
1998-07-06,SPX,标普500,1146.42,1157.33,1157.33,1145.03,1.07
1998-07-07,SPX,标普500,1157.33,1154.66,1159.79,1152.83,0.6
1998-07-08,SPX,标普500,1154.66,1166.38,1166.83,1154.66,1.05
1998-07-09,SPX,标普500,1166.38,1158.57,1166.38,1156.07,0.88
1998-07-10,SPX,标普500,1158.57,1164.33,1166.97,1150.91,1.39
1998-07-13,SPX,标普500,1164.33,1165.19,1166.95,1160.24,0.58
1998-07-14,SPX,标普500,1165.19,1177.58,1179.37,1165.19,1.22
1998-07-15,SPX,标普500,1177.58,1174.81,1181.43,1174.73,0.57
1998-07-16,SPX,标普500,1174.81,1183.99,1184.05,1170.5,1.15
1998-07-17,SPX,标普500,1181.48,1186.69,1188.09,1179.81,0.7
1998-07-20,SPX,标普500,1186.69,1184.1,1190.47,1179.56,0.92
1998-07-21,SPX,标普500,1184.1,1165.07,1187.34,1163.2,2.04
1998-07-22,SPX,标普500,1165.07,1164.08,1167.66,1155.39,1.05
1998-07-23,SPX,标普500,1164.08,1139.75,1164.32,1139.75,2.11
1998-07-24,SPX,标普500,1139.75,1140.8,1148.68,1128.86,1.74
1998-07-27,SPX,标普500,1140.79,1147.26,1147.26,1127.61,1.72
1998-07-28,SPX,标普500,1147.27,1130.24,1147.27,1119.4,2.43
1998-07-29,SPX,标普500,1130.24,1125.21,1138.52,1122.03,1.46
1998-07-30,SPX,标普500,1125.21,1142.95,1143.07,1125.21,1.59
1998-07-31,SPX,标普500,1142.95,1120.67,1142.95,1114.32,2.5
1998-08-03,SPX,标普500,1120.67,1112.44,1121.72,1110.37,1.01
1998-08-04,SPX,标普500,1112.44,1072.12,1119.73,1071.76,4.31
1998-08-05,SPX,标普500,1072.12,1081.43,1084.77,1057.37,2.56
1998-08-06,SPX,标普500,1081.43,1089.63,1090.95,1075.17,1.46
1998-08-07,SPX,标普500,1089.63,1089.45,1102.48,1084.78,1.62
1998-08-10,SPX,标普500,1089.45,1083.14,1092.79,1081.9,1.0
1998-08-11,SPX,标普500,1083.14,1068.98,1083.14,1054.09,2.68
1998-08-12,SPX,标普500,1068.98,1084.22,1084.66,1068.98,1.47
1998-08-13,SPX,标普500,1084.22,1074.94,1091.51,1074.92,1.53
1998-08-14,SPX,标普500,1074.91,1062.75,1083.7,1057.41,2.45
1998-08-17,SPX,标普500,1062.75,1083.67,1083.67,1055.07,2.69
1998-08-18,SPX,标普500,1083.67,1101.2,1101.62,1083.67,1.66
1998-08-19,SPX,标普500,1101.2,1098.06,1106.22,1095.08,1.01
1998-08-20,SPX,标普500,1098.06,1091.6,1098.68,1089.61,0.83
1998-08-21,SPX,标普500,1091.6,1081.24,1091.6,1054.97,3.36
1998-08-24,SPX,标普500,1081.24,1088.14,1093.74,1081.24,1.16
1998-08-25,SPX,标普500,1088.14,1092.85,1106.57,1085.73,1.92
1998-08-26,SPX,标普500,1092.85,1084.19,1092.85,1075.97,1.54
1998-08-27,SPX,标普500,1084.19,1042.59,1084.19,1037.75,4.28
1998-08-28,SPX,标普500,1042.59,1027.14,1051.54,1021.02,2.93
1998-08-31,SPX,标普500,1027.14,957.28,1033.33,957.28,7.4
1998-09-01,SPX,标普500,957.28,994.26,1000.53,940.1,6.31
1998-09-02,SPX,标普500,994.26,990.47,1013.09,988.44,2.48
1998-09-03,SPX,标普500,990.47,982.26,990.47,969.53,2.11
1998-09-04,SPX,标普500,982.26,973.89,991.32,956.68,3.53
1998-09-08,SPX,标普500,973.89,1023.46,1023.47,973.89,5.09
1998-09-09,SPX,标普500,1023.46,1006.2,1025.8,1004.6,2.07
1998-09-10,SPX,标普500,1006.2,980.19,1006.2,968.73,3.72
1998-09-11,SPX,标普500,980.19,1008.99,1009.05,969.76,4.01
1998-09-14,SPX,标普500,1008.99,1029.72,1038.37,1008.99,2.91
1998-09-15,SPX,标普500,1029.72,1037.68,1037.9,1021.42,1.6
1998-09-16,SPX,标普500,1037.68,1045.48,1046.07,1029.31,1.62
1998-09-17,SPX,标普500,1045.48,1018.87,1045.48,1016.05,2.81
1998-09-18,SPX,标普500,1018.87,1020.09,1022.01,1011.86,1.0
1998-09-21,SPX,标普500,1020.09,1023.89,1026.02,993.82,3.16
1998-09-22,SPX,标普500,1023.89,1029.63,1033.89,1021.96,1.17
1998-09-23,SPX,标普500,1029.63,1066.09,1066.09,1029.63,3.54
1998-09-24,SPX,标普500,1066.09,1042.72,1066.11,1033.04,3.1
1998-09-25,SPX,标普500,1042.72,1044.75,1051.89,1028.49,2.24
1998-09-28,SPX,标普500,1044.75,1048.69,1061.46,1042.23,1.84
1998-09-29,SPX,标普500,1048.69,1049.02,1056.31,1039.88,1.57
1998-09-30,SPX,标普500,1049.02,1017.01,1049.02,1015.73,3.17
1998-10-01,SPX,标普500,1017.01,986.39,1017.01,981.25,3.52
1998-10-02,SPX,标普500,986.39,1002.6,1005.42,971.65,3.42
1998-10-05,SPX,标普500,1002.6,988.56,1002.6,964.72,3.78
1998-10-06,SPX,标普500,988.56,984.59,1008.77,974.81,3.44
1998-10-07,SPX,标普500,984.59,970.68,995.66,957.15,3.91
1998-10-08,SPX,标普500,970.68,959.44,970.68,923.32,4.88
1998-10-09,SPX,标普500,959.44,984.39,984.42,953.04,3.27
1998-10-12,SPX,标普500,985.28,997.71,1010.71,984.39,2.67
1998-10-13,SPX,标普500,997.71,994.8,1000.78,987.55,1.33
1998-10-14,SPX,标普500,994.8,1005.53,1014.42,987.8,2.68
1998-10-15,SPX,标普500,1005.53,1047.49,1053.09,1000.12,5.27
1998-10-16,SPX,标普500,1047.49,1056.42,1062.65,1047.49,1.45
1998-10-19,SPX,标普500,1056.42,1062.39,1065.21,1054.23,1.04
1998-10-20,SPX,标普500,1062.39,1063.93,1084.06,1060.61,2.21
1998-10-21,SPX,标普500,1063.93,1069.92,1073.61,1058.08,1.46
1998-10-22,SPX,标普500,1069.92,1078.48,1080.43,1061.47,1.77
1998-10-23,SPX,标普500,1078.48,1070.67,1078.48,1067.43,1.02
1998-10-26,SPX,标普500,1070.67,1072.32,1081.23,1068.17,1.22
1998-10-27,SPX,标普500,1072.32,1065.34,1087.08,1063.06,2.24
1998-10-28,SPX,标普500,1065.34,1068.09,1072.79,1059.66,1.23
1998-10-29,SPX,标普500,1068.09,1085.93,1086.11,1065.95,1.89
1998-10-30,SPX,标普500,1085.93,1098.67,1103.78,1085.93,1.64
1998-11-02,SPX,标普500,1098.67,1111.6,1114.44,1098.67,1.44
1998-11-03,SPX,标普500,1111.6,1110.84,1115.02,1106.42,0.77
1998-11-04,SPX,标普500,1110.84,1118.67,1127.18,1110.59,1.49
1998-11-05,SPX,标普500,1118.67,1133.85,1133.88,1109.55,2.17
1998-11-06,SPX,标普500,1133.85,1141.01,1141.3,1131.18,0.89
1998-11-09,SPX,标普500,1141.01,1130.2,1141.01,1123.17,1.56
1998-11-10,SPX,标普500,1130.2,1128.26,1135.37,1122.8,1.11
1998-11-11,SPX,标普500,1128.26,1120.97,1136.25,1117.4,1.67
1998-11-12,SPX,标普500,1120.97,1117.69,1126.57,1115.55,0.98
1998-11-13,SPX,标普500,1117.69,1125.72,1126.34,1116.76,0.86
1998-11-16,SPX,标普500,1125.72,1135.87,1138.72,1125.72,1.15
1998-11-17,SPX,标普500,1135.87,1139.32,1151.71,1129.67,1.94
1998-11-18,SPX,标普500,1139.32,1144.48,1144.52,1133.07,1.0
1998-11-19,SPX,标普500,1144.48,1152.61,1155.1,1144.42,0.93
1998-11-20,SPX,标普500,1152.61,1163.55,1163.55,1152.61,0.95
1998-11-23,SPX,标普500,1163.55,1188.21,1188.21,1163.55,2.12
1998-11-24,SPX,标普500,1188.21,1182.99,1191.3,1181.81,0.8
1998-11-25,SPX,标普500,1182.99,1186.87,1187.16,1179.37,0.66
1998-11-27,SPX,标普500,1186.87,1192.33,1192.97,1186.83,0.52
1998-11-30,SPX,标普500,1192.33,1163.63,1192.72,1163.63,2.44
1998-12-01,SPX,标普500,1163.63,1175.28,1175.89,1150.31,2.2
1998-12-02,SPX,标普500,1175.28,1171.25,1175.28,1157.76,1.49
1998-12-03,SPX,标普500,1171.25,1150.14,1176.99,1149.61,2.34
1998-12-04,SPX,标普500,1150.14,1176.74,1176.74,1150.14,2.31
1998-12-07,SPX,标普500,1176.74,1187.7,1188.96,1176.71,1.04
1998-12-08,SPX,标普500,1187.7,1181.38,1193.53,1172.78,1.75
1998-12-09,SPX,标普500,1181.38,1183.49,1185.22,1175.89,0.79
1998-12-10,SPX,标普500,1183.49,1165.02,1183.77,1163.75,1.69
1998-12-11,SPX,标普500,1165.02,1166.46,1167.89,1153.19,1.26
1998-12-14,SPX,标普500,1166.46,1141.2,1166.46,1136.89,2.54
1998-12-15,SPX,标普500,1141.2,1162.83,1162.83,1141.2,1.9
1998-12-16,SPX,标普500,1162.83,1161.94,1166.29,1154.69,1.0
1998-12-17,SPX,标普500,1161.94,1179.98,1180.03,1161.94,1.56
1998-12-18,SPX,标普500,1179.98,1188.03,1188.89,1178.27,0.9
1998-12-21,SPX,标普500,1188.03,1202.84,1210.88,1188.03,1.92
1998-12-22,SPX,标普500,1202.84,1203.57,1209.22,1192.72,1.37
1998-12-23,SPX,标普500,1203.57,1228.54,1229.89,1203.57,2.19
1998-12-24,SPX,标普500,1228.54,1226.27,1229.72,1224.85,0.4
1998-12-28,SPX,标普500,1226.27,1225.49,1231.52,1221.17,0.84
1998-12-29,SPX,标普500,1225.49,1241.81,1241.86,1220.78,1.72
1998-12-30,SPX,标普500,1241.81,1231.93,1244.93,1231.2,1.11
1998-12-31,SPX,标普500,1231.93,1229.23,1237.18,1224.96,0.99
1999-01-01,SPX,标普500,1229.23,1229.23,1229.23,1229.23,0.0
1999-01-04,SPX,标普500,1229.23,1228.1,1248.81,1219.1,2.42
1999-01-05,SPX,标普500,1228.1,1244.78,1246.11,1228.1,1.47
1999-01-06,SPX,标普500,1244.78,1272.34,1272.5,1244.78,2.23
1999-01-07,SPX,标普500,1272.34,1269.73,1272.34,1257.68,1.15
1999-01-08,SPX,标普500,1269.73,1275.09,1278.24,1261.82,1.29
1999-01-11,SPX,标普500,1271.67,1263.88,1276.22,1253.34,1.79
1999-01-12,SPX,标普500,1263.88,1239.51,1264.45,1238.25,2.07
1999-01-13,SPX,标普500,1239.51,1234.4,1247.75,1205.46,3.41
1999-01-14,SPX,标普500,1234.4,1212.19,1236.81,1209.54,2.21
1999-01-15,SPX,标普500,1212.19,1243.26,1243.27,1212.19,2.56
1999-01-19,SPX,标普500,1243.26,1252.0,1253.27,1234.91,1.48
1999-01-20,SPX,标普500,1252.0,1256.62,1274.07,1251.54,1.8
1999-01-21,SPX,标普500,1256.62,1235.16,1256.94,1232.19,1.97
1999-01-22,SPX,标普500,1235.16,1225.19,1236.41,1217.97,1.49
1999-01-25,SPX,标普500,1225.19,1233.98,1233.98,1219.4,1.19
1999-01-26,SPX,标普500,1233.98,1252.31,1253.25,1233.98,1.56
1999-01-27,SPX,标普500,1252.31,1243.17,1262.61,1242.82,1.58
1999-01-28,SPX,标普500,1243.17,1265.37,1266.4,1243.17,1.87
1999-01-29,SPX,标普500,1265.37,1279.64,1280.37,1255.18,1.99
1999-02-01,SPX,标普500,1279.64,1273.0,1283.75,1271.31,0.97
1999-02-02,SPX,标普500,1273.0,1261.99,1273.49,1247.56,2.04
1999-02-03,SPX,标普500,1261.99,1272.07,1276.04,1255.27,1.65
1999-02-04,SPX,标普500,1272.07,1248.49,1272.23,1248.36,1.88
1999-02-05,SPX,标普500,1248.49,1239.4,1251.86,1232.28,1.57
1999-02-08,SPX,标普500,1239.4,1243.77,1246.93,1231.98,1.21
1999-02-09,SPX,标普500,1243.77,1216.14,1243.97,1215.63,2.28
1999-02-10,SPX,标普500,1216.14,1223.55,1226.78,1211.89,1.22
1999-02-11,SPX,标普500,1223.55,1254.04,1254.05,1223.19,2.52
1999-02-12,SPX,标普500,1254.04,1230.13,1254.04,1225.53,2.27
1999-02-16,SPX,标普500,1230.13,1241.87,1252.17,1230.13,1.79
1999-02-17,SPX,标普500,1241.87,1224.03,1249.31,1220.92,2.29
1999-02-18,SPX,标普500,1224.03,1237.28,1239.13,1220.7,1.51
1999-02-19,SPX,标普500,1237.28,1239.22,1247.91,1232.03,1.28
1999-02-22,SPX,标普500,1239.22,1272.14,1272.22,1239.22,2.66
1999-02-23,SPX,标普500,1272.14,1271.18,1280.38,1263.36,1.34
1999-02-24,SPX,标普500,1271.18,1253.41,1283.84,1251.94,2.51
1999-02-25,SPX,标普500,1253.41,1245.02,1253.41,1225.01,2.27
1999-02-26,SPX,标普500,1245.02,1238.33,1246.73,1226.24,1.65
1999-03-01,SPX,标普500,1238.33,1236.16,1238.7,1221.88,1.36
1999-03-02,SPX,标普500,1236.16,1225.5,1248.31,1221.87,2.14
1999-03-03,SPX,标普500,1225.5,1227.7,1231.63,1216.03,1.27
1999-03-04,SPX,标普500,1227.7,1246.64,1247.74,1227.7,1.63
1999-03-05,SPX,标普500,1246.64,1275.47,1275.73,1246.64,2.33
1999-03-08,SPX,标普500,1275.47,1282.73,1282.74,1271.58,0.87
1999-03-09,SPX,标普500,1282.73,1279.84,1293.74,1275.11,1.45
1999-03-10,SPX,标普500,1279.84,1286.84,1287.02,1275.16,0.93
1999-03-11,SPX,标普500,1286.84,1297.68,1306.43,1286.84,1.52
1999-03-12,SPX,标普500,1297.68,1294.59,1304.42,1289.17,1.18
1999-03-15,SPX,标普500,1294.59,1307.26,1307.47,1291.03,1.27
1999-03-16,SPX,标普500,1307.26,1306.38,1311.11,1302.29,0.67
1999-03-17,SPX,标普500,1306.38,1297.82,1306.55,1292.63,1.07
1999-03-18,SPX,标普500,1297.82,1316.55,1317.62,1294.75,1.76
1999-03-19,SPX,标普500,1316.55,1299.29,1323.61,1299.12,1.86
1999-03-22,SPX,标普500,1299.29,1297.01,1303.82,1294.32,0.73
1999-03-23,SPX,标普500,1297.01,1262.14,1297.01,1257.56,3.04
1999-03-24,SPX,标普500,1262.14,1268.59,1268.88,1256.53,0.98
1999-03-25,SPX,标普500,1268.59,1289.99,1290.01,1268.59,1.69
1999-03-26,SPX,标普500,1289.99,1282.8,1289.99,1277.41,0.98
1999-03-29,SPX,标普500,1282.8,1310.17,1311.65,1282.8,2.25
1999-03-30,SPX,标普500,1310.17,1300.75,1310.17,1295.6,1.11
1999-03-31,SPX,标普500,1300.75,1286.37,1313.25,1285.83,2.11
1999-04-01,SPX,标普500,1286.37,1293.72,1294.44,1282.56,0.92
1999-04-05,SPX,标普500,1293.72,1321.12,1321.12,1293.72,2.12
1999-04-06,SPX,标普500,1321.12,1317.89,1326.52,1311.03,1.17
1999-04-07,SPX,标普500,1317.89,1326.89,1329.6,1312.5,1.3
1999-04-08,SPX,标普500,1326.89,1344.0,1344.08,1321.63,1.69
1999-04-09,SPX,标普500,1343.98,1348.35,1350.97,1335.23,1.17
1999-04-12,SPX,标普500,1348.35,1358.64,1358.68,1334.29,1.81
1999-04-13,SPX,标普500,1358.64,1349.82,1361.88,1344.23,1.3
1999-04-14,SPX,标普500,1349.82,1328.44,1356.87,1326.73,2.23
1999-04-15,SPX,标普500,1328.44,1322.86,1331.94,1308.91,1.73
1999-04-16,SPX,标普500,1322.86,1319.0,1324.92,1311.33,1.03
1999-04-19,SPX,标普500,1319.0,1289.48,1339.99,1284.61,4.2
1999-04-20,SPX,标普500,1289.48,1306.17,1306.31,1288.51,1.38
1999-04-21,SPX,标普500,1306.17,1336.12,1336.12,1302.04,2.61
1999-04-22,SPX,标普500,1336.12,1358.82,1358.94,1336.12,1.71
1999-04-23,SPX,标普500,1358.83,1356.85,1363.62,1348.52,1.11
1999-04-26,SPX,标普500,1356.85,1360.04,1363.46,1353.97,0.7
1999-04-27,SPX,标普500,1360.04,1362.8,1371.75,1356.6,1.11
1999-04-28,SPX,标普500,1362.8,1350.91,1368.54,1348.37,1.48
1999-04-29,SPX,标普500,1350.91,1342.83,1356.91,1336.82,1.49
1999-04-30,SPX,标普500,1342.83,1335.18,1351.75,1314.78,2.75
1999-05-03,SPX,标普500,1335.18,1354.63,1354.63,1330.13,1.83
1999-05-04,SPX,标普500,1354.63,1332.0,1354.63,1330.66,1.77
1999-05-05,SPX,标普500,1332.0,1347.31,1347.32,1317.57,2.23
1999-05-06,SPX,标普500,1347.31,1332.05,1348.35,1322.54,1.92
1999-05-07,SPX,标普500,1332.05,1345.0,1345.86,1332.05,1.04
1999-05-10,SPX,标普500,1345.0,1340.3,1351.32,1334.83,1.23
1999-05-11,SPX,标普500,1340.3,1355.61,1359.95,1340.3,1.47
1999-05-12,SPX,标普500,1355.61,1364.0,1366.95,1333.67,2.45
1999-05-13,SPX,标普500,1364.0,1367.56,1375.97,1364.0,0.88
1999-05-14,SPX,标普500,1367.56,1337.8,1367.56,1332.88,2.54
1999-05-17,SPX,标普500,1337.8,1339.49,1339.89,1321.19,1.4
1999-05-18,SPX,标普500,1339.49,1333.32,1345.43,1323.88,1.61
1999-05-19,SPX,标普500,1333.32,1344.23,1344.23,1329.79,1.08
1999-05-20,SPX,标普500,1344.23,1338.83,1350.4,1338.83,0.86
1999-05-21,SPX,标普500,1338.83,1330.29,1340.68,1326.39,1.07
1999-05-24,SPX,标普500,1330.29,1306.65,1332.96,1303.51,2.21
1999-05-25,SPX,标普500,1306.65,1284.4,1317.35,1284.38,2.52
1999-05-26,SPX,标普500,1284.4,1304.76,1304.84,1278.52,2.05
1999-05-27,SPX,标普500,1304.76,1281.41,1304.76,1277.21,2.11
1999-05-28,SPX,标普500,1281.4,1301.84,1303.87,1281.4,1.75
1999-06-01,SPX,标普500,1301.84,1294.26,1301.87,1281.62,1.56
1999-06-02,SPX,标普500,1294.26,1294.81,1297.0,1277.81,1.48
1999-06-03,SPX,标普500,1294.81,1299.54,1304.08,1294.27,0.76
1999-06-04,SPX,标普500,1299.54,1327.75,1327.75,1299.54,2.17
1999-06-07,SPX,标普500,1327.75,1334.52,1336.37,1325.87,0.79
1999-06-08,SPX,标普500,1333.79,1317.33,1334.52,1312.83,1.63
1999-06-09,SPX,标普500,1317.33,1318.64,1325.91,1314.76,0.85
1999-06-10,SPX,标普500,1318.64,1302.82,1318.64,1293.33,1.92
1999-06-11,SPX,标普500,1302.82,1293.64,1311.75,1288.12,1.81
1999-06-14,SPX,标普500,1293.64,1294.0,1301.89,1292.34,0.74
1999-06-15,SPX,标普500,1294.0,1301.16,1310.64,1294.0,1.29
1999-06-16,SPX,标普500,1301.16,1330.41,1332.75,1301.16,2.43
1999-06-17,SPX,标普500,1330.41,1339.9,1343.36,1322.9,1.54
1999-06-18,SPX,标普500,1339.9,1342.84,1344.47,1333.48,0.82
1999-06-21,SPX,标普500,1342.84,1349.0,1349.0,1337.67,0.84
1999-06-22,SPX,标普500,1349.0,1335.87,1351.07,1335.66,1.14
1999-06-23,SPX,标普500,1335.87,1333.06,1335.87,1324.4,0.86
1999-06-24,SPX,标普500,1333.06,1315.78,1333.06,1308.46,1.85
1999-06-25,SPX,标普500,1315.78,1315.31,1328.93,1312.78,1.23
1999-06-28,SPX,标普500,1315.31,1331.35,1333.67,1315.31,1.4
1999-06-29,SPX,标普500,1331.35,1351.45,1351.51,1328.52,1.73
1999-06-30,SPX,标普500,1351.45,1372.71,1372.85,1338.88,2.51
1999-07-01,SPX,标普500,1372.71,1380.96,1382.76,1360.99,1.59
1999-07-02,SPX,标普500,1380.96,1391.22,1391.22,1379.59,0.84
1999-07-06,SPX,标普500,1391.22,1388.12,1405.26,1387.1,1.31
1999-07-07,SPX,标普500,1388.12,1395.86,1395.86,1385.07,0.78
1999-07-08,SPX,标普500,1395.86,1394.42,1403.14,1386.87,1.17
1999-07-09,SPX,标普500,1394.42,1403.28,1403.28,1394.37,0.64
1999-07-12,SPX,标普500,1403.28,1399.1,1406.81,1394.83,0.85
1999-07-13,SPX,标普500,1399.1,1393.56,1399.1,1386.9,0.87
1999-07-14,SPX,标普500,1393.56,1398.17,1400.02,1386.57,0.97
1999-07-15,SPX,标普500,1398.17,1409.62,1409.73,1398.17,0.83
1999-07-16,SPX,标普500,1409.62,1418.78,1418.78,1407.01,0.83
1999-07-19,SPX,标普500,1418.78,1407.65,1420.11,1404.65,1.09
1999-07-20,SPX,标普500,1407.65,1377.1,1407.65,1375.22,2.3
1999-07-21,SPX,标普500,1377.1,1379.29,1386.53,1372.72,1.0
1999-07-22,SPX,标普500,1379.29,1360.97,1379.29,1354.1,1.83
1999-07-23,SPX,标普500,1360.97,1356.94,1367.29,1350.01,1.27
1999-07-26,SPX,标普500,1356.94,1347.76,1358.48,1346.25,0.9
1999-07-27,SPX,标普500,1347.75,1362.84,1368.81,1347.75,1.56
1999-07-28,SPX,标普500,1362.84,1365.4,1370.38,1355.56,1.09
1999-07-29,SPX,标普500,1365.4,1341.03,1365.4,1333.03,2.37
1999-07-30,SPX,标普500,1341.03,1328.72,1350.85,1328.47,1.67
1999-08-02,SPX,标普500,1328.72,1328.05,1344.6,1325.26,1.46
1999-08-03,SPX,标普500,1328.05,1322.18,1336.05,1315.01,1.58
1999-08-04,SPX,标普500,1322.18,1305.33,1329.91,1304.69,1.91
1999-08-05,SPX,标普500,1305.33,1313.71,1313.71,1287.29,2.02
1999-08-06,SPX,标普500,1313.71,1300.29,1316.64,1293.3,1.78
1999-08-09,SPX,标普500,1300.29,1297.8,1306.65,1296.09,0.81
1999-08-10,SPX,标普500,1297.8,1281.43,1298.6,1267.91,2.36
1999-08-11,SPX,标普500,1281.43,1301.93,1301.93,1281.43,1.6
1999-08-12,SPX,标普500,1301.93,1298.16,1313.6,1298.15,1.19
1999-08-13,SPX,标普500,1298.16,1327.68,1327.7,1298.16,2.28
1999-08-16,SPX,标普500,1327.68,1330.77,1330.89,1320.87,0.75
1999-08-17,SPX,标普500,1330.77,1344.16,1344.16,1328.8,1.15
1999-08-18,SPX,标普500,1344.16,1332.84,1344.16,1332.07,0.9
1999-08-19,SPX,标普500,1332.84,1323.59,1332.84,1315.34,1.31
1999-08-20,SPX,标普500,1323.59,1336.61,1336.61,1323.59,0.98
1999-08-23,SPX,标普500,1336.61,1360.22,1360.24,1336.61,1.77
1999-08-24,SPX,标普500,1360.22,1363.5,1373.31,1354.1,1.41
1999-08-25,SPX,标普500,1363.5,1381.79,1382.67,1359.27,1.72
1999-08-26,SPX,标普500,1381.79,1362.01,1381.79,1361.72,1.45
1999-08-27,SPX,标普500,1362.01,1348.27,1365.69,1347.44,1.34
1999-08-30,SPX,标普500,1348.27,1324.02,1350.55,1322.78,2.06
1999-08-31,SPX,标普500,1324.02,1320.41,1333.16,1306.97,1.98
1999-09-01,SPX,标普500,1320.41,1331.07,1331.11,1320.4,0.81
1999-09-02,SPX,标普500,1331.07,1319.11,1331.07,1304.85,1.97
1999-09-03,SPX,标普500,1319.11,1357.24,1357.5,1319.11,2.91
1999-09-07,SPX,标普500,1357.24,1350.45,1361.36,1349.57,0.87
1999-09-08,SPX,标普500,1350.45,1344.15,1355.16,1337.47,1.31
1999-09-09,SPX,标普500,1344.15,1347.66,1347.66,1334.03,1.01
1999-09-10,SPX,标普500,1347.66,1351.66,1357.63,1346.43,0.83
1999-09-13,SPX,标普500,1351.66,1344.13,1351.66,1341.95,0.72
1999-09-14,SPX,标普500,1344.13,1336.29,1344.13,1330.68,1.0
1999-09-15,SPX,标普500,1336.29,1317.97,1347.05,1317.97,2.18
1999-09-16,SPX,标普500,1317.97,1318.48,1322.36,1299.94,1.7
1999-09-17,SPX,标普500,1318.48,1335.42,1337.5,1318.48,1.44
1999-09-20,SPX,标普500,1335.42,1335.52,1338.36,1330.62,0.58
1999-09-21,SPX,标普500,1335.52,1307.58,1335.52,1302.3,2.49
1999-09-22,SPX,标普500,1307.58,1310.51,1316.14,1297.9,1.39
1999-09-23,SPX,标普500,1310.51,1280.41,1314.93,1277.37,2.87
1999-09-24,SPX,标普500,1280.41,1277.36,1281.1,1263.83,1.35
1999-09-27,SPX,标普500,1277.36,1283.31,1294.94,1277.36,1.38
1999-09-28,SPX,标普500,1283.31,1282.2,1285.26,1256.32,2.26
1999-09-29,SPX,标普500,1282.2,1268.37,1288.88,1268.26,1.61
1999-09-30,SPX,标普500,1268.37,1282.71,1291.23,1268.37,1.8
1999-10-01,SPX,标普500,1282.71,1282.81,1283.15,1265.98,1.34
1999-10-04,SPX,标普500,1282.81,1304.6,1304.6,1282.81,1.7
1999-10-05,SPX,标普500,1304.6,1301.35,1316.29,1286.33,2.3
1999-10-06,SPX,标普500,1301.35,1325.4,1325.46,1301.35,1.85
1999-10-07,SPX,标普500,1325.4,1317.64,1328.0,1314.1,1.05
1999-10-08,SPX,标普500,1317.64,1336.02,1336.45,1311.88,1.86
1999-10-11,SPX,标普500,1336.02,1335.21,1339.06,1333.01,0.45
1999-10-12,SPX,标普500,1335.21,1313.04,1335.23,1311.93,1.75
1999-10-13,SPX,标普500,1313.04,1285.55,1313.04,1283.01,2.29
1999-10-14,SPX,标普500,1285.55,1283.42,1289.48,1267.7,1.69
1999-10-15,SPX,标普500,1283.42,1247.41,1283.42,1245.52,2.95
1999-10-18,SPX,标普500,1247.41,1254.13,1254.13,1233.66,1.64
1999-10-19,SPX,标普500,1254.13,1261.32,1279.29,1254.13,2.01
1999-10-20,SPX,标普500,1261.32,1289.43,1289.44,1261.32,2.23
1999-10-21,SPX,标普500,1289.43,1283.61,1289.43,1265.8,1.83
1999-10-22,SPX,标普500,1283.61,1301.65,1308.63,1283.61,1.95
1999-10-25,SPX,标普500,1301.65,1293.63,1301.65,1286.09,1.2
1999-10-26,SPX,标普500,1293.63,1281.91,1303.44,1281.86,1.67
1999-10-27,SPX,标普500,1281.96,1296.71,1299.08,1280.66,1.44
1999-10-28,SPX,标普500,1296.71,1342.43,1342.47,1296.71,3.53
1999-10-29,SPX,标普500,1342.44,1362.93,1373.15,1342.44,2.29
1999-11-01,SPX,标普500,1362.93,1354.12,1367.3,1354.12,0.97
1999-11-02,SPX,标普500,1354.12,1347.74,1369.34,1346.65,1.68
1999-11-03,SPX,标普500,1347.74,1354.93,1360.3,1347.74,0.93
1999-11-04,SPX,标普500,1354.93,1362.64,1369.26,1354.93,1.06
1999-11-05,SPX,标普500,1362.64,1370.23,1387.45,1362.64,1.82
1999-11-08,SPX,标普500,1370.23,1377.01,1382.0,1365.85,1.18
1999-11-09,SPX,标普500,1377.01,1365.28,1383.67,1361.53,1.61
1999-11-10,SPX,标普500,1365.28,1373.46,1379.2,1360.23,1.39
1999-11-11,SPX,标普500,1373.46,1381.46,1382.2,1372.24,0.73
1999-11-12,SPX,标普500,1381.46,1396.06,1396.06,1368.79,1.97
1999-11-15,SPX,标普500,1396.06,1394.39,1398.54,1392.22,0.45
1999-11-16,SPX,标普500,1394.39,1420.07,1420.33,1394.39,1.86
1999-11-17,SPX,标普500,1420.07,1410.71,1423.54,1410.69,0.9
1999-11-18,SPX,标普500,1410.71,1424.94,1425.14,1410.71,1.02
1999-11-19,SPX,标普500,1424.94,1422.0,1424.94,1417.51,0.52
1999-11-22,SPX,标普500,1422.0,1420.94,1425.03,1412.39,0.89
1999-11-23,SPX,标普500,1420.94,1404.64,1423.62,1402.35,1.5
1999-11-24,SPX,标普500,1404.64,1417.08,1419.72,1399.45,1.44
1999-11-26,SPX,标普500,1417.08,1416.62,1425.19,1416.25,0.63
1999-11-29,SPX,标普500,1416.62,1407.83,1416.62,1403.97,0.89
1999-11-30,SPX,标普500,1407.83,1388.91,1410.55,1387.26,1.65
1999-12-01,SPX,标普500,1388.91,1397.72,1399.98,1387.61,0.89
1999-12-02,SPX,标普500,1411.46,1409.04,1411.46,1397.72,0.98
1999-12-03,SPX,标普500,1409.04,1433.3,1447.37,1409.04,2.72
1999-12-06,SPX,标普500,1433.3,1423.33,1434.22,1418.33,1.11
1999-12-07,SPX,标普500,1423.33,1409.17,1426.68,1409.17,1.23
1999-12-08,SPX,标普500,1409.17,1403.88,1415.62,1403.88,0.83
1999-12-09,SPX,标普500,1403.88,1408.11,1418.43,1391.54,1.92
1999-12-10,SPX,标普500,1408.11,1417.04,1421.64,1405.68,1.13
1999-12-13,SPX,标普500,1417.04,1415.22,1421.39,1410.28,0.78
1999-12-14,SPX,标普500,1415.22,1403.17,1418.21,1401.64,1.17
1999-12-15,SPX,标普500,1403.17,1413.32,1417.2,1396.13,1.5
1999-12-16,SPX,标普500,1413.32,1418.78,1422.61,1408.41,1.0
1999-12-17,SPX,标普500,1418.78,1421.05,1431.73,1418.78,0.91
1999-12-20,SPX,标普500,1421.03,1418.09,1428.93,1411.15,1.25
1999-12-21,SPX,标普500,1418.09,1433.43,1436.35,1414.95,1.51
1999-12-22,SPX,标普500,1433.43,1436.13,1440.02,1429.28,0.75
1999-12-23,SPX,标普500,1436.13,1458.34,1461.36,1436.13,1.76
1999-12-27,SPX,标普500,1458.34,1457.09,1462.88,1450.93,0.82
1999-12-28,SPX,标普500,1457.09,1457.66,1462.58,1452.99,0.66
1999-12-29,SPX,标普500,1457.66,1463.46,1467.34,1457.66,0.66
1999-12-30,SPX,标普500,1463.46,1464.47,1473.13,1462.61,0.72
1999-12-31,SPX,标普500,1464.47,1469.25,1472.41,1463.43,0.61
2000-01-03,SPX,标普500,1469.25,1455.22,1476.41,1438.36,2.59
2000-01-04,SPX,标普500,1455.22,1399.42,1455.22,1397.21,3.99
2000-01-05,SPX,标普500,1399.42,1402.11,1413.08,1377.25,2.56
2000-01-06,SPX,标普500,1402.11,1403.45,1411.87,1391.98,1.42
2000-01-07,SPX,标普500,1403.45,1441.47,1441.47,1402.71,2.76
2000-01-10,SPX,标普500,1441.47,1457.6,1464.34,1441.47,1.59
2000-01-11,SPX,标普500,1457.6,1438.56,1458.44,1434.86,1.62
2000-01-12,SPX,标普500,1438.56,1432.23,1442.18,1427.37,1.03
2000-01-13,SPX,标普500,1432.25,1449.68,1454.43,1432.25,1.55
2000-01-14,SPX,标普500,1449.68,1465.15,1473.04,1449.68,1.61
2000-01-18,SPX,标普500,1465.15,1455.14,1465.15,1451.34,0.94
2000-01-19,SPX,标普500,1455.14,1455.9,1461.41,1448.78,0.87
2000-01-20,SPX,标普500,1455.9,1445.57,1465.53,1438.48,1.86
2000-01-21,SPX,标普500,1445.57,1441.36,1453.15,1439.58,0.94
2000-01-24,SPX,标普500,1441.36,1401.53,1453.8,1395.51,4.04
2000-01-25,SPX,标普500,1401.53,1410.03,1414.31,1388.91,1.81
2000-01-26,SPX,标普500,1410.03,1404.09,1412.53,1400.12,0.88
2000-01-27,SPX,标普500,1404.09,1398.56,1418.93,1380.87,2.71
2000-01-28,SPX,标普500,1398.56,1360.15,1398.56,1356.42,3.01
2000-01-31,SPX,标普500,1360.16,1394.46,1394.5,1350.14,3.26
2000-02-01,SPX,标普500,1394.46,1409.28,1412.07,1384.81,1.95
2000-02-02,SPX,标普500,1409.28,1409.12,1420.44,1403.3,1.22
2000-02-03,SPX,标普500,1409.12,1424.97,1425.8,1398.58,1.93
2000-02-04,SPX,标普500,1424.97,1424.37,1435.88,1420.73,1.06
2000-02-07,SPX,标普500,1424.37,1424.24,1426.9,1413.34,0.95
2000-02-08,SPX,标普500,1424.24,1441.72,1441.85,1424.24,1.24
2000-02-09,SPX,标普500,1441.72,1411.69,1444.12,1411.65,2.25
2000-02-10,SPX,标普500,1411.7,1416.83,1422.11,1406.57,1.1
2000-02-11,SPX,标普500,1416.83,1387.12,1416.83,1379.17,2.66
2000-02-14,SPX,标普500,1387.12,1389.94,1394.88,1380.65,1.03
2000-02-15,SPX,标普500,1389.94,1402.05,1407.88,1376.41,2.26
2000-02-16,SPX,标普500,1402.05,1387.67,1404.49,1385.65,1.34
2000-02-17,SPX,标普500,1387.67,1388.25,1400.02,1380.04,1.44
2000-02-18,SPX,标普500,1388.26,1346.09,1388.26,1345.29,3.1
2000-02-22,SPX,标普500,1346.09,1352.17,1358.24,1331.93,1.95
2000-02-23,SPX,标普500,1352.17,1360.69,1369.73,1342.61,2.01
2000-02-24,SPX,标普500,1360.69,1353.43,1364.67,1329.94,2.55
2000-02-25,SPX,标普500,1353.43,1333.36,1362.12,1329.45,2.41
2000-02-28,SPX,标普500,1333.36,1348.05,1360.54,1324.98,2.67
2000-02-29,SPX,标普500,1348.05,1366.42,1369.59,1348.05,1.6
2000-03-01,SPX,标普500,1366.42,1379.19,1382.73,1366.42,1.19
2000-03-02,SPX,标普500,1379.19,1381.76,1386.49,1370.37,1.17
2000-03-03,SPX,标普500,1381.76,1409.17,1410.77,1381.76,2.1
2000-03-06,SPX,标普500,1409.17,1391.28,1409.84,1385.06,1.76
2000-03-07,SPX,标普500,1391.28,1355.62,1399.32,1349.91,3.55
2000-03-08,SPX,标普500,1355.62,1366.7,1373.55,1346.92,1.96
2000-03-09,SPX,标普500,1366.7,1401.69,1401.82,1357.91,3.21
2000-03-10,SPX,标普500,1401.69,1395.07,1413.35,1392.23,1.51
2000-03-13,SPX,标普500,1395.07,1383.62,1398.19,1365.98,2.31
2000-03-14,SPX,标普500,1383.62,1359.15,1395.09,1359.15,2.6
2000-03-15,SPX,标普500,1359.15,1392.16,1397.94,1356.79,3.03
2000-03-16,SPX,标普500,1392.15,1458.47,1458.47,1392.15,4.76
2000-03-17,SPX,标普500,1458.47,1464.47,1476.67,1453.56,1.58
2000-03-20,SPX,标普500,1464.47,1456.63,1470.05,1448.55,1.47
2000-03-21,SPX,标普500,1456.63,1493.87,1494.01,1446.28,3.28
2000-03-22,SPX,标普500,1493.87,1500.64,1504.81,1487.36,1.17
2000-03-23,SPX,标普500,1500.64,1527.35,1532.34,1492.61,2.65
2000-03-24,SPX,标普500,1527.35,1527.46,1553.11,1516.84,2.37
2000-03-27,SPX,标普500,1527.46,1523.86,1535.06,1518.73,1.07
2000-03-28,SPX,标普500,1523.86,1507.73,1527.05,1507.25,1.3
2000-03-29,SPX,标普500,1507.73,1508.52,1521.13,1497.44,1.57
2000-03-30,SPX,标普500,1508.52,1487.92,1516.91,1474.86,2.79
2000-03-31,SPX,标普500,1487.92,1498.58,1519.37,1484.61,2.34
2000-04-03,SPX,标普500,1498.58,1505.97,1507.1,1486.98,1.34
2000-04-04,SPX,标普500,1505.98,1494.73,1526.31,1416.68,7.28
2000-04-05,SPX,标普500,1494.73,1487.37,1506.24,1477.89,1.9
2000-04-06,SPX,标普500,1487.37,1501.34,1511.88,1487.37,1.65
2000-04-07,SPX,标普500,1501.34,1516.35,1518.32,1501.34,1.13
2000-04-10,SPX,标普500,1516.35,1504.46,1526.97,1503.63,1.54
2000-04-11,SPX,标普500,1504.46,1500.59,1512.78,1486.84,1.72
2000-04-12,SPX,标普500,1500.59,1467.17,1508.98,1466.12,2.86
2000-04-13,SPX,标普500,1467.17,1440.51,1477.54,1439.63,2.58
2000-04-14,SPX,标普500,1440.51,1356.22,1440.51,1339.51,7.01
2000-04-17,SPX,标普500,1356.22,1401.44,1401.44,1346.41,4.06
2000-04-18,SPX,标普500,1401.44,1441.61,1441.61,1397.9,3.12
2000-04-19,SPX,标普500,1441.61,1427.47,1447.63,1424.7,1.59
2000-04-20,SPX,标普500,1427.47,1434.54,1435.46,1422.24,0.93
2000-04-24,SPX,标普500,1434.54,1429.86,1434.54,1407.36,1.89
2000-04-25,SPX,标普500,1429.86,1477.44,1477.61,1429.86,3.34
2000-04-26,SPX,标普500,1477.44,1460.99,1482.95,1457.3,1.74
2000-04-27,SPX,标普500,1460.99,1464.92,1468.9,1434.89,2.33
2000-04-28,SPX,标普500,1464.92,1452.43,1473.72,1448.38,1.73
2000-05-01,SPX,标普500,1452.43,1468.25,1481.35,1452.43,1.99
2000-05-02,SPX,标普500,1468.25,1446.29,1468.25,1445.31,1.56
2000-05-03,SPX,标普500,1446.29,1415.1,1446.29,1398.87,3.28
2000-05-04,SPX,标普500,1415.1,1409.38,1420.83,1404.95,1.12
2000-05-05,SPX,标普500,1409.57,1432.63,1435.99,1405.06,2.19
2000-05-08,SPX,标普500,1432.63,1424.17,1432.63,1417.04,1.09
2000-05-09,SPX,标普500,1424.17,1412.14,1430.18,1401.86,1.99
2000-05-10,SPX,标普500,1412.14,1383.05,1412.14,1375.1,2.62
2000-05-11,SPX,标普500,1383.05,1407.81,1410.18,1383.05,1.96
2000-05-12,SPX,标普500,1407.81,1420.96,1430.17,1407.81,1.59
2000-05-15,SPX,标普500,1420.96,1452.36,1452.37,1416.75,2.51
2000-05-16,SPX,标普500,1452.36,1466.04,1470.11,1450.9,1.32
2000-05-17,SPX,标普500,1466.04,1447.8,1466.04,1441.6,1.67
2000-05-18,SPX,标普500,1447.8,1437.21,1458.01,1436.54,1.48
2000-05-19,SPX,标普500,1437.21,1406.95,1437.21,1401.9,2.46
2000-05-22,SPX,标普500,1406.95,1400.72,1410.41,1368.8,2.96
2000-05-23,SPX,标普500,1400.72,1373.86,1403.82,1373.82,2.14
2000-05-24,SPX,标普500,1373.86,1399.05,1401.21,1361.29,2.91
2000-05-25,SPX,标普500,1399.05,1381.52,1411.31,1374.01,2.67
2000-05-26,SPX,标普500,1381.52,1378.02,1390.98,1369.75,1.54
2000-05-30,SPX,标普500,1378.02,1422.45,1422.45,1378.02,3.22
2000-05-31,SPX,标普500,1422.44,1420.6,1434.2,1415.75,1.3
2000-06-01,SPX,标普500,1420.6,1448.81,1448.81,1420.6,1.99
2000-06-02,SPX,标普500,1448.81,1477.26,1483.16,1448.81,2.37
2000-06-05,SPX,标普500,1477.26,1467.63,1477.26,1464.65,0.85
2000-06-06,SPX,标普500,1467.63,1457.84,1471.19,1454.65,1.13
2000-06-07,SPX,标普500,1457.84,1471.36,1474.69,1455.27,1.33
2000-06-08,SPX,标普500,1471.36,1461.67,1475.54,1456.46,1.3
2000-06-09,SPX,标普500,1461.67,1456.95,1472.79,1455.19,1.2
2000-06-12,SPX,标普500,1456.95,1446.0,1463.02,1445.99,1.17
2000-06-13,SPX,标普500,1446.0,1469.44,1470.39,1442.42,1.93
2000-06-14,SPX,标普500,1469.44,1470.54,1483.26,1467.76,1.05
2000-06-15,SPX,标普500,1470.54,1478.6,1482.13,1464.76,1.18
2000-06-16,SPX,标普500,1478.73,1464.46,1480.74,1460.31,1.38
2000-06-19,SPX,标普500,1464.46,1486.0,1488.96,1462.31,1.82
2000-06-20,SPX,标普500,1486.0,1476.28,1487.27,1470.17,1.15
2000-06-21,SPX,标普500,1475.95,1479.13,1482.04,1468.54,0.91
2000-06-22,SPX,标普500,1479.13,1452.18,1479.13,1448.25,2.09
2000-06-23,SPX,标普500,1452.18,1441.48,1459.6,1438.43,1.46
2000-06-26,SPX,标普500,1441.48,1455.31,1459.64,1441.48,1.26
2000-06-27,SPX,标普500,1455.31,1450.55,1463.38,1450.55,0.88
2000-06-28,SPX,标普500,1450.55,1454.82,1467.46,1450.55,1.17
2000-06-29,SPX,标普500,1454.82,1442.39,1454.99,1434.58,1.4
2000-06-30,SPX,标普500,1442.39,1454.6,1454.68,1438.96,1.09
2000-07-03,SPX,标普500,1454.6,1469.54,1469.59,1450.99,1.28
2000-07-05,SPX,标普500,1469.54,1446.23,1469.54,1442.55,1.84
2000-07-06,SPX,标普500,1446.23,1456.67,1461.58,1439.57,1.52
2000-07-07,SPX,标普500,1456.67,1478.9,1485.18,1456.67,1.96
2000-07-10,SPX,标普500,1478.9,1475.62,1486.63,1474.89,0.79
2000-07-11,SPX,标普500,1475.62,1480.88,1488.83,1470.38,1.25
2000-07-12,SPX,标普500,1480.88,1492.92,1497.57,1480.88,1.13
2000-07-13,SPX,标普500,1492.92,1495.84,1501.37,1489.75,0.78
2000-07-14,SPX,标普500,1495.84,1509.98,1509.98,1494.64,1.03
2000-07-17,SPX,标普500,1509.98,1510.49,1517.18,1505.32,0.79
2000-07-18,SPX,标普500,1510.49,1493.74,1510.49,1491.53,1.26
2000-07-19,SPX,标普500,1493.74,1481.96,1495.63,1479.76,1.06
2000-07-20,SPX,标普500,1481.96,1495.57,1501.76,1481.96,1.34
2000-07-21,SPX,标普500,1495.57,1480.19,1495.57,1478.09,1.17
2000-07-24,SPX,标普500,1480.19,1464.29,1485.99,1463.84,1.5
2000-07-25,SPX,标普500,1464.29,1474.47,1476.19,1464.29,0.81
2000-07-26,SPX,标普500,1474.47,1452.42,1474.47,1452.42,1.5
2000-07-27,SPX,标普500,1452.42,1449.62,1464.87,1445.6,1.33
2000-07-28,SPX,标普500,1449.62,1419.89,1456.52,1414.27,2.91
2000-07-31,SPX,标普500,1419.89,1430.83,1437.47,1418.77,1.32
2000-08-01,SPX,标普500,1430.83,1438.1,1443.15,1428.96,0.99
2000-08-02,SPX,标普500,1438.1,1438.7,1451.51,1434.0,1.22
2000-08-03,SPX,标普500,1438.7,1452.56,1454.3,1425.68,1.99
2000-08-04,SPX,标普500,1452.56,1462.93,1462.93,1451.3,0.8
2000-08-07,SPX,标普500,1462.93,1479.32,1480.69,1460.79,1.36
2000-08-08,SPX,标普500,1479.32,1482.8,1484.46,1472.67,0.8
2000-08-09,SPX,标普500,1482.8,1472.87,1490.06,1471.34,1.26
2000-08-10,SPX,标普500,1472.87,1460.25,1475.17,1459.8,1.04
2000-08-11,SPX,标普500,1460.25,1471.84,1475.27,1453.16,1.51
2000-08-14,SPX,标普500,1471.84,1491.56,1491.58,1468.54,1.57
2000-08-15,SPX,标普500,1491.56,1484.43,1492.86,1482.87,0.67
2000-08-16,SPX,标普500,1484.43,1479.85,1495.16,1475.84,1.3
2000-08-17,SPX,标普500,1479.85,1496.07,1499.29,1479.85,1.31
2000-08-18,SPX,标普500,1496.07,1491.72,1499.41,1489.03,0.69
2000-08-21,SPX,标普500,1491.72,1499.48,1502.69,1491.26,0.77
2000-08-22,SPX,标普500,1499.48,1498.13,1508.06,1497.62,0.7
2000-08-23,SPX,标普500,1498.13,1505.97,1507.19,1489.51,1.18
2000-08-24,SPX,标普500,1505.97,1508.31,1511.06,1501.32,0.65
2000-08-25,SPX,标普500,1508.31,1506.46,1513.28,1505.42,0.52
2000-08-28,SPX,标普500,1506.45,1514.09,1523.78,1506.45,1.15
2000-08-29,SPX,标普500,1514.09,1509.84,1514.86,1505.49,0.62
2000-08-30,SPX,标普500,1509.84,1502.59,1510.46,1500.21,0.68
2000-08-31,SPX,标普500,1502.59,1517.68,1525.04,1502.59,1.49
2000-09-01,SPX,标普500,1517.68,1520.77,1529.94,1515.68,0.94
2000-09-05,SPX,标普500,1520.77,1507.08,1520.77,1503.92,1.11
2000-09-06,SPX,标普500,1507.08,1492.25,1512.45,1492.16,1.35
2000-09-07,SPX,标普500,1492.25,1502.51,1505.22,1492.25,0.87
2000-09-08,SPX,标普500,1502.51,1494.5,1502.51,1489.77,0.85
2000-09-11,SPX,标普500,1494.5,1489.26,1506.34,1483.52,1.53
2000-09-12,SPX,标普500,1489.26,1481.99,1496.72,1479.76,1.14
2000-09-13,SPX,标普500,1481.99,1484.91,1487.35,1473.86,0.91
2000-09-14,SPX,标普500,1484.91,1480.87,1494.2,1476.94,1.16
2000-09-15,SPX,标普500,1480.87,1465.81,1480.87,1460.3,1.39
2000-09-18,SPX,标普500,1465.81,1444.51,1467.64,1441.83,1.76
2000-09-19,SPX,标普500,1444.51,1459.9,1461.03,1444.51,1.14
2000-09-20,SPX,标普500,1459.9,1451.34,1459.9,1431.43,1.95
2000-09-21,SPX,标普500,1451.34,1449.05,1452.72,1436.24,1.14
2000-09-22,SPX,标普500,1449.05,1448.72,1449.31,1421.18,1.94
2000-09-25,SPX,标普500,1448.72,1439.03,1457.36,1436.08,1.47
2000-09-26,SPX,标普500,1439.03,1427.21,1447.74,1425.29,1.56
2000-09-27,SPX,标普500,1427.21,1426.57,1436.74,1419.54,1.21
2000-09-28,SPX,标普500,1426.57,1458.29,1461.65,1425.79,2.51
2000-09-29,SPX,标普500,1458.29,1436.51,1458.29,1436.48,1.5
2000-10-02,SPX,标普500,1436.52,1436.23,1445.51,1429.75,1.1
2000-10-03,SPX,标普500,1436.23,1426.46,1454.82,1425.28,2.06
2000-10-04,SPX,标普500,1426.46,1434.32,1439.99,1416.31,1.66
2000-10-05,SPX,标普500,1434.32,1436.28,1444.17,1431.8,0.86
2000-10-06,SPX,标普500,1436.28,1408.99,1443.3,1397.06,3.22
2000-10-09,SPX,标普500,1408.99,1402.03,1409.69,1392.48,1.22
2000-10-10,SPX,标普500,1402.03,1387.02,1408.83,1383.85,1.78
2000-10-11,SPX,标普500,1387.02,1364.59,1387.02,1349.67,2.69
2000-10-12,SPX,标普500,1364.59,1329.78,1374.93,1328.06,3.43
2000-10-13,SPX,标普500,1329.78,1374.17,1374.17,1326.81,3.56
2000-10-16,SPX,标普500,1374.17,1374.62,1379.48,1365.06,1.05
2000-10-17,SPX,标普500,1374.62,1349.97,1380.99,1342.34,2.81
2000-10-18,SPX,标普500,1349.97,1342.13,1356.65,1305.79,3.77
2000-10-19,SPX,标普500,1342.13,1388.76,1389.93,1342.13,3.56
2000-10-20,SPX,标普500,1388.76,1396.93,1408.47,1382.19,1.89
2000-10-23,SPX,标普500,1396.93,1395.78,1406.96,1387.75,1.38
2000-10-24,SPX,标普500,1395.78,1398.13,1415.64,1388.13,1.97
2000-10-25,SPX,标普500,1398.13,1364.9,1398.13,1362.21,2.57
2000-10-26,SPX,标普500,1364.9,1364.44,1372.72,1337.77,2.56
2000-10-27,SPX,标普500,1364.44,1379.58,1384.57,1364.13,1.5
2000-10-30,SPX,标普500,1379.58,1398.66,1406.36,1376.86,2.14
2000-10-31,SPX,标普500,1398.66,1429.4,1432.22,1398.66,2.4
2000-11-01,SPX,标普500,1429.4,1421.22,1429.6,1410.45,1.34
2000-11-02,SPX,标普500,1421.22,1428.32,1433.27,1421.13,0.85
2000-11-03,SPX,标普500,1428.32,1426.69,1433.21,1420.92,0.86
2000-11-06,SPX,标普500,1428.76,1432.19,1438.46,1427.72,0.75
2000-11-07,SPX,标普500,1432.19,1431.87,1436.22,1423.26,0.9
2000-11-08,SPX,标普500,1431.87,1409.28,1437.28,1408.78,1.99
2000-11-09,SPX,标普500,1409.28,1400.14,1409.28,1369.68,2.81
2000-11-10,SPX,标普500,1400.14,1365.98,1400.14,1365.97,2.44
2000-11-13,SPX,标普500,1365.98,1351.26,1365.98,1328.62,2.74
2000-11-14,SPX,标普500,1351.26,1382.95,1390.06,1351.26,2.87
2000-11-15,SPX,标普500,1382.95,1389.81,1395.96,1374.75,1.53
2000-11-16,SPX,标普500,1389.81,1372.32,1394.68,1370.4,1.75
2000-11-17,SPX,标普500,1372.32,1367.72,1384.85,1355.55,2.14
2000-11-20,SPX,标普500,1367.72,1342.62,1367.72,1341.67,1.9
2000-11-21,SPX,标普500,1342.62,1347.35,1355.87,1333.62,1.66
2000-11-22,SPX,标普500,1347.35,1322.36,1347.35,1321.89,1.89
2000-11-24,SPX,标普500,1322.36,1341.77,1343.83,1322.36,1.62
2000-11-27,SPX,标普500,1341.77,1348.97,1362.5,1341.77,1.54
2000-11-28,SPX,标普500,1348.97,1336.09,1358.81,1334.97,1.77
2000-11-29,SPX,标普500,1336.09,1341.91,1352.38,1329.28,1.73
2000-11-30,SPX,标普500,1341.91,1314.95,1341.91,1294.9,3.5
2000-12-01,SPX,标普500,1314.95,1315.23,1334.67,1307.02,2.1
2000-12-04,SPX,标普500,1315.18,1324.97,1332.06,1310.23,1.66
2000-12-05,SPX,标普500,1324.97,1376.54,1376.56,1324.97,3.89
2000-12-06,SPX,标普500,1376.54,1351.46,1376.54,1346.15,2.21
2000-12-07,SPX,标普500,1351.46,1343.55,1353.5,1339.26,1.05
2000-12-08,SPX,标普500,1343.55,1369.89,1380.33,1343.55,2.74
2000-12-11,SPX,标普500,1369.89,1380.2,1389.05,1364.14,1.82
2000-12-12,SPX,标普500,1380.2,1371.18,1380.27,1370.27,0.72
2000-12-13,SPX,标普500,1371.18,1359.99,1385.82,1358.48,1.99
2000-12-14,SPX,标普500,1359.99,1340.93,1359.99,1340.48,1.43
2000-12-15,SPX,标普500,1340.93,1312.15,1340.93,1305.38,2.65
2000-12-18,SPX,标普500,1312.15,1322.74,1332.32,1312.15,1.54
2000-12-19,SPX,标普500,1322.96,1305.6,1346.44,1305.2,3.12
2000-12-20,SPX,标普500,1305.6,1264.74,1305.6,1261.16,3.4
2000-12-21,SPX,标普500,1264.74,1274.86,1285.31,1254.07,2.47
2000-12-22,SPX,标普500,1274.86,1305.97,1305.97,1274.86,2.44
2000-12-26,SPX,标普500,1305.97,1315.19,1315.94,1301.64,1.09
2000-12-27,SPX,标普500,1315.19,1328.92,1332.03,1310.96,1.6
2000-12-28,SPX,标普500,1328.92,1334.22,1335.93,1325.78,0.76
2000-12-29,SPX,标普500,1334.22,1320.28,1340.1,1317.51,1.69
2001-01-01,SPX,标普500,1320.28,1320.28,1320.28,1320.28,0.0
2001-01-02,SPX,标普500,1320.28,1283.27,1320.28,1276.05,3.35
2001-01-03,SPX,标普500,1283.27,1347.56,1347.76,1274.62,5.7
2001-01-04,SPX,标普500,1347.56,1333.34,1350.24,1329.14,1.57
2001-01-05,SPX,标普500,1333.34,1298.35,1334.77,1294.95,2.99
2001-01-08,SPX,标普500,1298.35,1295.86,1298.35,1276.29,1.7
2001-01-09,SPX,标普500,1295.86,1300.8,1311.72,1295.14,1.28
2001-01-10,SPX,标普500,1300.8,1313.27,1313.76,1287.28,2.04
2001-01-11,SPX,标普500,1313.27,1326.82,1332.19,1309.72,1.71
2001-01-12,SPX,标普500,1326.82,1318.32,1333.21,1311.59,1.63
2001-01-16,SPX,标普500,1318.32,1326.65,1327.81,1313.33,1.1
2001-01-17,SPX,标普500,1326.65,1329.47,1346.92,1325.41,1.62
2001-01-18,SPX,标普500,1329.89,1347.97,1352.71,1327.41,1.9
2001-01-19,SPX,标普500,1347.97,1342.54,1354.55,1336.74,1.32
2001-01-22,SPX,标普500,1342.54,1342.9,1353.62,1333.84,1.47
2001-01-23,SPX,标普500,1342.9,1360.4,1362.9,1339.63,1.73
2001-01-24,SPX,标普500,1360.4,1364.3,1369.75,1357.28,0.92
2001-01-25,SPX,标普500,1364.3,1357.51,1367.35,1354.63,0.93
2001-01-26,SPX,标普500,1357.51,1354.95,1357.51,1342.75,1.09
2001-01-29,SPX,标普500,1354.92,1364.17,1365.54,1350.36,1.12
2001-01-30,SPX,标普500,1364.17,1373.73,1375.68,1356.2,1.43
2001-01-31,SPX,标普500,1373.73,1366.01,1383.37,1364.66,1.36
2001-02-01,SPX,标普500,1366.01,1373.47,1373.5,1359.34,1.04
2001-02-02,SPX,标普500,1373.47,1349.47,1376.38,1348.72,2.01
2001-02-05,SPX,标普500,1349.47,1354.31,1354.56,1344.48,0.75
2001-02-06,SPX,标普500,1354.31,1352.26,1363.55,1350.04,1.0
2001-02-07,SPX,标普500,1352.26,1340.89,1352.26,1334.26,1.33
2001-02-08,SPX,标普500,1341.1,1332.53,1350.32,1332.42,1.33
2001-02-09,SPX,标普500,1332.53,1314.76,1332.53,1309.98,1.69
2001-02-12,SPX,标普500,1314.76,1330.31,1330.96,1313.64,1.32
2001-02-13,SPX,标普500,1330.31,1318.8,1336.62,1317.51,1.44
2001-02-14,SPX,标普500,1318.8,1315.92,1320.73,1304.72,1.21
2001-02-15,SPX,标普500,1315.92,1326.61,1331.29,1315.92,1.17
2001-02-16,SPX,标普500,1326.61,1301.53,1326.61,1293.18,2.52
2001-02-20,SPX,标普500,1301.53,1278.94,1307.16,1278.44,2.21
2001-02-21,SPX,标普500,1278.94,1255.27,1282.97,1253.16,2.33
2001-02-22,SPX,标普500,1255.27,1252.82,1259.94,1228.33,2.52
2001-02-23,SPX,标普500,1252.82,1245.86,1252.82,1215.44,2.98
2001-02-26,SPX,标普500,1245.86,1267.65,1267.69,1241.71,2.09
2001-02-27,SPX,标普500,1267.65,1257.94,1272.76,1252.26,1.62
2001-02-28,SPX,标普500,1257.94,1239.94,1263.47,1229.65,2.69
2001-03-01,SPX,标普500,1239.94,1241.23,1241.36,1214.5,2.17
2001-03-02,SPX,标普500,1241.23,1234.18,1251.01,1219.74,2.52
2001-03-05,SPX,标普500,1234.18,1241.41,1242.55,1234.04,0.69
2001-03-06,SPX,标普500,1241.41,1253.8,1267.42,1241.41,2.1
2001-03-07,SPX,标普500,1253.8,1261.89,1263.86,1253.8,0.8
2001-03-08,SPX,标普500,1261.89,1264.74,1266.5,1257.6,0.71
2001-03-09,SPX,标普500,1264.74,1233.42,1264.74,1228.42,2.87
2001-03-12,SPX,标普500,1233.42,1180.16,1233.42,1176.78,4.59
2001-03-13,SPX,标普500,1180.16,1197.66,1197.83,1171.5,2.23
2001-03-14,SPX,标普500,1197.66,1166.71,1197.66,1155.35,3.53
2001-03-15,SPX,标普500,1166.71,1173.56,1182.04,1166.71,1.31
2001-03-16,SPX,标普500,1173.56,1150.53,1173.56,1148.64,2.12
2001-03-19,SPX,标普500,1150.53,1170.81,1173.5,1147.18,2.29
2001-03-20,SPX,标普500,1170.81,1142.62,1180.56,1142.19,3.28
2001-03-21,SPX,标普500,1142.62,1122.14,1149.39,1118.74,2.68
2001-03-22,SPX,标普500,1122.14,1117.58,1124.27,1081.19,3.84
2001-03-23,SPX,标普500,1117.58,1139.83,1141.83,1117.58,2.17
2001-03-26,SPX,标普500,1139.83,1152.69,1160.02,1139.83,1.77
2001-03-27,SPX,标普500,1152.69,1182.17,1183.36,1150.96,2.81
2001-03-28,SPX,标普500,1182.17,1153.29,1182.17,1147.83,2.9
2001-03-29,SPX,标普500,1153.29,1147.95,1161.59,1136.34,2.19
2001-03-30,SPX,标普500,1147.95,1160.33,1162.78,1143.8,1.65
2001-04-02,SPX,标普500,1160.33,1145.87,1169.34,1137.9,2.71
2001-04-03,SPX,标普500,1145.87,1106.46,1145.87,1100.31,3.98
2001-04-04,SPX,标普500,1106.46,1103.25,1117.38,1091.91,2.3
2001-04-05,SPX,标普500,1103.25,1151.44,1151.47,1103.25,4.37
2001-04-06,SPX,标普500,1151.44,1128.43,1151.44,1119.52,2.77
2001-04-09,SPX,标普500,1128.43,1137.59,1145.87,1126.41,1.72
2001-04-10,SPX,标普500,1137.59,1168.38,1173.91,1137.59,3.19
2001-04-11,SPX,标普500,1168.38,1165.89,1181.96,1160.3,1.85
2001-04-12,SPX,标普500,1165.89,1183.5,1183.51,1157.81,2.2
2001-04-16,SPX,标普500,1183.5,1179.68,1184.64,1167.55,1.44
2001-04-17,SPX,标普500,1179.68,1191.81,1192.04,1169.13,1.94
2001-04-18,SPX,标普500,1191.81,1238.16,1248.39,1191.81,4.75
2001-04-19,SPX,标普500,1238.16,1253.7,1253.7,1233.5,1.63
2001-04-20,SPX,标普500,1253.7,1242.98,1253.7,1234.41,1.54
2001-04-23,SPX,标普500,1242.98,1224.36,1242.98,1217.55,2.05
2001-04-24,SPX,标普500,1224.36,1209.47,1233.29,1209.04,1.98
2001-04-25,SPX,标普500,1209.47,1228.75,1232.29,1207.44,2.05
2001-04-26,SPX,标普500,1228.75,1234.52,1248.29,1228.75,1.59
2001-04-27,SPX,标普500,1234.52,1253.05,1253.07,1234.52,1.5
2001-04-30,SPX,标普500,1253.05,1249.47,1269.28,1244.16,2.0
2001-05-01,SPX,标普500,1249.46,1266.44,1266.47,1243.66,1.83
2001-05-02,SPX,标普500,1266.44,1267.43,1272.8,1257.91,1.18
2001-05-03,SPX,标普500,1267.43,1248.58,1267.43,1240.0,2.16
2001-05-04,SPX,标普500,1248.58,1266.61,1267.33,1232.18,2.82
2001-05-07,SPX,标普500,1266.61,1263.51,1269.93,1259.27,0.84
2001-05-08,SPX,标普500,1263.51,1261.2,1267.5,1253.11,1.14
2001-05-09,SPX,标普500,1261.2,1255.48,1261.63,1247.94,1.09
2001-05-10,SPX,标普500,1255.54,1255.18,1267.94,1254.66,1.06
2001-05-11,SPX,标普500,1255.18,1245.67,1259.78,1240.81,1.51
2001-05-14,SPX,标普500,1245.67,1248.92,1249.6,1241.09,0.68
2001-05-15,SPX,标普500,1248.92,1249.44,1257.26,1245.39,0.95
2001-05-16,SPX,标普500,1249.44,1284.99,1286.31,1243.02,3.46
2001-05-17,SPX,标普500,1284.99,1288.49,1296.34,1282.75,1.06
2001-05-18,SPX,标普500,1288.49,1291.96,1291.96,1281.14,0.84
2001-05-21,SPX,标普500,1291.96,1312.83,1312.92,1287.83,1.94
2001-05-22,SPX,标普500,1312.83,1309.38,1315.89,1306.95,0.68
2001-05-23,SPX,标普500,1309.38,1289.05,1309.38,1288.91,1.56
2001-05-24,SPX,标普500,1289.05,1293.17,1294.84,1281.3,1.05
2001-05-25,SPX,标普500,1293.17,1277.89,1293.3,1276.51,1.3
2001-05-29,SPX,标普500,1277.89,1267.93,1278.31,1265.47,1.0
2001-05-30,SPX,标普500,1267.93,1248.08,1267.93,1245.97,1.73
2001-05-31,SPX,标普500,1248.08,1255.82,1261.91,1248.08,1.11
2001-06-01,SPX,标普500,1255.82,1260.67,1265.3,1246.84,1.47
2001-06-04,SPX,标普500,1260.67,1267.11,1267.12,1256.6,0.83
2001-06-05,SPX,标普500,1267.11,1283.57,1286.54,1267.11,1.53
2001-06-06,SPX,标普500,1283.57,1270.03,1283.57,1269.07,1.13
2001-06-07,SPX,标普500,1270.03,1276.96,1277.17,1265.14,0.95
2001-06-08,SPX,标普500,1276.96,1264.96,1277.08,1260.0,1.34
2001-06-11,SPX,标普500,1264.96,1254.39,1264.96,1249.24,1.24
2001-06-12,SPX,标普500,1254.39,1255.85,1260.96,1235.78,2.01
2001-06-13,SPX,标普500,1255.85,1241.6,1259.72,1241.59,1.44
2001-06-14,SPX,标普500,1241.6,1219.87,1241.6,1218.93,1.83
2001-06-15,SPX,标普500,1219.87,1214.36,1221.51,1203.26,1.5
2001-06-18,SPX,标普500,1214.36,1208.43,1221.2,1208.41,1.05
2001-06-19,SPX,标普500,1208.43,1212.58,1226.0,1207.73,1.51
2001-06-20,SPX,标普500,1212.58,1223.14,1225.6,1210.08,1.28
2001-06-21,SPX,标普500,1223.14,1237.04,1240.22,1220.33,1.63
2001-06-22,SPX,标普500,1237.04,1225.35,1237.86,1221.68,1.31
2001-06-25,SPX,标普500,1225.35,1218.6,1231.43,1213.59,1.46
2001-06-26,SPX,标普500,1218.6,1216.76,1220.65,1204.76,1.3
2001-06-27,SPX,标普500,1216.76,1211.07,1219.93,1207.36,1.03
2001-06-28,SPX,标普500,1211.07,1226.23,1234.33,1211.07,1.92
2001-06-29,SPX,标普500,1226.2,1224.55,1237.16,1221.25,1.3
2001-07-02,SPX,标普500,1224.42,1236.72,1239.73,1224.2,1.27
2001-07-03,SPX,标普500,1236.71,1234.45,1236.71,1229.56,0.58
2001-07-05,SPX,标普500,1234.45,1219.24,1234.45,1219.18,1.24
2001-07-06,SPX,标普500,1219.24,1190.59,1219.24,1188.74,2.5
2001-07-09,SPX,标普500,1190.59,1198.78,1201.74,1190.01,0.99
2001-07-10,SPX,标普500,1198.78,1181.52,1203.3,1180.28,1.92
2001-07-11,SPX,标普500,1181.52,1180.18,1184.92,1168.52,1.39
2001-07-12,SPX,标普500,1180.18,1208.14,1210.1,1180.18,2.54
2001-07-13,SPX,标普500,1208.14,1215.68,1218.46,1203.82,1.21
2001-07-16,SPX,标普500,1215.68,1202.45,1219.58,1200.04,1.61
2001-07-17,SPX,标普500,1202.45,1214.44,1215.23,1196.14,1.59
2001-07-18,SPX,标普500,1214.44,1207.71,1214.44,1198.4,1.32
2001-07-19,SPX,标普500,1207.71,1215.02,1224.94,1205.93,1.57
2001-07-20,SPX,标普500,1215.02,1210.85,1215.69,1207.04,0.71
2001-07-23,SPX,标普500,1210.85,1191.03,1215.09,1190.58,2.02
2001-07-24,SPX,标普500,1191.03,1171.65,1191.03,1165.67,2.13
2001-07-25,SPX,标普500,1171.65,1190.49,1190.51,1171.33,1.64
2001-07-26,SPX,标普500,1190.49,1202.93,1204.16,1182.72,1.8
2001-07-27,SPX,标普500,1202.93,1205.82,1209.16,1196.0,1.09
2001-07-30,SPX,标普500,1205.82,1204.52,1209.0,1200.44,0.71
2001-07-31,SPX,标普500,1204.52,1211.23,1222.63,1204.52,1.5
2001-08-01,SPX,标普500,1211.23,1215.93,1222.92,1211.23,0.97
2001-08-02,SPX,标普500,1215.93,1220.75,1226.26,1215.33,0.9
2001-08-03,SPX,标普500,1220.75,1214.35,1220.75,1205.5,1.25
2001-08-06,SPX,标普500,1214.35,1200.48,1214.35,1197.41,1.39
2001-08-07,SPX,标普500,1200.47,1204.4,1207.58,1195.87,0.98
2001-08-08,SPX,标普500,1204.4,1183.53,1206.72,1181.33,2.11
2001-08-09,SPX,标普500,1183.53,1183.43,1184.68,1174.85,0.83
2001-08-10,SPX,标普500,1183.43,1190.16,1193.25,1169.62,2.0
2001-08-13,SPX,标普500,1190.16,1191.29,1193.77,1185.15,0.72
2001-08-14,SPX,标普500,1191.29,1186.73,1198.79,1184.25,1.22
2001-08-15,SPX,标普500,1186.73,1178.02,1191.03,1177.64,1.13
2001-08-16,SPX,标普500,1178.02,1181.66,1181.78,1166.18,1.32
2001-08-17,SPX,标普500,1181.66,1161.97,1181.66,1156.07,2.17
2001-08-20,SPX,标普500,1161.97,1171.41,1171.41,1161.04,0.89
2001-08-21,SPX,标普500,1171.41,1157.26,1179.79,1156.66,1.97
2001-08-22,SPX,标普500,1157.26,1165.31,1168.37,1153.37,1.3
2001-08-23,SPX,标普500,1165.31,1162.09,1169.84,1161.01,0.76
2001-08-24,SPX,标普500,1162.09,1184.93,1185.11,1162.09,1.98
2001-08-27,SPX,标普500,1184.93,1179.21,1186.75,1178.17,0.72
2001-08-28,SPX,标普500,1179.21,1161.51,1179.53,1161.25,1.55
2001-08-29,SPX,标普500,1161.51,1148.6,1166.74,1147.38,1.67
2001-08-30,SPX,标普500,1148.6,1129.03,1151.65,1124.89,2.33
2001-08-31,SPX,标普500,1129.03,1133.58,1141.73,1126.33,1.36
2001-09-04,SPX,标普500,1133.58,1132.94,1155.21,1129.27,2.29
2001-09-05,SPX,标普500,1132.94,1131.74,1135.52,1114.97,1.81
2001-09-06,SPX,标普500,1131.74,1106.4,1131.74,1105.92,2.28
2001-09-07,SPX,标普500,1106.4,1085.78,1106.4,1082.18,2.19
2001-09-10,SPX,标普500,1085.78,1092.54,1096.94,1073.17,2.19
2001-09-17,SPX,标普500,1092.54,1038.77,1092.54,1037.51,5.04
2001-09-18,SPX,标普500,1038.77,1032.74,1046.43,1029.37,1.64
2001-09-19,SPX,标普500,1032.74,1016.1,1038.65,984.74,5.22
2001-09-20,SPX,标普500,1016.1,984.54,1016.1,984.49,3.11
2001-09-21,SPX,标普500,984.54,965.8,984.54,945.06,4.01
2001-09-24,SPX,标普500,965.8,1003.45,1008.41,965.8,4.41
2001-09-25,SPX,标普500,1003.45,1012.27,1017.06,998.42,1.86
2001-09-26,SPX,标普500,1012.27,1007.04,1020.25,1002.73,1.73
2001-09-27,SPX,标普500,1007.04,1018.61,1018.85,998.2,2.05
2001-09-28,SPX,标普500,1018.61,1040.94,1040.94,1018.61,2.19
2001-10-01,SPX,标普500,1040.94,1038.55,1040.94,1026.84,1.35
2001-10-02,SPX,标普500,1038.55,1051.33,1051.33,1034.4,1.63
2001-10-03,SPX,标普500,1051.33,1072.28,1075.45,1041.45,3.23
2001-10-04,SPX,标普500,1072.28,1069.63,1083.95,1068.03,1.48
2001-10-05,SPX,标普500,1069.63,1071.38,1072.27,1053.81,1.73
2001-10-08,SPX,标普500,1071.37,1062.44,1071.37,1056.95,1.35
2001-10-09,SPX,标普500,1062.44,1056.75,1063.36,1053.77,0.9
2001-10-10,SPX,标普500,1056.75,1080.99,1081.56,1053.13,2.69
2001-10-11,SPX,标普500,1080.99,1097.43,1098.9,1080.99,1.66
2001-10-12,SPX,标普500,1097.43,1091.65,1097.43,1072.24,2.3
2001-10-15,SPX,标普500,1091.65,1089.98,1091.65,1078.23,1.23
2001-10-16,SPX,标普500,1089.98,1097.54,1101.31,1087.33,1.28
2001-10-17,SPX,标普500,1097.54,1077.09,1107.06,1076.71,2.77
2001-10-18,SPX,标普500,1077.09,1068.61,1077.5,1064.65,1.19
2001-10-19,SPX,标普500,1068.61,1073.48,1075.37,1057.47,1.68
2001-10-22,SPX,标普500,1073.48,1089.9,1090.52,1070.41,1.87
2001-10-23,SPX,标普500,1089.9,1084.78,1098.88,1081.61,1.58
2001-10-24,SPX,标普500,1084.78,1085.2,1090.24,1080.18,0.93
2001-10-25,SPX,标普500,1085.2,1100.09,1100.09,1065.79,3.16
2001-10-26,SPX,标普500,1100.09,1104.61,1110.49,1094.15,1.49
2001-10-29,SPX,标普500,1104.61,1078.3,1104.61,1078.3,2.38
2001-10-30,SPX,标普500,1078.3,1059.79,1078.3,1053.79,2.27
2001-10-31,SPX,标普500,1059.79,1059.78,1074.64,1057.61,1.61
2001-11-01,SPX,标普500,1059.78,1084.1,1085.63,1054.39,2.95
2001-11-02,SPX,标普500,1084.1,1087.2,1089.51,1075.66,1.28
2001-11-05,SPX,标普500,1087.2,1102.84,1106.64,1087.2,1.79
2001-11-06,SPX,标普500,1102.84,1118.86,1119.7,1095.42,2.2
2001-11-07,SPX,标普500,1118.86,1115.8,1126.59,1113.17,1.2
2001-11-08,SPX,标普500,1115.8,1118.54,1135.73,1115.49,1.81
2001-11-09,SPX,标普500,1118.54,1120.31,1123.12,1111.12,1.07
2001-11-12,SPX,标普500,1120.31,1118.33,1121.71,1098.45,2.08
2001-11-13,SPX,标普500,1118.33,1139.09,1139.15,1118.33,1.86
2001-11-14,SPX,标普500,1139.09,1141.21,1148.17,1132.96,1.34
2001-11-15,SPX,标普500,1141.21,1142.24,1146.31,1135.23,0.97
2001-11-16,SPX,标普500,1142.24,1138.65,1143.5,1129.98,1.18
2001-11-19,SPX,标普500,1138.65,1151.06,1151.06,1138.65,1.09
2001-11-20,SPX,标普500,1151.06,1142.66,1152.4,1142.2,0.89
2001-11-21,SPX,标普500,1142.66,1137.03,1142.66,1129.8,1.13
2001-11-23,SPX,标普500,1137.03,1150.34,1151.03,1135.95,1.33
2001-11-26,SPX,标普500,1150.34,1157.42,1157.82,1146.24,1.01
2001-11-27,SPX,标普500,1157.42,1149.5,1163.33,1140.93,1.94
2001-11-28,SPX,标普500,1149.5,1128.52,1149.5,1128.38,1.84
2001-11-29,SPX,标普500,1128.52,1140.2,1140.24,1125.4,1.31
2001-11-30,SPX,标普500,1140.2,1139.45,1143.35,1136.09,0.64
2001-12-03,SPX,标普500,1139.45,1129.9,1139.45,1125.96,1.18
2001-12-04,SPX,标普500,1129.9,1144.8,1144.8,1128.99,1.4
2001-12-05,SPX,标普500,1144.8,1170.35,1173.57,1144.8,2.51
2001-12-06,SPX,标普500,1170.35,1167.1,1173.4,1164.51,0.76
2001-12-07,SPX,标普500,1167.1,1158.31,1167.1,1152.7,1.23
2001-12-10,SPX,标普500,1158.31,1139.93,1158.31,1139.71,1.61
2001-12-11,SPX,标普500,1139.93,1136.76,1150.85,1134.31,1.45
2001-12-12,SPX,标普500,1136.76,1137.07,1141.51,1126.08,1.36
2001-12-13,SPX,标普500,1137.07,1119.38,1137.07,1118.11,1.67
2001-12-14,SPX,标普500,1119.38,1123.09,1128.21,1114.54,1.22
2001-12-17,SPX,标普500,1123.09,1134.36,1137.3,1122.66,1.3
2001-12-18,SPX,标普500,1134.36,1142.92,1145.09,1134.36,0.95
2001-12-19,SPX,标普500,1142.92,1149.56,1152.47,1134.72,1.55
2001-12-20,SPX,标普500,1149.56,1139.93,1151.31,1139.93,0.99
2001-12-21,SPX,标普500,1139.93,1144.89,1147.86,1139.93,0.7
2001-12-24,SPX,标普500,1144.89,1144.65,1147.84,1144.63,0.28
2001-12-26,SPX,标普500,1144.65,1149.37,1159.17,1144.65,1.27
2001-12-27,SPX,标普500,1149.37,1157.13,1157.13,1149.37,0.68
2001-12-28,SPX,标普500,1157.13,1161.02,1164.64,1157.13,0.65
2001-12-31,SPX,标普500,1161.02,1148.08,1161.08,1148.08,1.12
2002-01-02,SPX,标普500,1148.08,1154.67,1154.67,1136.28,1.6
2002-01-03,SPX,标普500,1154.67,1165.27,1165.27,1154.07,0.97
2002-01-04,SPX,标普500,1165.27,1172.51,1176.43,1163.48,1.11
2002-01-07,SPX,标普500,1172.51,1164.89,1176.88,1163.68,1.13
2002-01-08,SPX,标普500,1164.89,1160.71,1167.45,1157.44,0.86
2002-01-09,SPX,标普500,1160.72,1155.14,1174.19,1151.97,1.91
2002-01-10,SPX,标普500,1155.14,1156.55,1159.85,1150.85,0.78
2002-01-11,SPX,标普500,1156.55,1145.6,1159.49,1145.53,1.21
2002-01-14,SPX,标普500,1145.6,1138.41,1145.6,1138.29,0.64
2002-01-15,SPX,标普500,1138.41,1146.19,1148.83,1136.88,1.05
2002-01-16,SPX,标普500,1146.19,1127.57,1146.19,1127.52,1.63
2002-01-17,SPX,标普500,1127.57,1138.88,1139.26,1127.57,1.04
2002-01-18,SPX,标普500,1138.88,1127.58,1138.88,1124.44,1.27
2002-01-22,SPX,标普500,1127.58,1119.31,1135.28,1118.28,1.51
2002-01-23,SPX,标普500,1119.31,1128.18,1131.95,1117.54,1.29
2002-01-24,SPX,标普500,1128.18,1132.15,1139.41,1128.18,1.0
2002-01-25,SPX,标普500,1132.15,1133.28,1138.29,1127.83,0.92
2002-01-28,SPX,标普500,1133.28,1133.06,1138.43,1126.64,1.04
2002-01-29,SPX,标普500,1133.06,1100.64,1137.46,1098.85,3.41
2002-01-30,SPX,标普500,1100.64,1113.57,1113.7,1082.06,2.87
2002-01-31,SPX,标普500,1113.57,1130.2,1130.21,1113.43,1.51
2002-02-01,SPX,标普500,1130.2,1122.2,1130.2,1118.51,1.03
2002-02-04,SPX,标普500,1122.2,1094.44,1122.2,1092.29,2.67
2002-02-05,SPX,标普500,1094.44,1090.02,1100.73,1082.58,1.66
2002-02-06,SPX,标普500,1090.02,1083.51,1093.42,1077.86,1.43
2002-02-07,SPX,标普500,1083.51,1080.17,1094.09,1078.37,1.45
2002-02-08,SPX,标普500,1080.17,1096.22,1096.32,1079.94,1.52
2002-02-11,SPX,标普500,1096.22,1111.94,1111.97,1094.91,1.56
2002-02-12,SPX,标普500,1111.94,1107.5,1112.67,1102.96,0.87
2002-02-13,SPX,标普500,1107.5,1118.51,1120.46,1107.5,1.17
2002-02-14,SPX,标普500,1118.51,1116.48,1124.76,1112.3,1.11
2002-02-15,SPX,标普500,1116.48,1104.18,1116.92,1103.4,1.21
2002-02-19,SPX,标普500,1104.18,1083.34,1104.18,1082.33,1.98
2002-02-20,SPX,标普500,1083.34,1097.98,1098.25,1074.53,2.19
2002-02-21,SPX,标普500,1097.98,1080.95,1101.48,1080.35,1.92
2002-02-22,SPX,标普500,1080.95,1089.84,1093.86,1074.48,1.79
2002-02-25,SPX,标普500,1089.84,1109.43,1112.69,1089.84,2.1
2002-02-26,SPX,标普500,1109.43,1109.38,1114.92,1101.76,1.19
2002-02-27,SPX,标普500,1109.38,1109.89,1122.87,1102.36,1.85
2002-02-28,SPX,标普500,1109.89,1106.73,1121.54,1106.72,1.34
2002-03-01,SPX,标普500,1106.73,1131.78,1131.79,1106.73,2.26
2002-03-04,SPX,标普500,1131.78,1153.84,1153.84,1131.78,1.95
2002-03-05,SPX,标普500,1153.84,1146.14,1157.69,1144.85,1.11
2002-03-06,SPX,标普500,1146.14,1162.77,1165.28,1145.13,1.76
2002-03-07,SPX,标普500,1162.77,1157.54,1167.9,1150.67,1.48
2002-03-08,SPX,标普500,1157.54,1164.31,1172.67,1157.54,1.31
2002-03-11,SPX,标普500,1164.31,1168.26,1172.95,1159.77,1.13
2002-03-12,SPX,标普500,1168.26,1165.58,1168.26,1154.43,1.18
2002-03-13,SPX,标普500,1165.58,1154.09,1165.58,1151.08,1.24
2002-03-14,SPX,标普500,1154.09,1153.04,1157.76,1151.14,0.57
2002-03-15,SPX,标普500,1153.04,1166.16,1166.45,1153.04,1.16
2002-03-18,SPX,标普500,1166.16,1165.55,1172.75,1159.18,1.16
2002-03-19,SPX,标普500,1165.55,1170.29,1173.89,1165.55,0.72
2002-03-20,SPX,标普500,1170.29,1151.85,1170.29,1151.67,1.59
2002-03-21,SPX,标普500,1151.85,1153.59,1155.12,1139.58,1.35
2002-03-22,SPX,标普500,1153.59,1148.7,1156.48,1144.82,1.01
2002-03-25,SPX,标普500,1148.7,1131.87,1150.89,1131.87,1.66
2002-03-26,SPX,标普500,1131.87,1138.49,1146.98,1131.43,1.37
2002-03-27,SPX,标普500,1138.49,1144.58,1146.85,1135.54,0.99
2002-03-28,SPX,标普500,1144.58,1147.39,1154.4,1144.58,0.86
2002-04-01,SPX,标普500,1147.39,1146.54,1147.75,1133.03,1.28
2002-04-02,SPX,标普500,1146.54,1136.77,1146.54,1135.72,0.94
2002-04-03,SPX,标普500,1136.77,1125.4,1138.75,1119.71,1.67
2002-04-04,SPX,标普500,1125.4,1126.34,1130.41,1120.17,0.91
2002-04-05,SPX,标普500,1126.34,1122.73,1133.01,1119.63,1.19
2002-04-08,SPX,标普500,1122.73,1125.29,1125.41,1111.92,1.2
2002-04-09,SPX,标普500,1125.29,1117.8,1128.36,1116.91,1.02
2002-04-10,SPX,标普500,1117.8,1130.47,1131.74,1117.8,1.25
2002-04-11,SPX,标普500,1130.47,1103.69,1130.47,1102.56,2.47
2002-04-12,SPX,标普500,1103.69,1111.01,1112.78,1102.82,0.9
2002-04-15,SPX,标普500,1111.01,1102.55,1114.81,1099.52,1.38
2002-04-16,SPX,标普500,1102.55,1128.37,1129.34,1102.55,2.43
2002-04-17,SPX,标普500,1128.37,1126.07,1132.94,1123.37,0.85
2002-04-18,SPX,标普500,1126.07,1124.47,1130.53,1109.47,1.87
2002-04-19,SPX,标普500,1124.47,1125.17,1128.82,1122.72,0.54
2002-04-22,SPX,标普500,1125.17,1107.83,1125.17,1105.75,1.73
2002-04-23,SPX,标普500,1107.83,1100.96,1111.12,1099.09,1.09
2002-04-24,SPX,标普500,1100.96,1093.14,1108.45,1092.55,1.44
2002-04-25,SPX,标普500,1093.14,1091.48,1094.2,1084.88,0.85
2002-04-26,SPX,标普500,1091.48,1076.32,1096.63,1076.32,1.86
2002-04-29,SPX,标普500,1076.32,1065.45,1078.96,1063.6,1.43
2002-04-30,SPX,标普500,1065.45,1076.92,1082.54,1063.56,1.78
2002-05-01,SPX,标普500,1076.92,1086.46,1088.15,1065.37,2.12
2002-05-02,SPX,标普500,1086.46,1084.56,1091.2,1079.53,1.07
2002-05-03,SPX,标普500,1084.56,1073.43,1084.56,1068.92,1.44
2002-05-06,SPX,标普500,1073.43,1052.67,1075.94,1052.65,2.17
2002-05-07,SPX,标普500,1052.67,1049.49,1058.61,1049.06,0.91
2002-05-08,SPX,标普500,1049.49,1088.85,1088.85,1049.49,3.75
2002-05-09,SPX,标普500,1088.85,1073.01,1088.85,1072.29,1.52
2002-05-10,SPX,标普500,1073.01,1054.99,1075.42,1054.05,1.99
2002-05-13,SPX,标普500,1054.99,1074.56,1074.85,1053.98,1.98
2002-05-14,SPX,标普500,1074.56,1097.28,1097.73,1074.56,2.16
2002-05-15,SPX,标普500,1097.28,1091.07,1104.23,1089.02,1.39
2002-05-16,SPX,标普500,1091.07,1098.23,1099.17,1089.26,0.91
2002-05-17,SPX,标普500,1098.23,1106.59,1106.59,1096.77,0.89
2002-05-20,SPX,标普500,1106.59,1091.88,1106.59,1090.56,1.45
2002-05-21,SPX,标普500,1091.88,1079.88,1099.38,1079.11,1.86
2002-05-22,SPX,标普500,1079.88,1086.02,1086.02,1075.6,0.96
2002-05-23,SPX,标普500,1086.02,1097.08,1097.1,1080.67,1.51
2002-05-24,SPX,标普500,1097.08,1083.82,1097.08,1082.2,1.36
2002-05-28,SPX,标普500,1083.82,1074.55,1085.83,1070.35,1.43
2002-05-29,SPX,标普500,1074.55,1067.66,1074.78,1067.66,0.66
2002-05-30,SPX,标普500,1067.66,1064.66,1069.36,1054.49,1.39
2002-05-31,SPX,标普500,1064.66,1067.14,1079.83,1064.66,1.42
2002-06-03,SPX,标普500,1067.14,1040.68,1070.66,1039.91,2.88
2002-06-04,SPX,标普500,1040.68,1040.69,1046.01,1030.64,1.48
2002-06-05,SPX,标普500,1040.69,1049.9,1050.05,1038.92,1.07
2002-06-06,SPX,标普500,1049.9,1029.15,1049.9,1026.91,2.19
2002-06-07,SPX,标普500,1029.15,1027.53,1033.02,1012.45,2.0
2002-06-10,SPX,标普500,1027.53,1030.74,1038.08,1025.57,1.22
2002-06-11,SPX,标普500,1030.74,1013.6,1038.95,1013.01,2.52
2002-06-12,SPX,标普500,1013.6,1020.26,1021.86,1002.61,1.9
2002-06-13,SPX,标普500,1020.26,1009.56,1023.37,1008.09,1.5
2002-06-14,SPX,标普500,1009.56,1007.27,1009.56,981.72,2.76
2002-06-17,SPX,标普500,1007.27,1036.17,1036.17,1007.27,2.87
2002-06-18,SPX,标普500,1036.17,1037.11,1040.78,1031.04,0.94
2002-06-19,SPX,标普500,1037.14,1019.99,1037.51,1017.93,1.89
2002-06-20,SPX,标普500,1019.99,1006.29,1023.18,1004.69,1.81
2002-06-21,SPX,标普500,1006.29,989.13,1006.29,985.66,2.05
2002-06-24,SPX,标普500,989.14,992.72,1001.95,970.9,3.14
2002-06-25,SPX,标普500,992.72,976.14,1005.9,974.09,3.2
2002-06-26,SPX,标普500,976.14,973.53,977.29,953.08,2.48
2002-06-27,SPX,标普500,973.53,990.64,990.65,963.93,2.74
2002-06-28,SPX,标普500,990.64,989.82,1001.78,988.57,1.33
2002-07-01,SPX,标普500,989.82,968.64,994.35,967.52,2.71
2002-07-02,SPX,标普500,968.65,948.09,968.65,945.65,2.37
2002-07-03,SPX,标普500,948.09,953.99,954.2,934.88,2.04
2002-07-05,SPX,标普500,953.99,989.03,989.07,953.99,3.68
2002-07-08,SPX,标普500,989.03,976.98,993.59,973.04,2.08
2002-07-09,SPX,标普500,976.98,952.83,979.69,951.78,2.86
2002-07-10,SPX,标普500,952.83,920.47,956.04,920.31,3.75
2002-07-11,SPX,标普500,920.47,927.37,928.99,901.01,3.04
2002-07-12,SPX,标普500,927.37,921.39,934.07,913.71,2.2
2002-07-15,SPX,标普500,921.39,917.94,921.39,876.57,4.86
2002-07-16,SPX,标普500,917.93,901.05,918.69,897.28,2.33
2002-07-17,SPX,标普500,901.05,906.04,926.55,895.39,3.46
2002-07-18,SPX,标普500,906.04,881.56,907.66,880.71,2.97
2002-07-19,SPX,标普500,881.56,847.75,881.56,842.14,4.47
2002-07-22,SPX,标普500,847.76,819.85,853.9,813.54,4.76
2002-07-23,SPX,标普500,819.85,797.7,827.63,796.24,3.83
2002-07-24,SPX,标普500,797.71,843.42,844.2,775.96,8.55
2002-07-25,SPX,标普500,843.42,838.68,853.72,816.16,4.45
2002-07-26,SPX,标普500,838.68,852.84,852.84,836.22,1.98
2002-07-29,SPX,标普500,852.84,898.96,898.96,852.84,5.41
2002-07-30,SPX,标普500,898.96,902.78,909.69,884.93,2.75
2002-07-31,SPX,标普500,902.78,911.62,911.63,889.87,2.41
2002-08-01,SPX,标普500,911.62,884.66,911.62,882.56,3.19
2002-08-02,SPX,标普500,884.66,864.24,884.7,853.99,3.47
2002-08-05,SPX,标普500,864.24,834.6,864.24,833.44,3.56
2002-08-06,SPX,标普500,834.6,859.57,874.18,834.6,4.74
2002-08-07,SPX,标普500,859.57,876.77,878.49,854.23,2.82
2002-08-08,SPX,标普500,876.77,905.46,905.86,875.16,3.5
2002-08-09,SPX,标普500,905.46,908.64,913.89,890.84,2.55
2002-08-12,SPX,标普500,908.64,903.8,908.64,892.49,1.78
2002-08-13,SPX,标普500,903.8,884.22,911.75,883.68,3.11
2002-08-14,SPX,标普500,884.21,919.62,920.13,876.2,4.97
2002-08-15,SPX,标普500,919.62,930.25,932.43,918.23,1.54
2002-08-16,SPX,标普500,930.25,928.77,935.37,916.56,2.02
2002-08-19,SPX,标普500,928.77,950.7,951.13,927.3,2.57
2002-08-20,SPX,标普500,950.7,937.43,950.7,931.88,1.98
2002-08-21,SPX,标普500,937.43,949.37,951.44,931.34,2.14
2002-08-22,SPX,标普500,949.37,962.7,964.84,946.87,1.89
2002-08-23,SPX,标普500,962.7,940.86,962.7,937.17,2.65
2002-08-26,SPX,标普500,940.86,947.95,950.64,930.5,2.14
2002-08-27,SPX,标普500,947.95,934.82,955.46,930.33,2.65
2002-08-28,SPX,标普500,934.82,917.87,934.82,913.39,2.29
2002-08-29,SPX,标普500,917.87,917.8,924.61,903.3,2.32
2002-08-30,SPX,标普500,917.8,916.07,928.07,910.17,1.95
2002-09-03,SPX,标普500,916.07,878.02,916.07,877.54,4.21
2002-09-04,SPX,标普500,878.02,893.41,896.1,875.86,2.31
2002-09-05,SPX,标普500,893.41,879.15,893.41,870.55,2.56
2002-09-06,SPX,标普500,879.15,893.92,899.01,879.15,2.26
2002-09-09,SPX,标普500,893.92,902.96,907.19,883.12,2.69
2002-09-10,SPX,标普500,902.96,909.58,909.9,900.52,1.04
2002-09-11,SPX,标普500,909.58,909.45,923.98,908.5,1.7
2002-09-12,SPX,标普500,909.45,886.91,909.45,884.9,2.7
2002-09-13,SPX,标普500,886.91,889.81,892.5,877.17,1.73
2002-09-16,SPX,标普500,889.81,891.1,891.65,879.17,1.4
2002-09-17,SPX,标普500,891.1,873.52,902.63,872.4,3.39
2002-09-18,SPX,标普500,873.52,869.46,878.3,857.4,2.39
2002-09-19,SPX,标普500,869.46,843.32,869.46,843.11,3.03
2002-09-20,SPX,标普500,843.32,845.39,849.35,839.22,1.2
2002-09-23,SPX,标普500,845.39,833.7,845.39,825.81,2.32
2002-09-24,SPX,标普500,833.7,819.27,833.7,817.65,1.93
2002-09-25,SPX,标普500,819.27,839.66,843.92,818.52,3.1
2002-09-26,SPX,标普500,839.66,854.95,856.59,839.66,2.02
2002-09-27,SPX,标普500,854.95,827.37,854.95,826.91,3.28
2002-09-30,SPX,标普500,827.37,815.28,827.37,800.26,3.28
2002-10-01,SPX,标普500,815.28,847.91,847.93,812.83,4.31
2002-10-02,SPX,标普500,847.91,827.91,851.91,826.6,2.98
2002-10-03,SPX,标普500,827.91,818.95,839.76,817.46,2.69
2002-10-04,SPX,标普500,818.95,800.58,825.86,794.17,3.87
2002-10-07,SPX,标普500,800.58,785.28,808.18,783.06,3.14
2002-10-08,SPX,标普500,785.28,798.55,808.79,779.55,3.72
2002-10-09,SPX,标普500,798.55,776.76,798.55,775.86,2.84
2002-10-10,SPX,标普500,776.76,803.92,806.48,768.67,4.87
2002-10-11,SPX,标普500,803.92,835.32,843.1,803.92,4.87
2002-10-14,SPX,标普500,835.32,841.44,844.44,828.48,1.91
2002-10-15,SPX,标普500,841.44,881.27,881.27,841.44,4.73
2002-10-16,SPX,标普500,881.27,860.02,881.27,856.28,2.84
2002-10-17,SPX,标普500,860.02,879.2,885.3,860.02,2.94
2002-10-18,SPX,标普500,879.2,884.39,886.47,866.66,2.25
2002-10-21,SPX,标普500,884.39,899.72,900.67,873.16,3.11
2002-10-22,SPX,标普500,899.72,890.16,899.72,882.48,1.92
2002-10-23,SPX,标普500,890.16,896.14,896.14,873.89,2.5
2002-10-24,SPX,标普500,896.14,882.5,902.88,879.03,2.66
2002-10-25,SPX,标普500,882.5,897.65,897.65,877.18,2.32
2002-10-28,SPX,标普500,897.65,890.23,907.51,886.16,2.38
2002-10-29,SPX,标普500,890.23,882.15,890.59,867.96,2.54
2002-10-30,SPX,标普500,882.15,890.71,895.09,879.27,1.79
2002-10-31,SPX,标普500,890.71,885.76,898.58,879.75,2.11
2002-11-01,SPX,标普500,885.76,900.96,903.26,877.82,2.87
2002-11-04,SPX,标普500,900.96,908.35,924.55,900.96,2.62
2002-11-05,SPX,标普500,908.35,915.39,915.82,905.03,1.19
2002-11-06,SPX,标普500,915.39,923.76,925.67,905.49,2.2
2002-11-07,SPX,标普500,923.76,902.65,923.76,898.72,2.71
2002-11-08,SPX,标普500,902.65,894.74,910.1,891.66,2.04
2002-11-11,SPX,标普500,894.74,876.19,894.74,874.66,2.24
2002-11-12,SPX,标普500,876.19,882.95,894.24,876.19,2.06
2002-11-13,SPX,标普500,882.95,882.53,892.32,872.16,2.28
2002-11-14,SPX,标普500,882.53,904.27,904.27,882.53,2.46
2002-11-15,SPX,标普500,904.27,909.83,910.18,895.4,1.63
2002-11-18,SPX,标普500,909.83,900.36,915.91,899.51,1.8
2002-11-19,SPX,标普500,900.36,896.74,905.36,893.1,1.36
2002-11-20,SPX,标普500,896.74,914.15,914.99,894.95,2.23
2002-11-21,SPX,标普500,914.15,933.76,935.13,914.15,2.3
2002-11-22,SPX,标普500,933.76,930.55,937.27,928.42,0.95
2002-11-25,SPX,标普500,930.55,932.87,937.07,923.43,1.47
2002-11-26,SPX,标普500,932.87,913.31,932.87,912.11,2.23
2002-11-27,SPX,标普500,913.31,938.87,940.42,913.31,2.97
2002-11-29,SPX,标普500,938.87,936.31,941.76,935.7,0.65
2002-12-02,SPX,标普500,936.31,934.53,954.32,927.73,2.84
2002-12-03,SPX,标普500,934.53,920.75,934.53,918.78,1.69
2002-12-04,SPX,标普500,920.75,917.57,925.28,909.71,1.69
2002-12-05,SPX,标普500,917.58,906.55,921.54,905.93,1.7
2002-12-06,SPX,标普500,906.55,912.23,915.2,895.97,2.12
2002-12-09,SPX,标普500,912.23,892.0,912.23,892.0,2.22
2002-12-10,SPX,标普500,892.0,904.45,904.94,892.0,1.45
2002-12-11,SPX,标普500,904.45,904.96,909.89,896.72,1.46
2002-12-12,SPX,标普500,904.96,901.58,908.32,896.99,1.25
2002-12-13,SPX,标普500,901.58,889.48,901.58,888.84,1.41
2002-12-16,SPX,标普500,889.48,910.4,910.43,889.48,2.36
2002-12-17,SPX,标普500,910.4,902.99,911.06,901.76,1.02
2002-12-18,SPX,标普500,902.99,891.12,902.99,887.97,1.66
2002-12-19,SPX,标普500,891.12,884.25,899.12,880.36,2.11
2002-12-20,SPX,标普500,884.25,895.82,897.75,884.25,1.53
2002-12-23,SPX,标普500,895.74,897.38,902.42,892.27,1.13
2002-12-24,SPX,标普500,897.38,892.47,897.38,892.32,0.56
2002-12-26,SPX,标普500,892.47,889.66,903.77,887.51,1.82
2002-12-27,SPX,标普500,889.66,875.4,890.42,873.67,1.88
2002-12-30,SPX,标普500,875.4,879.39,882.03,870.29,1.34
2002-12-31,SPX,标普500,879.39,879.82,881.83,869.43,1.41
2003-01-02,SPX,标普500,879.82,909.03,909.03,879.82,3.32
2003-01-03,SPX,标普500,909.03,908.59,910.99,903.23,0.85
2003-01-06,SPX,标普500,908.59,929.01,931.7,908.59,2.54
2003-01-07,SPX,标普500,929.01,922.93,930.65,919.98,1.15
2003-01-08,SPX,标普500,922.93,909.93,922.93,908.35,1.58
2003-01-09,SPX,标普500,909.93,927.57,928.28,909.93,2.02
2003-01-10,SPX,标普500,927.58,927.57,932.76,917.75,1.62
2003-01-13,SPX,标普500,927.57,926.26,935.06,922.04,1.4
2003-01-14,SPX,标普500,926.26,931.66,931.66,921.89,1.05
2003-01-15,SPX,标普500,931.66,918.22,932.57,916.81,1.69
2003-01-16,SPX,标普500,918.22,914.6,925.97,911.99,1.52
2003-01-17,SPX,标普500,914.6,901.78,914.6,899.07,1.7
2003-01-21,SPX,标普500,901.78,887.62,906.01,887.62,2.04
2003-01-22,SPX,标普500,887.62,878.37,889.47,877.65,1.33
2003-01-23,SPX,标普500,878.36,887.34,890.14,876.96,1.5
2003-01-24,SPX,标普500,887.34,861.4,887.34,859.82,3.1
2003-01-27,SPX,标普500,861.4,847.48,863.92,844.31,2.28
2003-01-28,SPX,标普500,847.48,858.56,860.52,847.48,1.54
2003-01-29,SPX,标普500,858.54,864.36,868.56,846.04,2.62
2003-01-30,SPX,标普500,864.36,844.62,865.2,843.93,2.46
2003-01-31,SPX,标普500,844.61,855.7,858.29,840.28,2.13
2003-02-03,SPX,标普500,855.7,860.32,864.67,855.7,1.05
2003-02-04,SPX,标普500,860.32,848.2,860.32,840.34,2.32
2003-02-05,SPX,标普500,848.2,843.59,861.43,842.2,2.27
2003-02-06,SPX,标普500,843.59,838.15,844.26,833.51,1.27
2003-02-07,SPX,标普500,838.15,829.69,845.58,826.7,2.25
2003-02-10,SPX,标普500,829.69,835.97,837.02,823.58,1.62
2003-02-11,SPX,标普500,835.97,829.2,843.0,825.1,2.14
2003-02-12,SPX,标普500,829.2,818.68,832.04,818.5,1.63
2003-02-13,SPX,标普500,818.68,817.37,820.84,806.32,1.77
2003-02-14,SPX,标普500,817.37,834.89,834.89,815.05,2.43
2003-02-18,SPX,标普500,834.89,851.17,852.92,834.89,2.16
2003-02-19,SPX,标普500,851.17,845.13,851.17,839.03,1.43
2003-02-20,SPX,标普500,845.13,837.1,849.18,836.59,1.49
2003-02-21,SPX,标普500,837.1,848.17,852.1,831.87,2.42
2003-02-24,SPX,标普500,848.17,832.58,848.17,832.18,1.89
2003-02-25,SPX,标普500,832.58,838.57,839.57,818.52,2.53
2003-02-26,SPX,标普500,838.57,827.55,839.98,826.77,1.58
2003-02-27,SPX,标普500,827.55,837.28,842.07,827.55,1.75
2003-02-28,SPX,标普500,837.28,841.15,846.99,837.28,1.16
2003-03-03,SPX,标普500,841.15,834.81,852.25,832.74,2.32
2003-03-04,SPX,标普500,834.81,821.99,835.25,821.97,1.59
2003-03-05,SPX,标普500,821.99,829.85,829.87,819.16,1.3
2003-03-06,SPX,标普500,829.85,822.1,829.85,819.96,1.19
2003-03-07,SPX,标普500,822.1,828.89,829.42,811.35,2.2
2003-03-10,SPX,标普500,828.89,807.48,828.89,806.62,2.69
2003-03-11,SPX,标普500,807.48,800.73,813.85,800.33,1.67
2003-03-12,SPX,标普500,800.73,804.19,804.19,788.94,1.9
2003-03-13,SPX,标普500,804.19,831.9,832.02,804.19,3.46
2003-03-14,SPX,标普500,831.89,833.26,841.33,828.35,1.56
2003-03-17,SPX,标普500,833.27,862.79,862.79,827.15,4.28
2003-03-18,SPX,标普500,862.79,866.45,866.9,857.64,1.07
2003-03-19,SPX,标普500,866.45,874.02,874.96,861.24,1.58
2003-03-20,SPX,标普500,874.02,875.67,879.62,859.07,2.35
2003-03-21,SPX,标普500,875.84,895.89,895.89,875.84,2.29
2003-03-24,SPX,标普500,895.79,864.23,895.79,862.18,3.75
2003-03-25,SPX,标普500,864.23,874.74,879.82,862.56,2.0
2003-03-26,SPX,标普500,874.74,869.95,875.81,866.63,1.05
2003-03-27,SPX,标普500,869.95,868.52,874.15,858.06,1.85
2003-03-28,SPX,标普500,868.52,863.5,869.84,860.85,1.04
2003-03-31,SPX,标普500,863.5,848.18,863.5,843.71,2.29
2003-04-01,SPX,标普500,848.18,858.48,861.26,847.95,1.57
2003-04-02,SPX,标普500,858.48,880.9,884.57,858.48,3.04
2003-04-03,SPX,标普500,880.9,876.45,885.77,876.21,1.09
2003-04-04,SPX,标普500,876.45,878.85,882.52,874.32,0.94
2003-04-07,SPX,标普500,878.85,879.93,904.76,878.85,2.95
2003-04-08,SPX,标普500,879.93,878.29,882.75,874.88,0.89
2003-04-09,SPX,标普500,878.29,865.99,887.1,865.77,2.43
2003-04-10,SPX,标普500,865.99,871.58,871.68,862.76,1.03
2003-04-11,SPX,标普500,871.58,868.3,883.07,866.0,1.96
2003-04-14,SPX,标普500,868.3,885.23,885.26,868.3,1.95
2003-04-15,SPX,标普500,885.23,890.81,891.23,881.83,1.06
2003-04-16,SPX,标普500,890.81,879.91,896.77,877.93,2.11
2003-04-17,SPX,标普500,879.91,893.58,893.83,879.2,1.66
2003-04-21,SPX,标普500,893.58,892.01,898.01,888.17,1.1
2003-04-22,SPX,标普500,892.01,911.37,911.74,886.7,2.81
2003-04-23,SPX,标普500,911.37,919.02,919.74,909.89,1.08
2003-04-24,SPX,标普500,919.02,911.43,919.02,906.69,1.34
2003-04-25,SPX,标普500,911.43,898.81,911.43,897.52,1.53
2003-04-28,SPX,标普500,898.81,914.84,918.15,898.81,2.15
2003-04-29,SPX,标普500,914.84,917.84,924.24,911.1,1.44
2003-04-30,SPX,标普500,917.84,916.92,922.01,911.7,1.12
2003-05-01,SPX,标普500,916.92,916.3,919.68,902.83,1.84
2003-05-02,SPX,标普500,916.3,930.08,930.56,912.35,1.99
2003-05-05,SPX,标普500,930.08,926.55,933.88,924.55,1.0
2003-05-06,SPX,标普500,926.55,934.39,939.61,926.38,1.43
2003-05-07,SPX,标普500,934.39,929.62,937.22,926.41,1.16
2003-05-08,SPX,标普500,929.62,920.27,929.62,919.72,1.06
2003-05-09,SPX,标普500,920.27,933.41,933.77,920.27,1.47
2003-05-12,SPX,标普500,933.41,945.11,946.84,929.3,1.88
2003-05-13,SPX,标普500,945.11,942.3,947.51,938.91,0.91
2003-05-14,SPX,标普500,942.3,939.28,947.29,935.24,1.28
2003-05-15,SPX,标普500,939.28,946.67,948.23,938.79,1.01
2003-05-16,SPX,标普500,943.62,944.3,948.65,938.6,1.06
2003-05-19,SPX,标普500,944.3,920.77,944.3,920.23,2.55
2003-05-20,SPX,标普500,920.77,919.73,925.34,912.05,1.44
2003-05-21,SPX,标普500,919.73,923.42,923.85,914.91,0.97
2003-05-22,SPX,标普500,923.42,931.87,935.3,922.54,1.38
2003-05-23,SPX,标普500,931.87,933.22,935.2,927.42,0.83
2003-05-27,SPX,标普500,933.22,951.48,952.76,927.33,2.72
2003-05-28,SPX,标普500,951.48,953.22,959.39,950.12,0.97
2003-05-29,SPX,标普500,953.22,949.64,962.08,946.23,1.66
2003-05-30,SPX,标普500,949.64,963.59,965.38,949.64,1.66
2003-06-02,SPX,标普500,963.59,967.0,979.11,963.59,1.61
2003-06-03,SPX,标普500,967.0,971.56,973.02,964.47,0.88
2003-06-04,SPX,标普500,971.56,986.24,987.85,970.72,1.76
2003-06-05,SPX,标普500,986.24,990.14,990.14,978.13,1.22
2003-06-06,SPX,标普500,990.14,987.76,1007.69,986.01,2.19
2003-06-09,SPX,标普500,987.76,975.93,987.76,972.59,1.54
2003-06-10,SPX,标普500,975.93,984.84,984.84,975.93,0.91
2003-06-11,SPX,标普500,984.84,997.48,997.48,981.61,1.61
2003-06-12,SPX,标普500,997.48,998.51,1002.74,991.27,1.15
2003-06-13,SPX,标普500,998.51,988.61,1000.92,984.27,1.67
2003-06-16,SPX,标普500,988.61,1010.74,1010.86,988.61,2.25
2003-06-17,SPX,标普500,1010.74,1011.66,1015.33,1007.04,0.82
2003-06-18,SPX,标普500,1011.66,1010.09,1015.12,1004.61,1.04
2003-06-19,SPX,标普500,1010.09,994.7,1011.22,993.08,1.8
2003-06-20,SPX,标普500,994.7,995.69,1002.09,993.36,0.88
2003-06-23,SPX,标普500,995.69,981.64,995.69,977.4,1.84
2003-06-24,SPX,标普500,981.64,983.45,987.84,979.08,0.89
2003-06-25,SPX,标普500,983.45,975.32,991.64,974.86,1.71
2003-06-26,SPX,标普500,975.32,985.82,986.53,973.8,1.31
2003-06-27,SPX,标普500,985.82,976.22,988.88,974.29,1.48
2003-06-30,SPX,标普500,976.22,974.5,983.61,973.6,1.03
2003-07-01,SPX,标普500,974.5,982.32,983.26,962.1,2.17
2003-07-02,SPX,标普500,982.32,993.75,993.78,982.32,1.17
2003-07-03,SPX,标普500,993.75,985.7,995.0,983.34,1.17
2003-07-07,SPX,标普500,985.7,1004.42,1005.56,985.7,2.01
2003-07-08,SPX,标普500,1004.42,1007.84,1008.92,998.73,1.01
2003-07-09,SPX,标普500,1007.84,1002.21,1010.43,998.17,1.22
2003-07-10,SPX,标普500,1002.21,988.7,1002.21,983.63,1.85
2003-07-11,SPX,标普500,988.7,998.14,1000.86,988.7,1.23
2003-07-14,SPX,标普500,998.14,1003.86,1015.41,998.14,1.73
2003-07-15,SPX,标普500,1003.86,1000.42,1009.61,996.67,1.29
2003-07-16,SPX,标普500,1000.42,994.0,1003.37,989.36,1.4
2003-07-17,SPX,标普500,994.0,981.73,994.0,978.6,1.55
2003-07-18,SPX,标普500,981.73,993.32,994.25,981.7,1.28
2003-07-21,SPX,标普500,993.32,978.8,993.32,975.63,1.78
2003-07-22,SPX,标普500,978.8,988.11,990.29,976.08,1.45
2003-07-23,SPX,标普500,988.11,988.61,989.86,979.79,1.02
2003-07-24,SPX,标普500,988.61,981.6,998.89,981.07,1.8
2003-07-25,SPX,标普500,981.6,998.68,998.71,977.42,2.17
2003-07-28,SPX,标普500,998.68,996.52,1000.68,993.59,0.71
2003-07-29,SPX,标普500,996.52,989.28,998.64,984.15,1.45
2003-07-30,SPX,标普500,989.28,987.49,992.62,985.96,0.67
2003-07-31,SPX,标普500,987.49,990.31,1004.59,987.49,1.73
2003-08-01,SPX,标普500,990.31,980.15,990.31,978.86,1.16
2003-08-04,SPX,标普500,980.15,982.82,985.75,966.79,1.93
2003-08-05,SPX,标普500,982.82,965.46,982.82,964.97,1.82
2003-08-06,SPX,标普500,965.46,967.08,975.74,960.84,1.54
2003-08-07,SPX,标普500,967.08,974.12,974.89,963.82,1.14
2003-08-08,SPX,标普500,974.12,977.59,980.57,973.83,0.69
2003-08-11,SPX,标普500,977.59,980.59,985.46,974.21,1.15
2003-08-12,SPX,标普500,980.59,990.35,990.41,979.9,1.07
2003-08-13,SPX,标普500,990.35,984.03,992.5,980.85,1.18
2003-08-14,SPX,标普500,984.03,990.51,991.91,980.36,1.17
2003-08-15,SPX,标普500,987.98,990.67,992.39,987.1,0.53
2003-08-18,SPX,标普500,990.67,999.74,1000.35,990.67,0.98
2003-08-19,SPX,标普500,999.74,1002.35,1003.3,995.3,0.8
2003-08-20,SPX,标普500,1002.35,1000.3,1003.54,996.62,0.69
2003-08-21,SPX,标普500,1000.3,1003.27,1009.53,999.33,1.02
2003-08-22,SPX,标普500,1003.27,993.06,1011.01,992.62,1.83
2003-08-25,SPX,标普500,993.06,993.71,993.71,987.91,0.58
2003-08-26,SPX,标普500,993.71,996.73,997.93,983.57,1.45
2003-08-27,SPX,标普500,996.73,996.79,998.05,993.33,0.47
2003-08-28,SPX,标普500,996.79,1002.84,1004.12,991.42,1.27
2003-08-29,SPX,标普500,1002.84,1008.01,1008.85,999.52,0.93
2003-09-02,SPX,标普500,1008.01,1021.99,1022.59,1005.67,1.68
2003-09-03,SPX,标普500,1021.99,1026.27,1029.34,1021.99,0.72
2003-09-04,SPX,标普500,1026.27,1027.97,1029.17,1022.19,0.68
2003-09-05,SPX,标普500,1027.97,1021.39,1029.21,1018.19,1.07
2003-09-08,SPX,标普500,1021.39,1031.64,1032.41,1021.39,1.08
2003-09-09,SPX,标普500,1031.64,1023.17,1031.64,1021.14,1.02
2003-09-10,SPX,标普500,1023.17,1010.92,1023.17,1009.74,1.31
2003-09-11,SPX,标普500,1010.92,1016.42,1020.88,1010.92,0.99
2003-09-12,SPX,标普500,1016.42,1018.63,1019.65,1007.71,1.17
2003-09-15,SPX,标普500,1018.63,1014.81,1019.79,1013.59,0.61
2003-09-16,SPX,标普500,1014.81,1029.32,1029.66,1014.81,1.46
2003-09-17,SPX,标普500,1029.32,1025.97,1031.34,1024.53,0.66
2003-09-18,SPX,标普500,1025.97,1039.58,1040.16,1025.75,1.4
2003-09-19,SPX,标普500,1039.58,1036.3,1040.29,1031.89,0.81
2003-09-22,SPX,标普500,1036.3,1022.82,1036.3,1018.3,1.74
2003-09-23,SPX,标普500,1022.82,1029.03,1030.12,1021.54,0.84
2003-09-24,SPX,标普500,1029.03,1009.38,1029.83,1008.93,2.03
2003-09-25,SPX,标普500,1009.38,1003.27,1015.97,1003.26,1.26
2003-09-26,SPX,标普500,1003.27,996.85,1003.45,996.08,0.73
2003-09-29,SPX,标普500,996.85,1006.58,1006.89,995.31,1.16
2003-09-30,SPX,标普500,1006.58,995.97,1006.58,990.36,1.61
2003-10-01,SPX,标普500,995.97,1018.22,1018.22,995.97,2.23
2003-10-02,SPX,标普500,1018.22,1020.24,1021.87,1013.38,0.83
2003-10-03,SPX,标普500,1020.24,1029.85,1039.31,1020.24,1.87
2003-10-06,SPX,标普500,1029.85,1034.35,1036.48,1029.15,0.71
2003-10-07,SPX,标普500,1034.35,1039.25,1039.25,1026.19,1.26
2003-10-08,SPX,标普500,1039.25,1033.78,1040.08,1030.96,0.88
2003-10-09,SPX,标普500,1033.78,1038.73,1048.28,1033.78,1.4
2003-10-10,SPX,标普500,1038.73,1038.06,1040.84,1035.74,0.49
2003-10-13,SPX,标普500,1038.06,1045.35,1048.9,1038.06,1.04
2003-10-14,SPX,标普500,1045.35,1049.48,1049.49,1040.84,0.83
2003-10-15,SPX,标普500,1049.48,1046.76,1053.79,1043.15,1.01
2003-10-16,SPX,标普500,1046.76,1050.07,1052.94,1044.04,0.85
2003-10-17,SPX,标普500,1050.07,1039.32,1051.9,1036.57,1.46
2003-10-20,SPX,标普500,1039.32,1044.68,1044.69,1036.26,0.81
2003-10-21,SPX,标普500,1044.68,1046.03,1048.57,1042.52,0.58
2003-10-22,SPX,标普500,1046.03,1030.36,1046.03,1028.42,1.68
2003-10-23,SPX,标普500,1030.36,1033.77,1035.37,1025.9,0.92
2003-10-24,SPX,标普500,1033.77,1028.91,1033.77,1018.47,1.48
2003-10-27,SPX,标普500,1028.91,1031.13,1037.58,1028.91,0.84
2003-10-28,SPX,标普500,1031.13,1046.79,1046.79,1031.13,1.52
2003-10-29,SPX,标普500,1046.79,1048.11,1049.81,1043.43,0.61
2003-10-30,SPX,标普500,1048.11,1046.94,1052.84,1043.96,0.85
2003-10-31,SPX,标普500,1046.94,1050.71,1053.0,1046.94,0.58
2003-11-03,SPX,标普500,1050.71,1059.02,1061.35,1050.71,1.01
2003-11-04,SPX,标普500,1059.02,1053.25,1059.02,1051.67,0.69
2003-11-05,SPX,标普500,1053.25,1051.81,1054.47,1045.0,0.9
2003-11-06,SPX,标普500,1051.81,1058.05,1058.94,1047.13,1.12
2003-11-07,SPX,标普500,1058.05,1053.21,1062.34,1052.21,0.96
2003-11-10,SPX,标普500,1053.21,1047.11,1053.55,1045.61,0.75
2003-11-11,SPX,标普500,1047.11,1046.57,1048.25,1043.6,0.44
2003-11-12,SPX,标普500,1046.57,1058.56,1059.02,1046.57,1.19
2003-11-13,SPX,标普500,1058.56,1058.41,1059.61,1052.98,0.63
2003-11-14,SPX,标普500,1058.41,1050.35,1063.69,1048.27,1.46
2003-11-17,SPX,标普500,1050.35,1043.63,1050.35,1035.36,1.43
2003-11-18,SPX,标普500,1043.63,1034.15,1048.72,1034.09,1.4
2003-11-19,SPX,标普500,1034.15,1042.44,1043.93,1034.15,0.95
2003-11-20,SPX,标普500,1042.44,1033.65,1046.44,1033.42,1.25
2003-11-21,SPX,标普500,1033.65,1035.28,1037.53,1031.36,0.6
2003-11-24,SPX,标普500,1035.28,1052.08,1052.08,1035.28,1.62
2003-11-25,SPX,标普500,1052.08,1053.89,1057.96,1049.32,0.82
2003-11-26,SPX,标普500,1053.89,1058.45,1058.46,1048.27,0.97
2003-11-28,SPX,标普500,1058.45,1058.2,1060.63,1056.79,0.36
2003-12-01,SPX,标普500,1058.2,1070.12,1070.43,1058.2,1.16
2003-12-02,SPX,标普500,1070.12,1066.62,1071.22,1065.23,0.56
2003-12-03,SPX,标普500,1066.62,1064.73,1074.29,1064.65,0.9
2003-12-04,SPX,标普500,1064.73,1069.72,1070.33,1063.19,0.67
2003-12-05,SPX,标普500,1069.72,1061.5,1069.72,1060.07,0.9
2003-12-08,SPX,标普500,1061.5,1069.3,1069.47,1061.06,0.79
2003-12-09,SPX,标普500,1069.3,1060.18,1071.64,1059.24,1.16
2003-12-10,SPX,标普500,1060.18,1059.05,1062.95,1053.52,0.89
2003-12-11,SPX,标普500,1059.05,1071.22,1073.6,1059.05,1.37
2003-12-12,SPX,标普500,1071.22,1074.14,1074.75,1067.84,0.65
2003-12-15,SPX,标普500,1074.14,1068.04,1082.78,1068.02,1.37
2003-12-16,SPX,标普500,1068.04,1075.13,1075.98,1068.04,0.74
2003-12-17,SPX,标普500,1075.13,1076.48,1076.52,1071.22,0.49
2003-12-18,SPX,标普500,1076.48,1089.18,1089.43,1076.48,1.2
2003-12-19,SPX,标普500,1089.18,1088.66,1091.05,1084.23,0.63
2003-12-22,SPX,标普500,1088.66,1092.94,1092.94,1086.19,0.62
2003-12-23,SPX,标普500,1092.94,1096.02,1096.83,1091.77,0.46
2003-12-24,SPX,标普500,1096.02,1094.04,1096.36,1092.75,0.33
2003-12-26,SPX,标普500,1094.04,1095.89,1098.48,1094.04,0.41
2003-12-29,SPX,标普500,1095.89,1109.48,1109.48,1095.89,1.24
2003-12-30,SPX,标普500,1109.48,1109.64,1109.76,1106.41,0.3
2003-12-31,SPX,标普500,1109.64,1111.92,1112.54,1106.23,0.57
2004-01-02,SPX,标普500,1111.92,1108.48,1118.71,1105.21,1.21
2004-01-05,SPX,标普500,1108.48,1122.22,1122.22,1108.48,1.24
2004-01-06,SPX,标普500,1122.22,1123.67,1124.38,1118.47,0.53
2004-01-07,SPX,标普500,1123.67,1126.33,1126.33,1116.49,0.88
2004-01-08,SPX,标普500,1126.33,1131.92,1131.92,1124.93,0.62
2004-01-09,SPX,标普500,1131.92,1121.86,1131.92,1121.02,0.96
2004-01-12,SPX,标普500,1121.86,1127.23,1127.84,1120.98,0.61
2004-01-13,SPX,标普500,1127.23,1121.22,1129.07,1115.19,1.23
2004-01-14,SPX,标普500,1121.22,1130.52,1130.74,1121.22,0.85
2004-01-15,SPX,标普500,1130.52,1132.05,1137.08,1124.56,1.11
2004-01-16,SPX,标普500,1132.05,1139.83,1139.83,1132.05,0.69
2004-01-20,SPX,标普500,1139.83,1138.77,1142.56,1135.43,0.63
2004-01-21,SPX,标普500,1138.77,1147.62,1148.77,1134.6,1.24
2004-01-22,SPX,标普500,1147.62,1143.94,1150.42,1143.03,0.64
2004-01-23,SPX,标普500,1143.94,1141.55,1150.23,1136.92,1.16
2004-01-26,SPX,标普500,1141.55,1155.37,1155.38,1141.14,1.25
2004-01-27,SPX,标普500,1155.37,1144.05,1155.37,1144.05,0.98
2004-01-28,SPX,标普500,1144.05,1128.48,1149.14,1126.47,1.98
2004-01-29,SPX,标普500,1128.48,1134.11,1134.37,1122.4,1.06
2004-01-30,SPX,标普500,1134.11,1131.13,1134.11,1127.8,0.56
2004-02-02,SPX,标普500,1131.13,1135.26,1142.47,1127.88,1.29
2004-02-03,SPX,标普500,1135.26,1136.03,1137.31,1131.45,0.52
2004-02-04,SPX,标普500,1136.03,1126.52,1136.03,1124.84,0.99
2004-02-05,SPX,标普500,1126.52,1128.59,1131.1,1124.45,0.59
2004-02-06,SPX,标普500,1128.59,1142.76,1142.77,1128.58,1.26
2004-02-09,SPX,标普500,1142.76,1139.81,1144.45,1139.21,0.46
2004-02-10,SPX,标普500,1139.81,1145.54,1146.87,1138.91,0.7
2004-02-11,SPX,标普500,1145.54,1157.76,1158.76,1142.38,1.43
2004-02-12,SPX,标普500,1157.76,1152.11,1157.76,1151.43,0.55
2004-02-13,SPX,标普500,1152.11,1145.81,1156.75,1143.76,1.13
2004-02-17,SPX,标普500,1145.81,1156.99,1158.99,1145.81,1.15
2004-02-18,SPX,标普500,1156.99,1151.82,1157.32,1149.85,0.65
2004-02-19,SPX,标普500,1151.82,1147.06,1158.54,1146.83,1.02
2004-02-20,SPX,标普500,1147.06,1144.11,1149.68,1139.07,0.92
2004-02-23,SPX,标普500,1144.11,1140.99,1146.66,1137.35,0.81
2004-02-24,SPX,标普500,1140.99,1139.09,1144.52,1134.61,0.87
2004-02-25,SPX,标普500,1139.09,1143.67,1145.18,1138.76,0.56
2004-02-26,SPX,标普500,1143.67,1144.91,1147.22,1138.67,0.75
2004-02-27,SPX,标普500,1144.91,1144.94,1151.67,1141.93,0.85
2004-03-01,SPX,标普500,1144.94,1155.97,1157.46,1144.94,1.09
2004-03-02,SPX,标普500,1155.97,1149.1,1156.52,1147.4,0.79
2004-03-03,SPX,标普500,1149.1,1151.03,1152.22,1143.79,0.73
2004-03-04,SPX,标普500,1151.03,1154.87,1154.91,1149.93,0.43
2004-03-05,SPX,标普500,1154.87,1156.86,1163.09,1148.78,1.24
2004-03-08,SPX,标普500,1156.86,1147.2,1159.96,1146.98,1.12
2004-03-09,SPX,标普500,1147.2,1140.58,1147.2,1137.01,0.89
2004-03-10,SPX,标普500,1140.58,1123.89,1141.48,1122.55,1.66
2004-03-11,SPX,标普500,1123.89,1106.78,1125.89,1105.89,1.78
2004-03-12,SPX,标普500,1106.78,1120.57,1120.6,1106.78,1.25
2004-03-15,SPX,标普500,1120.57,1104.49,1120.57,1103.45,1.53
2004-03-16,SPX,标普500,1104.49,1110.7,1113.74,1102.66,1.0
2004-03-17,SPX,标普500,1110.7,1123.75,1125.69,1110.7,1.35
2004-03-18,SPX,标普500,1123.75,1122.32,1125.4,1113.37,1.07
2004-03-19,SPX,标普500,1122.32,1109.78,1122.49,1109.74,1.14
2004-03-22,SPX,标普500,1109.78,1095.4,1109.78,1089.73,1.81
2004-03-23,SPX,标普500,1095.4,1093.95,1101.44,1091.66,0.89
2004-03-24,SPX,标普500,1093.95,1091.33,1098.3,1087.48,0.99
2004-03-25,SPX,标普500,1091.33,1109.19,1110.32,1091.33,1.74
2004-03-26,SPX,标普500,1109.19,1108.06,1115.2,1106.2,0.81
2004-03-29,SPX,标普500,1108.06,1122.47,1124.33,1108.06,1.47
2004-03-30,SPX,标普500,1122.47,1127.0,1127.53,1119.74,0.69
2004-03-31,SPX,标普500,1127.0,1126.21,1130.83,1121.46,0.83
2004-04-01,SPX,标普500,1126.21,1132.17,1135.53,1126.21,0.83
2004-04-02,SPX,标普500,1132.17,1141.81,1144.73,1132.17,1.11
2004-04-05,SPX,标普500,1141.81,1150.57,1150.57,1141.63,0.78
2004-04-06,SPX,标普500,1150.57,1148.16,1150.57,1143.35,0.63
2004-04-07,SPX,标普500,1148.16,1140.53,1148.16,1138.48,0.84
2004-04-08,SPX,标普500,1140.53,1139.32,1148.91,1134.54,1.26
2004-04-12,SPX,标普500,1139.32,1145.2,1147.24,1139.32,0.7
2004-04-13,SPX,标普500,1145.2,1129.44,1147.73,1127.72,1.75
2004-04-14,SPX,标普500,1129.44,1128.17,1132.47,1122.33,0.9
2004-04-15,SPX,标普500,1128.17,1128.84,1133.72,1120.85,1.14
2004-04-16,SPX,标普500,1128.84,1134.61,1136.75,1126.92,0.87
2004-04-19,SPX,标普500,1134.56,1135.82,1136.17,1129.87,0.56
2004-04-20,SPX,标普500,1135.82,1118.15,1139.27,1118.09,1.86
2004-04-21,SPX,标普500,1118.15,1124.09,1125.66,1116.07,0.86
2004-04-22,SPX,标普500,1124.09,1139.93,1142.53,1121.98,1.83
2004-04-23,SPX,标普500,1139.93,1140.6,1141.92,1134.81,0.62
2004-04-26,SPX,标普500,1140.6,1135.53,1145.08,1132.91,1.07
2004-04-27,SPX,标普500,1135.53,1138.11,1146.84,1135.53,1.0
2004-04-28,SPX,标普500,1138.11,1122.41,1138.11,1121.7,1.44
2004-04-29,SPX,标普500,1122.41,1113.89,1128.8,1108.02,1.85
2004-04-30,SPX,标普500,1113.89,1107.3,1119.26,1107.23,1.08
2004-05-03,SPX,标普500,1107.3,1117.49,1118.72,1107.3,1.03
2004-05-04,SPX,标普500,1117.49,1119.55,1127.74,1112.89,1.33
2004-05-05,SPX,标普500,1119.55,1121.53,1125.07,1117.86,0.64
2004-05-06,SPX,标普500,1121.53,1113.99,1121.53,1106.3,1.36
2004-05-07,SPX,标普500,1113.99,1098.7,1117.33,1098.63,1.68
2004-05-10,SPX,标普500,1098.7,1087.12,1098.7,1079.63,1.74
2004-05-11,SPX,标普500,1087.12,1095.45,1095.69,1087.12,0.79
2004-05-12,SPX,标普500,1095.45,1097.28,1097.55,1076.32,1.94
2004-05-13,SPX,标普500,1097.28,1096.44,1102.77,1091.76,1.0
2004-05-14,SPX,标普500,1096.44,1095.7,1102.37,1088.24,1.29
2004-05-17,SPX,标普500,1095.7,1084.1,1095.7,1079.36,1.49
2004-05-18,SPX,标普500,1084.1,1091.49,1094.14,1084.1,0.93
2004-05-19,SPX,标普500,1091.49,1088.68,1105.93,1088.49,1.6
2004-05-20,SPX,标普500,1088.68,1089.19,1092.62,1085.43,0.66
2004-05-21,SPX,标普500,1089.19,1093.56,1099.7,1089.19,0.96
2004-05-24,SPX,标普500,1093.56,1095.41,1101.71,1091.77,0.91
2004-05-25,SPX,标普500,1095.41,1113.05,1113.8,1090.74,2.11
2004-05-26,SPX,标普500,1113.05,1114.94,1116.71,1109.91,0.61
2004-05-27,SPX,标普500,1114.94,1121.28,1123.95,1114.86,0.82
2004-05-28,SPX,标普500,1121.28,1120.68,1122.69,1118.1,0.41
2004-06-01,SPX,标普500,1120.68,1121.2,1122.7,1113.32,0.84
2004-06-02,SPX,标普500,1121.2,1124.99,1128.1,1118.64,0.84
2004-06-03,SPX,标普500,1124.99,1116.64,1125.31,1116.56,0.78
2004-06-04,SPX,标普500,1116.64,1122.5,1129.17,1116.64,1.12
2004-06-07,SPX,标普500,1122.5,1140.42,1140.54,1122.5,1.61
2004-06-08,SPX,标普500,1140.42,1142.18,1142.18,1135.45,0.59
2004-06-09,SPX,标普500,1142.18,1131.33,1142.18,1131.16,0.96
2004-06-10,SPX,标普500,1131.33,1136.47,1136.47,1131.33,0.45
2004-06-11,SPX,标普500,1136.47,1136.47,1136.47,1136.47,0.0
2004-06-14,SPX,标普500,1136.47,1125.29,1136.47,1122.16,1.26
2004-06-15,SPX,标普500,1125.29,1132.01,1137.36,1125.29,1.07
2004-06-16,SPX,标普500,1132.01,1133.56,1135.28,1130.55,0.42
2004-06-17,SPX,标普500,1133.56,1132.05,1133.56,1126.88,0.59
2004-06-18,SPX,标普500,1132.05,1135.02,1139.08,1129.82,0.82
2004-06-21,SPX,标普500,1135.02,1130.3,1138.05,1129.64,0.74
2004-06-22,SPX,标普500,1130.3,1134.41,1135.05,1124.37,0.94
2004-06-23,SPX,标普500,1134.41,1144.06,1145.16,1131.73,1.18
2004-06-24,SPX,标普500,1144.06,1140.65,1146.34,1139.94,0.56
2004-06-25,SPX,标普500,1140.65,1134.43,1145.97,1134.24,1.03
2004-06-28,SPX,标普500,1134.43,1133.35,1142.6,1131.62,0.97
2004-06-29,SPX,标普500,1133.35,1136.2,1138.26,1131.81,0.57
2004-06-30,SPX,标普500,1136.2,1140.84,1144.22,1133.62,0.93
2004-07-01,SPX,标普500,1140.84,1128.94,1140.84,1123.06,1.56
2004-07-02,SPX,标普500,1128.94,1125.38,1129.18,1123.26,0.52
2004-07-06,SPX,标普500,1125.38,1116.21,1125.38,1113.21,1.08
2004-07-07,SPX,标普500,1116.21,1118.33,1122.37,1114.92,0.67
2004-07-08,SPX,标普500,1118.33,1109.11,1119.12,1108.72,0.93
2004-07-09,SPX,标普500,1109.11,1112.81,1115.57,1109.11,0.58
2004-07-12,SPX,标普500,1112.81,1114.35,1116.11,1106.71,0.84
2004-07-13,SPX,标普500,1114.35,1115.14,1116.3,1112.99,0.3
2004-07-14,SPX,标普500,1115.14,1111.47,1119.6,1107.83,1.06
2004-07-15,SPX,标普500,1111.47,1106.69,1114.67,1106.6,0.73
2004-07-16,SPX,标普500,1106.69,1101.39,1112.17,1101.07,1.0
2004-07-19,SPX,标普500,1101.39,1100.9,1105.52,1096.55,0.81
2004-07-20,SPX,标普500,1100.9,1108.67,1108.88,1099.1,0.89
2004-07-21,SPX,标普500,1108.67,1093.88,1116.27,1093.88,2.02
2004-07-22,SPX,标普500,1093.88,1096.84,1099.69,1084.16,1.42
2004-07-23,SPX,标普500,1096.84,1086.2,1096.84,1083.49,1.22
2004-07-26,SPX,标普500,1086.2,1084.07,1089.82,1078.78,1.02
2004-07-27,SPX,标普500,1084.07,1094.83,1096.65,1084.07,1.16
2004-07-28,SPX,标普500,1094.83,1095.42,1098.84,1082.17,1.52
2004-07-29,SPX,标普500,1095.42,1100.43,1103.71,1095.42,0.76
2004-07-30,SPX,标普500,1100.43,1101.72,1103.73,1096.96,0.62
2004-08-02,SPX,标普500,1101.72,1106.62,1108.6,1097.34,1.02
2004-08-03,SPX,标普500,1106.62,1099.69,1106.62,1099.2,0.67
2004-08-04,SPX,标普500,1099.69,1098.63,1102.45,1092.4,0.91
2004-08-05,SPX,标普500,1098.63,1080.7,1098.83,1079.98,1.72
2004-08-06,SPX,标普500,1080.7,1063.97,1080.7,1062.23,1.71
2004-08-09,SPX,标普500,1063.97,1065.22,1069.46,1063.97,0.52
2004-08-10,SPX,标普500,1065.22,1079.04,1079.04,1065.22,1.3
2004-08-11,SPX,标普500,1079.04,1075.79,1079.04,1065.92,1.22
2004-08-12,SPX,标普500,1075.79,1063.23,1075.79,1062.82,1.21
2004-08-13,SPX,标普500,1063.23,1064.8,1067.58,1060.72,0.65
2004-08-16,SPX,标普500,1064.8,1079.34,1080.66,1064.8,1.49
2004-08-17,SPX,标普500,1079.34,1081.71,1086.96,1079.34,0.71
2004-08-18,SPX,标普500,1081.71,1095.17,1095.17,1078.93,1.5
2004-08-19,SPX,标普500,1095.17,1091.23,1095.17,1086.28,0.81
2004-08-20,SPX,标普500,1091.23,1098.35,1100.26,1089.57,0.98
2004-08-23,SPX,标普500,1098.35,1095.68,1101.4,1094.73,0.61
2004-08-24,SPX,标普500,1095.68,1096.19,1100.94,1092.82,0.74
2004-08-25,SPX,标普500,1096.19,1104.96,1106.29,1093.24,1.19
2004-08-26,SPX,标普500,1104.96,1105.09,1106.78,1102.43,0.39
2004-08-27,SPX,标普500,1105.09,1107.77,1109.68,1104.61,0.46
2004-08-30,SPX,标普500,1107.77,1099.15,1107.77,1099.15,0.78
2004-08-31,SPX,标普500,1099.15,1104.24,1104.24,1094.72,0.87
2004-09-01,SPX,标普500,1104.24,1105.91,1109.25,1099.11,0.92
2004-09-02,SPX,标普500,1105.91,1118.31,1119.11,1105.6,1.22
2004-09-03,SPX,标普500,1118.31,1113.63,1120.8,1113.57,0.65
2004-09-07,SPX,标普500,1113.63,1121.3,1124.08,1113.63,0.94
2004-09-08,SPX,标普500,1121.3,1116.27,1123.05,1116.27,0.6
2004-09-09,SPX,标普500,1116.27,1118.38,1121.3,1113.62,0.69
2004-09-10,SPX,标普500,1118.38,1123.92,1125.26,1114.39,0.97
2004-09-13,SPX,标普500,1123.92,1125.82,1129.78,1123.35,0.57
2004-09-14,SPX,标普500,1125.82,1128.33,1129.46,1124.72,0.42
2004-09-15,SPX,标普500,1128.33,1120.37,1128.33,1119.74,0.76
2004-09-16,SPX,标普500,1120.37,1123.5,1126.06,1120.37,0.51
2004-09-17,SPX,标普500,1123.5,1128.55,1130.48,1123.5,0.62
2004-09-20,SPX,标普500,1128.55,1122.2,1128.55,1120.34,0.73
2004-09-21,SPX,标普500,1122.2,1129.3,1131.54,1122.2,0.83
2004-09-22,SPX,标普500,1129.3,1113.56,1129.3,1112.67,1.47
2004-09-23,SPX,标普500,1113.56,1108.36,1113.61,1108.05,0.5
2004-09-24,SPX,标普500,1108.36,1110.11,1113.81,1108.36,0.49
2004-09-27,SPX,标普500,1110.11,1103.52,1110.11,1103.24,0.62
2004-09-28,SPX,标普500,1103.52,1110.06,1111.77,1101.29,0.95
2004-09-29,SPX,标普500,1110.06,1114.8,1114.8,1107.36,0.67
2004-09-30,SPX,标普500,1114.8,1114.58,1116.31,1109.61,0.6
2004-10-01,SPX,标普500,1114.58,1131.5,1131.64,1114.58,1.53
2004-10-04,SPX,标普500,1131.5,1135.17,1140.19,1131.5,0.77
2004-10-05,SPX,标普500,1135.17,1134.48,1137.87,1132.03,0.51
2004-10-06,SPX,标普500,1134.48,1142.05,1142.05,1132.94,0.8
2004-10-07,SPX,标普500,1142.05,1130.65,1142.05,1130.46,1.01
2004-10-08,SPX,标普500,1130.65,1122.14,1132.92,1120.19,1.13
2004-10-11,SPX,标普500,1122.14,1124.39,1126.2,1122.14,0.36
2004-10-12,SPX,标普500,1124.39,1121.84,1124.39,1115.77,0.77
2004-10-13,SPX,标普500,1121.84,1113.65,1127.01,1109.63,1.55
2004-10-14,SPX,标普500,1113.65,1103.29,1114.97,1102.06,1.16
2004-10-15,SPX,标普500,1103.29,1108.2,1113.17,1102.14,1.0
2004-10-18,SPX,标普500,1108.2,1114.02,1114.46,1103.33,1.0
2004-10-19,SPX,标普500,1114.02,1103.23,1118.03,1103.15,1.34
2004-10-20,SPX,标普500,1103.23,1103.66,1104.09,1094.25,0.89
2004-10-21,SPX,标普500,1103.66,1106.49,1108.96,1098.47,0.95
2004-10-22,SPX,标普500,1106.49,1095.74,1108.32,1095.29,1.18
2004-10-25,SPX,标普500,1095.74,1094.81,1096.81,1090.19,0.6
2004-10-26,SPX,标普500,1094.81,1111.09,1111.1,1094.81,1.49
2004-10-27,SPX,标普500,1111.09,1125.4,1126.27,1107.55,1.68
2004-10-28,SPX,标普500,1125.4,1127.44,1130.66,1120.61,0.89
2004-10-29,SPX,标普500,1127.44,1130.2,1131.26,1124.65,0.59
2004-11-01,SPX,标普500,1130.2,1130.51,1133.29,1127.63,0.5
2004-11-02,SPX,标普500,1130.51,1130.58,1140.5,1128.23,1.09
2004-11-03,SPX,标普500,1130.54,1143.2,1147.57,1130.54,1.51
2004-11-04,SPX,标普500,1143.2,1161.67,1161.67,1142.39,1.69
2004-11-05,SPX,标普500,1161.67,1166.17,1170.55,1160.62,0.85
2004-11-08,SPX,标普500,1166.17,1164.89,1166.68,1162.66,0.34
2004-11-09,SPX,标普500,1164.89,1164.08,1168.97,1162.49,0.56
2004-11-10,SPX,标普500,1164.08,1162.91,1169.35,1162.51,0.59
2004-11-11,SPX,标普500,1162.91,1173.48,1174.82,1162.91,1.02
2004-11-12,SPX,标普500,1173.48,1184.17,1184.17,1171.48,1.08
2004-11-15,SPX,标普500,1184.17,1183.81,1184.31,1179.84,0.38
2004-11-16,SPX,标普500,1183.81,1175.43,1183.81,1175.35,0.71
2004-11-17,SPX,标普500,1175.43,1181.94,1188.35,1175.43,1.1
2004-11-18,SPX,标普500,1181.94,1183.55,1184.75,1180.09,0.39
2004-11-19,SPX,标普500,1183.55,1170.34,1183.92,1169.2,1.24
2004-11-22,SPX,标普500,1170.34,1177.24,1178.21,1167.94,0.88
2004-11-23,SPX,标普500,1177.24,1176.94,1179.42,1171.57,0.67
2004-11-24,SPX,标普500,1176.94,1181.76,1182.42,1176.94,0.47
2004-11-26,SPX,标普500,1181.76,1182.65,1186.6,1180.95,0.48
2004-11-29,SPX,标普500,1182.65,1178.57,1186.93,1172.59,1.21
2004-11-30,SPX,标普500,1178.57,1173.82,1178.62,1173.81,0.41
2004-12-01,SPX,标普500,1173.78,1191.37,1191.37,1173.78,1.5
2004-12-02,SPX,标普500,1191.37,1190.33,1194.66,1186.73,0.67
2004-12-03,SPX,标普500,1190.33,1191.17,1196.99,1188.01,0.75
2004-12-06,SPX,标普500,1191.17,1190.25,1192.41,1185.14,0.61
2004-12-07,SPX,标普500,1190.25,1177.07,1192.17,1177.07,1.27
2004-12-08,SPX,标普500,1177.07,1182.81,1184.04,1176.91,0.61
2004-12-09,SPX,标普500,1182.81,1189.24,1190.39,1173.75,1.41
2004-12-10,SPX,标普500,1189.24,1188.0,1191.45,1185.31,0.52
2004-12-13,SPX,标普500,1188.0,1198.68,1198.74,1188.0,0.9
2004-12-14,SPX,标普500,1198.68,1203.38,1205.3,1197.99,0.61
2004-12-15,SPX,标普500,1203.38,1205.72,1206.55,1199.52,0.58
2004-12-16,SPX,标普500,1205.72,1203.21,1207.81,1198.59,0.76
2004-12-17,SPX,标普500,1203.21,1194.22,1203.21,1193.44,0.81
2004-12-20,SPX,标普500,1194.2,1194.65,1203.41,1193.49,0.83
2004-12-21,SPX,标普500,1194.65,1205.45,1205.9,1194.65,0.94
2004-12-22,SPX,标普500,1205.45,1209.57,1211.27,1203.88,0.61
2004-12-23,SPX,标普500,1209.57,1210.13,1213.67,1209.02,0.38
2004-12-27,SPX,标普500,1210.13,1204.92,1214.15,1204.92,0.76
2004-12-28,SPX,标普500,1204.92,1213.54,1213.54,1204.92,0.72
2004-12-29,SPX,标普500,1213.54,1213.45,1213.87,1210.96,0.24
2004-12-30,SPX,标普500,1213.45,1213.55,1216.47,1213.42,0.25
2004-12-31,SPX,标普500,1213.55,1211.92,1217.25,1211.8,0.45
2005-01-03,SPX,标普500,1211.92,1202.08,1217.84,1200.29,1.45
2005-01-04,SPX,标普500,1202.08,1188.05,1205.89,1185.42,1.7
2005-01-05,SPX,标普500,1188.05,1183.74,1192.73,1183.72,0.76
2005-01-06,SPX,标普500,1183.74,1187.89,1191.58,1183.24,0.7
2005-01-07,SPX,标普500,1187.89,1186.19,1192.17,1182.11,0.85
2005-01-10,SPX,标普500,1186.19,1190.25,1194.77,1185.02,0.82
2005-01-11,SPX,标普500,1190.25,1182.99,1190.25,1180.41,0.83
2005-01-12,SPX,标普500,1182.99,1187.7,1187.93,1175.93,1.01
2005-01-13,SPX,标普500,1187.7,1177.45,1187.7,1175.73,1.01
2005-01-14,SPX,标普500,1177.45,1184.52,1185.15,1177.45,0.65
2005-01-18,SPX,标普500,1184.52,1195.98,1195.98,1180.13,1.34
2005-01-19,SPX,标普500,1195.98,1184.63,1195.98,1184.36,0.97
2005-01-20,SPX,标普500,1184.63,1175.41,1184.63,1173.39,0.95
2005-01-21,SPX,标普500,1175.41,1167.87,1179.3,1167.82,0.98
2005-01-24,SPX,标普500,1167.87,1163.75,1173.15,1163.75,0.8
2005-01-25,SPX,标普500,1163.75,1168.41,1174.31,1163.75,0.91
2005-01-26,SPX,标普500,1168.41,1174.07,1175.98,1168.41,0.65
2005-01-27,SPX,标普500,1174.07,1174.55,1177.42,1170.17,0.62
2005-01-28,SPX,标普500,1174.55,1171.36,1175.61,1166.25,0.8
2005-01-31,SPX,标普500,1171.36,1181.27,1182.04,1171.36,0.91
2005-02-01,SPX,标普500,1181.27,1189.41,1190.36,1181.06,0.79
2005-02-02,SPX,标普500,1189.41,1193.19,1194.95,1188.98,0.5
2005-02-03,SPX,标普500,1193.19,1189.89,1193.19,1185.64,0.63
2005-02-04,SPX,标普500,1189.89,1203.03,1203.31,1189.85,1.13
2005-02-07,SPX,标普500,1203.03,1201.72,1204.08,1199.26,0.4
2005-02-08,SPX,标普500,1201.72,1202.3,1205.07,1200.3,0.4
2005-02-09,SPX,标普500,1202.3,1191.99,1203.79,1191.62,1.01
2005-02-10,SPX,标普500,1191.99,1197.01,1198.57,1191.54,0.59
2005-02-11,SPX,标普500,1197.01,1205.3,1208.32,1193.31,1.25
2005-02-14,SPX,标普500,1205.3,1206.14,1206.89,1203.59,0.27
2005-02-15,SPX,标普500,1206.14,1210.12,1212.01,1205.62,0.53
2005-02-16,SPX,标普500,1210.12,1210.34,1212.46,1205.17,0.6
2005-02-17,SPX,标普500,1210.34,1200.75,1211.25,1200.74,0.87
2005-02-18,SPX,标普500,1200.75,1201.59,1202.86,1197.46,0.45
2005-02-22,SPX,标普500,1201.59,1184.16,1202.46,1184.16,1.52
2005-02-23,SPX,标普500,1184.16,1190.8,1193.46,1184.16,0.79
2005-02-24,SPX,标普500,1190.8,1200.2,1200.48,1187.91,1.06
2005-02-25,SPX,标普500,1200.2,1211.37,1211.97,1199.65,1.03
2005-02-28,SPX,标普500,1211.37,1203.6,1211.37,1198.18,1.09
2005-03-01,SPX,标普500,1203.6,1210.41,1212.16,1203.6,0.71
2005-03-02,SPX,标普500,1210.41,1210.08,1215.86,1204.28,0.96
2005-03-03,SPX,标普500,1210.08,1210.47,1215.69,1204.45,0.93
2005-03-04,SPX,标普500,1210.47,1222.12,1224.78,1210.47,1.18
2005-03-07,SPX,标普500,1222.12,1225.31,1229.06,1222.12,0.57
2005-03-08,SPX,标普500,1225.31,1219.43,1225.7,1218.65,0.58
2005-03-09,SPX,标普500,1219.43,1207.01,1219.43,1206.71,1.04
2005-03-10,SPX,标普500,1207.01,1209.25,1211.22,1201.52,0.8
2005-03-11,SPX,标普500,1209.25,1200.08,1212.82,1198.28,1.2
2005-03-14,SPX,标普500,1200.08,1206.83,1206.83,1199.46,0.61
2005-03-15,SPX,标普500,1206.83,1197.75,1210.54,1197.75,1.06
2005-03-16,SPX,标普500,1197.75,1188.07,1197.75,1185.74,1.0
2005-03-17,SPX,标普500,1188.07,1190.21,1193.27,1186.34,0.58
2005-03-18,SPX,标普500,1190.21,1189.65,1191.92,1182.85,0.76
2005-03-21,SPX,标普500,1189.65,1183.78,1189.65,1179.09,0.89
2005-03-22,SPX,标普500,1183.78,1171.71,1189.21,1171.71,1.48
2005-03-23,SPX,标普500,1171.75,1172.53,1176.26,1168.82,0.63
2005-03-24,SPX,标普500,1172.51,1171.42,1180.05,1171.4,0.74
2005-03-28,SPX,标普500,1171.4,1174.28,1179.79,1171.4,0.72
2005-03-29,SPX,标普500,1174.3,1165.36,1179.36,1163.93,1.31
2005-03-30,SPX,标普500,1165.37,1181.41,1181.44,1165.37,1.38
2005-03-31,SPX,标普500,1181.36,1180.59,1184.51,1179.47,0.43
2005-04-01,SPX,标普500,1180.53,1172.92,1189.67,1169.81,1.68
2005-04-04,SPX,标普500,1172.68,1176.12,1178.57,1167.69,0.93
2005-04-05,SPX,标普500,1176.1,1181.39,1183.42,1176.1,0.62
2005-04-06,SPX,标普500,1181.38,1184.07,1189.12,1181.38,0.66
2005-04-07,SPX,标普500,1183.97,1191.14,1191.49,1183.84,0.65
2005-04-08,SPX,标普500,1190.94,1181.2,1191.58,1180.99,0.89
2005-04-11,SPX,标普500,1181.05,1181.21,1183.9,1178.6,0.45
2005-04-12,SPX,标普500,1181.06,1187.76,1190.02,1171.17,1.6
2005-04-13,SPX,标普500,1187.64,1173.79,1187.64,1171.38,1.37
2005-04-14,SPX,标普500,1173.7,1162.05,1174.3,1161.66,1.08
2005-04-15,SPX,标普500,1161.92,1142.62,1161.92,1141.98,1.72
2005-04-18,SPX,标普500,1142.47,1145.98,1148.74,1139.97,0.77
2005-04-19,SPX,标普500,1145.88,1152.78,1154.34,1145.87,0.74
2005-04-20,SPX,标普500,1152.6,1137.5,1155.3,1136.19,1.66
2005-04-21,SPX,标普500,1137.36,1159.95,1159.95,1137.36,1.99
2005-04-22,SPX,标普500,1159.78,1152.12,1159.78,1142.65,1.48
2005-04-25,SPX,标普500,1151.78,1162.1,1163.55,1151.78,1.02
2005-04-26,SPX,标普500,1161.8,1151.74,1164.47,1151.52,1.11
2005-04-27,SPX,标普500,1151.52,1156.38,1159.58,1144.37,1.32
2005-04-28,SPX,标普500,1156.16,1143.22,1156.16,1143.01,1.14
2005-04-29,SPX,标普500,1143.03,1156.85,1156.85,1138.88,1.57
2005-05-02,SPX,标普500,1156.61,1162.16,1162.35,1154.42,0.69
2005-05-03,SPX,标普500,1161.9,1161.17,1166.57,1156.62,0.86
2005-05-04,SPX,标普500,1161.03,1175.65,1175.82,1161.03,1.27
2005-05-05,SPX,标普500,1175.46,1172.63,1178.34,1166.66,0.99
2005-05-06,SPX,标普500,1172.48,1171.35,1177.52,1170.41,0.61
2005-05-09,SPX,标普500,1171.25,1178.84,1178.84,1169.45,0.8
2005-05-10,SPX,标普500,1178.7,1166.22,1178.7,1162.82,1.35
2005-05-11,SPX,标普500,1166.05,1171.11,1171.72,1157.6,1.21
2005-05-12,SPX,标普500,1171.0,1159.36,1173.19,1157.7,1.32
2005-05-13,SPX,标普500,1159.3,1154.05,1163.57,1146.17,1.5
2005-05-16,SPX,标普500,1154.04,1165.69,1165.71,1153.89,1.02
2005-05-17,SPX,标普500,1165.66,1173.8,1174.24,1159.92,1.23
2005-05-18,SPX,标普500,1173.65,1185.56,1187.64,1173.65,1.19
2005-05-19,SPX,标普500,1185.5,1191.08,1191.08,1184.96,0.52
2005-05-20,SPX,标普500,1190.98,1189.28,1191.0,1184.97,0.51
2005-05-23,SPX,标普500,1189.14,1193.86,1197.4,1189.14,0.69
2005-05-24,SPX,标普500,1193.83,1194.07,1195.08,1189.82,0.44
2005-05-25,SPX,标普500,1194.02,1190.01,1194.02,1185.89,0.68
2005-05-26,SPX,标普500,1189.91,1197.62,1198.65,1189.91,0.73
2005-05-27,SPX,标普500,1197.49,1198.78,1199.37,1195.23,0.35
2005-05-31,SPX,标普500,1198.66,1191.5,1198.66,1191.42,0.6
2005-06-01,SPX,标普500,1191.42,1202.27,1205.59,1190.9,1.23
2005-06-02,SPX,标普500,1202.19,1204.29,1204.64,1198.45,0.51
2005-06-03,SPX,标普500,1204.3,1196.02,1204.99,1194.44,0.88
2005-06-06,SPX,标普500,1195.92,1197.51,1198.69,1192.76,0.5
2005-06-07,SPX,标普500,1197.46,1197.26,1208.67,1197.15,0.96
2005-06-08,SPX,标普500,1197.15,1194.67,1201.74,1193.18,0.71
2005-06-09,SPX,标普500,1194.52,1200.93,1201.71,1191.1,0.89
2005-06-10,SPX,标普500,1200.78,1198.11,1202.7,1192.49,0.85
2005-06-13,SPX,标普500,1197.94,1200.82,1205.88,1194.39,0.96
2005-06-14,SPX,标普500,1200.64,1203.91,1207.16,1200.03,0.59
2005-06-15,SPX,标普500,1203.89,1206.58,1208.05,1198.67,0.78
2005-06-16,SPX,标普500,1206.6,1210.96,1211.99,1205.73,0.52
2005-06-17,SPX,标普500,1210.92,1216.96,1219.47,1210.92,0.71
2005-06-20,SPX,标普500,1216.85,1216.1,1218.73,1210.58,0.67
2005-06-21,SPX,标普500,1216.0,1213.61,1216.8,1211.73,0.42
2005-06-22,SPX,标普500,1213.51,1213.88,1219.45,1211.67,0.64
2005-06-23,SPX,标普500,1213.79,1200.73,1216.37,1200.61,1.3
2005-06-24,SPX,标普500,1200.63,1191.57,1200.63,1191.4,0.77
2005-06-27,SPX,标普500,1191.49,1190.69,1194.23,1188.2,0.51
2005-06-28,SPX,标普500,1190.59,1201.57,1202.5,1190.59,1.0
2005-06-29,SPX,标普500,1201.56,1199.85,1204.09,1198.74,0.45
2005-06-30,SPX,标普500,1199.86,1191.33,1203.26,1190.59,1.06
2005-07-01,SPX,标普500,1191.32,1194.44,1197.85,1191.32,0.55
2005-07-05,SPX,标普500,1194.43,1204.99,1206.44,1192.67,1.15
2005-07-06,SPX,标普500,1205.08,1194.94,1206.25,1194.88,0.94
2005-07-07,SPX,标普500,1195.04,1197.87,1198.46,1183.85,1.22
2005-07-08,SPX,标普500,1197.99,1211.86,1212.85,1197.5,1.28
2005-07-11,SPX,标普500,1211.97,1219.44,1220.16,1211.97,0.68
2005-07-12,SPX,标普500,1219.55,1222.21,1225.7,1216.75,0.73
2005-07-13,SPX,标普500,1222.37,1223.29,1224.5,1219.8,0.38
2005-07-14,SPX,标普500,1223.46,1226.5,1233.2,1223.46,0.8
2005-07-15,SPX,标普500,1226.7,1227.92,1229.67,1223.69,0.49
2005-07-18,SPX,标普500,1228.07,1221.13,1228.07,1221.13,0.57
2005-07-19,SPX,标普500,1221.33,1229.35,1230.52,1221.33,0.75
2005-07-20,SPX,标普500,1229.55,1235.2,1236.69,1223.24,1.09
2005-07-21,SPX,标普500,1235.4,1227.04,1236.06,1224.98,0.9
2005-07-22,SPX,标普500,1227.32,1233.68,1234.36,1226.51,0.64
2005-07-25,SPX,标普500,1233.88,1229.03,1238.42,1228.39,0.81
2005-07-26,SPX,标普500,1229.22,1231.16,1234.45,1229.22,0.43
2005-07-27,SPX,标普500,1231.32,1236.79,1237.82,1230.37,0.61
2005-07-28,SPX,标普500,1236.98,1243.72,1245.28,1235.97,0.75
2005-07-29,SPX,标普500,1243.88,1234.18,1245.15,1234.18,0.88
2005-08-01,SPX,标普500,1234.27,1235.35,1239.2,1233.92,0.43
2005-08-02,SPX,标普500,1235.46,1244.12,1244.86,1235.46,0.76
2005-08-03,SPX,标普500,1244.3,1245.04,1245.97,1240.78,0.42
2005-08-04,SPX,标普500,1245.2,1235.86,1245.2,1235.36,0.79
2005-08-05,SPX,标普500,1236.0,1226.42,1236.0,1225.83,0.82
2005-08-08,SPX,标普500,1226.63,1223.13,1232.41,1222.89,0.78
2005-08-09,SPX,标普500,1223.29,1231.38,1234.13,1223.29,0.89
2005-08-10,SPX,标普500,1231.48,1229.13,1242.7,1226.74,1.3
2005-08-11,SPX,标普500,1229.18,1237.81,1237.83,1228.44,0.76
2005-08-12,SPX,标普500,1237.83,1230.39,1237.83,1225.92,0.96
2005-08-15,SPX,标普500,1230.46,1233.87,1236.24,1226.44,0.8
2005-08-16,SPX,标普500,1233.97,1219.34,1233.97,1219.08,1.21
2005-08-17,SPX,标普500,1219.31,1220.24,1225.58,1218.22,0.6
2005-08-18,SPX,标普500,1220.17,1219.02,1222.63,1215.94,0.55
2005-08-19,SPX,标普500,1218.96,1219.71,1224.79,1218.96,0.48
2005-08-22,SPX,标普500,1219.54,1221.73,1228.74,1216.37,1.01
2005-08-23,SPX,标普500,1221.54,1217.59,1222.81,1214.41,0.69
2005-08-24,SPX,标普500,1217.4,1209.59,1223.94,1209.34,1.2
2005-08-25,SPX,标普500,1209.38,1212.39,1213.49,1209.38,0.34
2005-08-26,SPX,标普500,1212.17,1205.1,1212.17,1204.06,0.67
2005-08-29,SPX,标普500,1204.91,1212.28,1214.05,1201.47,1.04
2005-08-30,SPX,标普500,1212.08,1208.41,1212.08,1200.81,0.93
2005-08-31,SPX,标普500,1208.12,1220.33,1220.33,1204.01,1.35
2005-09-01,SPX,标普500,1219.98,1221.59,1226.77,1215.79,0.9
2005-09-02,SPX,标普500,1221.2,1218.02,1224.05,1217.51,0.54
2005-09-06,SPX,标普500,1217.6,1233.39,1233.39,1217.6,1.3
2005-09-07,SPX,标普500,1233.02,1236.36,1236.58,1230.5,0.49
2005-09-08,SPX,标普500,1235.96,1231.67,1235.96,1229.08,0.56
2005-09-09,SPX,标普500,1231.18,1241.48,1242.43,1231.18,0.91
2005-09-12,SPX,标普500,1240.91,1240.56,1242.02,1238.83,0.26
2005-09-13,SPX,标普500,1240.08,1231.2,1240.08,1230.66,0.76
2005-09-14,SPX,标普500,1230.66,1227.16,1234.04,1225.57,0.69
2005-09-15,SPX,标普500,1226.51,1227.73,1231.11,1224.21,0.56
2005-09-16,SPX,标普500,1226.99,1237.91,1237.91,1226.99,0.89
2005-09-19,SPX,标普500,1237.91,1231.02,1237.91,1227.82,0.82
2005-09-20,SPX,标普500,1231.02,1221.34,1236.41,1220.3,1.31
2005-09-21,SPX,标普500,1221.34,1210.2,1221.45,1210.0,0.94
2005-09-22,SPX,标普500,1210.2,1214.62,1216.48,1205.4,0.92
2005-09-23,SPX,标普500,1214.62,1215.29,1218.82,1209.91,0.73
2005-09-26,SPX,标普500,1215.29,1215.63,1222.52,1211.86,0.88
2005-09-27,SPX,标普500,1215.63,1215.66,1220.05,1211.1,0.74
2005-09-28,SPX,标普500,1215.66,1216.89,1220.95,1212.85,0.67
2005-09-29,SPX,标普500,1216.89,1227.68,1228.61,1211.58,1.4
2005-09-30,SPX,标普500,1227.68,1228.81,1229.57,1225.2,0.36
2005-10-03,SPX,标普500,1228.81,1226.7,1233.24,1225.39,0.64
2005-10-04,SPX,标普500,1226.7,1214.47,1229.88,1214.17,1.28
2005-10-05,SPX,标普500,1214.47,1196.39,1214.47,1196.26,1.5
2005-10-06,SPX,标普500,1196.39,1191.49,1201.91,1182.33,1.64
2005-10-07,SPX,标普500,1191.49,1195.9,1199.54,1191.49,0.68
2005-10-10,SPX,标普500,1195.9,1187.33,1196.41,1186.17,0.86
2005-10-11,SPX,标普500,1187.33,1184.87,1193.08,1183.21,0.83
2005-10-12,SPX,标普500,1184.87,1177.68,1190.07,1173.81,1.37
2005-10-13,SPX,标普500,1177.68,1176.84,1179.55,1168.46,0.94
2005-10-14,SPX,标普500,1176.84,1186.57,1187.14,1175.54,0.99
2005-10-17,SPX,标普500,1186.57,1190.1,1191.02,1184.55,0.55
2005-10-18,SPX,标普500,1190.1,1178.14,1190.1,1178.14,1.0
2005-10-19,SPX,标普500,1178.14,1195.76,1195.76,1170.89,2.11
2005-10-20,SPX,标普500,1195.76,1177.8,1197.18,1173.31,2.0
2005-10-21,SPX,标普500,1177.8,1179.59,1186.36,1174.96,0.97
2005-10-24,SPX,标普500,1179.59,1199.38,1199.39,1179.59,1.68
2005-10-25,SPX,标普500,1199.38,1196.54,1201.26,1189.35,0.99
2005-10-26,SPX,标普500,1196.54,1191.38,1203.77,1191.38,1.04
2005-10-27,SPX,标普500,1191.38,1178.9,1192.52,1178.89,1.14
2005-10-28,SPX,标普500,1178.9,1198.41,1198.41,1178.9,1.65
2005-10-31,SPX,标普500,1198.41,1207.01,1211.42,1198.41,1.09
2005-11-01,SPX,标普500,1207.01,1202.76,1207.21,1201.69,0.46
2005-11-02,SPX,标普500,1202.76,1214.76,1214.99,1201.19,1.15
2005-11-03,SPX,标普500,1214.76,1219.94,1224.7,1214.76,0.82
2005-11-04,SPX,标普500,1219.94,1220.14,1222.5,1214.46,0.66
2005-11-07,SPX,标普500,1220.14,1222.81,1224.16,1217.29,0.56
2005-11-08,SPX,标普500,1222.81,1218.59,1222.81,1216.15,0.54
2005-11-09,SPX,标普500,1218.59,1220.65,1226.5,1216.56,0.82
2005-11-10,SPX,标普500,1220.65,1230.96,1232.37,1215.08,1.42
2005-11-11,SPX,标普500,1230.96,1234.72,1235.66,1230.66,0.41
2005-11-14,SPX,标普500,1234.72,1233.76,1237.13,1231.83,0.43
2005-11-15,SPX,标普500,1233.76,1229.01,1237.87,1226.49,0.92
2005-11-16,SPX,标普500,1229.01,1231.21,1232.11,1227.19,0.4
2005-11-17,SPX,标普500,1231.21,1242.8,1242.95,1231.21,0.95
2005-11-18,SPX,标普500,1242.8,1248.27,1249.39,1240.89,0.68
2005-11-21,SPX,标普500,1248.27,1254.85,1255.7,1246.88,0.71
2005-11-22,SPX,标普500,1254.85,1261.23,1261.88,1251.43,0.83
2005-11-23,SPX,标普500,1261.23,1265.61,1270.6,1259.56,0.88
2005-11-25,SPX,标普500,1265.61,1268.25,1268.75,1265.56,0.25
2005-11-28,SPX,标普500,1268.25,1257.46,1268.3,1257.23,0.87
2005-11-29,SPX,标普500,1257.46,1257.48,1266.13,1257.46,0.69
2005-11-30,SPX,标普500,1257.48,1249.48,1260.86,1249.48,0.9
2005-12-01,SPX,标普500,1249.48,1264.67,1265.86,1249.48,1.31
2005-12-02,SPX,标普500,1264.67,1265.08,1266.61,1261.41,0.41
2005-12-05,SPX,标普500,1265.08,1262.09,1265.08,1258.26,0.54
2005-12-06,SPX,标普500,1262.09,1263.7,1272.89,1262.09,0.86
2005-12-07,SPX,标普500,1263.7,1257.37,1264.72,1253.05,0.92
2005-12-08,SPX,标普500,1257.37,1255.84,1263.35,1250.89,0.99
2005-12-09,SPX,标普500,1255.84,1259.37,1263.1,1254.22,0.71
2005-12-12,SPX,标普500,1259.37,1260.43,1263.86,1255.55,0.66
2005-12-13,SPX,标普500,1260.43,1267.43,1272.02,1258.69,1.06
2005-12-14,SPX,标普500,1267.43,1272.74,1275.75,1266.83,0.7
2005-12-15,SPX,标普500,1272.74,1270.94,1275.19,1267.77,0.58
2005-12-16,SPX,标普500,1270.94,1267.32,1275.14,1267.32,0.62
2005-12-19,SPX,标普500,1267.32,1259.92,1270.35,1259.35,0.87
2005-12-20,SPX,标普500,1259.92,1259.62,1263.8,1257.24,0.52
2005-12-21,SPX,标普500,1259.62,1262.79,1269.44,1259.62,0.78
2005-12-22,SPX,标普500,1262.79,1268.12,1268.19,1262.53,0.45
2005-12-23,SPX,标普500,1268.12,1268.66,1269.55,1265.92,0.29
2005-12-27,SPX,标普500,1268.66,1256.54,1271.71,1256.54,1.2
2005-12-28,SPX,标普500,1256.54,1258.17,1261.05,1256.54,0.36
2005-12-29,SPX,标普500,1258.17,1254.42,1260.53,1254.22,0.5
2005-12-30,SPX,标普500,1254.42,1248.29,1254.42,1246.65,0.62
2006-01-03,SPX,标普500,1248.29,1268.8,1270.2,1245.73,1.96
2006-01-04,SPX,标普500,1268.8,1273.46,1275.37,1268.01,0.58
2006-01-05,SPX,标普500,1273.46,1273.48,1276.84,1270.26,0.52
2006-01-06,SPX,标普500,1273.48,1285.45,1285.88,1273.48,0.97
2006-01-09,SPX,标普500,1285.45,1290.15,1290.59,1284.93,0.44
2006-01-10,SPX,标普500,1290.15,1289.69,1290.15,1283.96,0.48
2006-01-11,SPX,标普500,1289.72,1294.18,1294.9,1288.25,0.52
2006-01-12,SPX,标普500,1294.18,1286.06,1294.18,1285.08,0.7
2006-01-13,SPX,标普500,1286.06,1287.61,1288.98,1283.03,0.46
2006-01-17,SPX,标普500,1287.61,1282.93,1287.61,1278.64,0.7
2006-01-18,SPX,标普500,1282.93,1277.93,1282.93,1272.15,0.84
2006-01-19,SPX,标普500,1277.93,1285.04,1287.73,1277.93,0.77
2006-01-20,SPX,标普500,1285.04,1261.49,1285.04,1260.92,1.88
2006-01-23,SPX,标普500,1261.49,1263.82,1268.18,1261.49,0.53
2006-01-24,SPX,标普500,1263.82,1266.86,1271.41,1263.82,0.6
2006-01-25,SPX,标普500,1266.86,1264.68,1271.86,1259.47,0.98
2006-01-26,SPX,标普500,1264.68,1273.83,1276.39,1264.68,0.93
2006-01-27,SPX,标普500,1275.4,1283.72,1286.32,1275.18,0.87
2006-01-30,SPX,标普500,1283.78,1285.2,1287.94,1283.51,0.35
2006-01-31,SPX,标普500,1284.97,1280.08,1285.2,1276.85,0.65
2006-02-01,SPX,标普500,1280.08,1282.46,1283.33,1277.57,0.45
2006-02-02,SPX,标普500,1281.82,1270.84,1281.82,1267.89,1.09
2006-02-03,SPX,标普500,1269.45,1264.03,1270.87,1261.02,0.78
2006-02-06,SPX,标普500,1264.03,1265.02,1267.0,1261.97,0.4
2006-02-07,SPX,标普500,1265.02,1254.78,1265.69,1253.64,0.95
2006-02-08,SPX,标普500,1254.78,1265.65,1266.45,1254.78,0.93
2006-02-09,SPX,标普500,1265.65,1263.78,1274.63,1262.82,0.93
2006-02-10,SPX,标普500,1263.82,1266.99,1269.51,1255.13,1.14
2006-02-13,SPX,标普500,1266.99,1262.86,1266.99,1258.39,0.68
2006-02-14,SPX,标普500,1262.86,1275.53,1278.23,1260.88,1.37
2006-02-15,SPX,标普500,1275.53,1280.0,1280.91,1271.05,0.77
2006-02-16,SPX,标普500,1280.0,1289.38,1289.38,1280.0,0.73
2006-02-17,SPX,标普500,1289.38,1287.24,1289.38,1284.08,0.41
2006-02-21,SPX,标普500,1287.24,1283.04,1291.74,1281.45,0.8
2006-02-22,SPX,标普500,1283.03,1292.67,1294.08,1283.03,0.86
2006-02-23,SPX,标普500,1292.67,1287.79,1293.81,1285.41,0.65
2006-02-24,SPX,标普500,1287.79,1289.43,1292.0,1285.88,0.48
2006-02-27,SPX,标普500,1289.43,1294.12,1297.22,1289.43,0.6
2006-02-28,SPX,标普500,1294.12,1280.66,1294.12,1278.72,1.19
2006-03-01,SPX,标普500,1280.66,1291.24,1291.79,1280.66,0.87
2006-03-02,SPX,标普500,1291.24,1289.14,1291.24,1283.23,0.62
2006-03-03,SPX,标普500,1289.14,1287.23,1297.3,1284.13,1.02
2006-03-06,SPX,标普500,1287.23,1278.26,1288.25,1275.84,0.96
2006-03-07,SPX,标普500,1278.26,1275.88,1278.26,1271.33,0.54
2006-03-08,SPX,标普500,1275.88,1278.47,1280.33,1268.85,0.9
2006-03-09,SPX,标普500,1278.47,1272.23,1282.74,1272.23,0.82
2006-03-10,SPX,标普500,1272.23,1281.58,1284.33,1271.22,1.03
2006-03-13,SPX,标普500,1281.58,1284.13,1287.33,1281.58,0.45
2006-03-14,SPX,标普500,1284.13,1297.48,1297.96,1282.69,1.19
2006-03-15,SPX,标普500,1297.48,1303.02,1304.36,1295.0,0.72
2006-03-16,SPX,标普500,1303.02,1305.33,1310.44,1303.02,0.57
2006-03-17,SPX,标普500,1305.33,1307.25,1309.7,1305.33,0.33
2006-03-20,SPX,标普500,1307.25,1305.08,1309.89,1303.78,0.47
2006-03-21,SPX,标普500,1305.08,1297.23,1310.69,1295.92,1.13
2006-03-22,SPX,标普500,1297.23,1305.04,1305.96,1296.14,0.76
2006-03-23,SPX,标普500,1305.04,1301.67,1305.04,1298.32,0.51
2006-03-24,SPX,标普500,1301.67,1302.95,1306.27,1298.93,0.56
2006-03-27,SPX,标普500,1302.95,1301.61,1303.71,1299.12,0.35
2006-03-28,SPX,标普500,1301.61,1293.23,1306.09,1291.89,1.09
2006-03-29,SPX,标普500,1293.23,1302.89,1305.49,1293.23,0.95
2006-03-30,SPX,标普500,1302.89,1300.25,1310.15,1296.97,1.01
2006-03-31,SPX,标普500,1300.25,1294.83,1302.94,1294.83,0.62
2006-04-03,SPX,标普500,1294.83,1297.81,1309.07,1294.83,1.1
2006-04-04,SPX,标普500,1297.81,1305.93,1307.51,1294.75,0.98
2006-04-05,SPX,标普500,1305.93,1311.56,1312.62,1304.96,0.59
2006-04-06,SPX,标普500,1311.56,1309.04,1311.94,1302.6,0.71
2006-04-07,SPX,标普500,1309.04,1295.5,1313.88,1294.27,1.5
2006-04-10,SPX,标普500,1295.51,1296.6,1300.71,1293.15,0.58
2006-04-11,SPX,标普500,1296.6,1286.57,1300.66,1282.91,1.37
2006-04-12,SPX,标普500,1286.57,1288.12,1290.73,1286.5,0.33
2006-04-13,SPX,标普500,1288.12,1289.12,1292.07,1283.41,0.67
2006-04-17,SPX,标普500,1289.12,1285.33,1292.29,1281.01,0.88
2006-04-18,SPX,标普500,1285.33,1307.65,1308.89,1285.33,1.83
2006-04-19,SPX,标普500,1307.52,1309.93,1310.36,1302.88,0.57
2006-04-20,SPX,标普500,1309.93,1311.46,1318.12,1306.4,0.89
2006-04-21,SPX,标普500,1311.46,1311.28,1317.66,1306.62,0.84
2006-04-24,SPX,标普500,1311.28,1308.11,1311.28,1303.91,0.56
2006-04-25,SPX,标普500,1308.11,1301.74,1310.63,1299.2,0.87
2006-04-26,SPX,标普500,1301.74,1305.41,1310.87,1301.74,0.7
2006-04-27,SPX,标普500,1305.41,1309.72,1314.74,1295.69,1.46
2006-04-28,SPX,标普500,1309.72,1310.61,1315.82,1306.41,0.72
2006-05-01,SPX,标普500,1310.61,1305.19,1317.06,1304.09,0.99
2006-05-02,SPX,标普500,1305.19,1313.21,1313.34,1305.19,0.62
2006-05-03,SPX,标普500,1313.21,1307.85,1313.21,1303.94,0.71
2006-05-04,SPX,标普500,1307.85,1312.25,1314.86,1307.85,0.54
2006-05-05,SPX,标普500,1312.25,1325.76,1326.52,1312.25,1.09
2006-05-08,SPX,标普500,1325.76,1324.66,1326.68,1322.93,0.28
2006-05-09,SPX,标普500,1324.66,1325.14,1326.56,1322.47,0.31
2006-05-10,SPX,标普500,1324.57,1322.85,1325.3,1317.54,0.59
2006-05-11,SPX,标普500,1322.63,1305.92,1322.63,1303.53,1.44
2006-05-12,SPX,标普500,1305.88,1291.24,1305.88,1290.41,1.18
2006-05-15,SPX,标普500,1291.19,1294.5,1294.55,1284.61,0.77
2006-05-16,SPX,标普500,1294.5,1292.08,1297.87,1288.45,0.73
2006-05-17,SPX,标普500,1291.73,1270.32,1291.73,1267.49,1.88
2006-05-18,SPX,标普500,1270.25,1261.81,1274.79,1261.77,1.02
2006-05-19,SPX,标普500,1261.81,1267.03,1272.01,1256.54,1.23
2006-05-22,SPX,标普500,1267.03,1262.07,1268.71,1252.97,1.24
2006-05-23,SPX,标普500,1262.06,1256.58,1273.56,1256.19,1.38
2006-05-24,SPX,标普500,1256.56,1258.57,1264.53,1245.52,1.51
2006-05-25,SPX,标普500,1258.41,1272.88,1273.25,1258.41,1.18
2006-05-26,SPX,标普500,1272.71,1280.16,1280.53,1272.47,0.63
2006-05-30,SPX,标普500,1279.24,1259.84,1280.04,1259.84,1.58
2006-05-31,SPX,标普500,1259.38,1270.09,1270.09,1259.38,0.85
2006-06-01,SPX,标普500,1270.05,1285.71,1285.71,1269.25,1.3
2006-06-02,SPX,标普500,1285.71,1288.22,1290.54,1280.31,0.8
2006-06-05,SPX,标普500,1288.16,1265.29,1288.16,1264.75,1.82
2006-06-06,SPX,标普500,1265.23,1263.85,1269.77,1254.74,1.19
2006-06-07,SPX,标普500,1263.61,1256.15,1272.43,1255.79,1.32
2006-06-08,SPX,标普500,1256.08,1257.93,1259.92,1235.11,1.98
2006-06-09,SPX,标普500,1257.93,1252.3,1262.63,1250.05,1.0
2006-06-12,SPX,标普500,1252.27,1236.4,1254.86,1236.24,1.49
2006-06-13,SPX,标普500,1236.08,1223.69,1243.36,1222.84,1.66
2006-06-14,SPX,标普500,1223.66,1230.04,1231.4,1219.32,0.99
2006-06-15,SPX,标普500,1230.01,1256.16,1258.66,1230.01,2.33
2006-06-16,SPX,标普500,1255.89,1251.54,1256.27,1246.32,0.79
2006-06-19,SPX,标普500,1251.54,1240.14,1255.89,1237.18,1.49
2006-06-20,SPX,标普500,1240.12,1240.12,1249.02,1239.0,0.81
2006-06-21,SPX,标普500,1240.09,1252.2,1257.95,1240.09,1.44
2006-06-22,SPX,标普500,1251.92,1245.6,1251.92,1241.6,0.82
2006-06-23,SPX,标普500,1245.59,1244.5,1252.85,1241.49,0.91
2006-06-26,SPX,标普500,1244.5,1250.56,1250.93,1243.68,0.58
2006-06-27,SPX,标普500,1250.55,1239.2,1253.34,1238.95,1.15
2006-06-28,SPX,标普500,1238.99,1246.0,1246.82,1237.77,0.73
2006-06-29,SPX,标普500,1245.94,1272.87,1272.87,1245.94,2.16
2006-06-30,SPX,标普500,1272.86,1270.2,1276.25,1270.2,0.48
2006-07-03,SPX,标普500,1270.06,1280.19,1280.38,1270.06,0.81
2006-07-05,SPX,标普500,1280.05,1270.91,1280.05,1266.19,1.08
2006-07-06,SPX,标普500,1270.58,1274.08,1278.36,1270.58,0.61
2006-07-07,SPX,标普500,1274.08,1265.48,1275.35,1263.39,0.94
2006-07-10,SPX,标普500,1265.46,1267.34,1274.06,1264.46,0.76
2006-07-11,SPX,标普500,1267.26,1272.52,1273.61,1259.84,1.09
2006-07-12,SPX,标普500,1272.39,1258.6,1273.2,1257.51,1.23
2006-07-13,SPX,标普500,1258.58,1242.29,1258.58,1241.39,1.37
2006-07-14,SPX,标普500,1242.29,1236.2,1242.39,1228.97,1.08
2006-07-17,SPX,标普500,1236.2,1234.49,1240.03,1231.71,0.67
2006-07-18,SPX,标普500,1234.48,1236.86,1239.62,1224.77,1.2
2006-07-19,SPX,标普500,1236.74,1259.81,1261.57,1236.74,2.01
2006-07-20,SPX,标普500,1259.81,1249.13,1262.43,1249.13,1.06
2006-07-21,SPX,标普500,1249.12,1240.29,1250.78,1238.92,0.95
2006-07-24,SPX,标普500,1240.25,1260.91,1262.52,1240.25,1.8
2006-07-25,SPX,标普500,1260.91,1268.88,1272.39,1257.19,1.21
2006-07-26,SPX,标普500,1268.87,1268.4,1273.51,1262.02,0.91
2006-07-27,SPX,标普500,1268.2,1263.2,1275.85,1261.94,1.1
2006-07-28,SPX,标普500,1263.15,1278.55,1280.4,1263.15,1.37
2006-07-31,SPX,标普500,1278.53,1276.66,1278.53,1274.47,0.32
2006-08-01,SPX,标普500,1276.66,1270.92,1276.66,1265.83,0.85
2006-08-02,SPX,标普500,1270.73,1278.55,1283.39,1270.73,1.0
2006-08-03,SPX,标普500,1278.22,1280.27,1283.7,1271.29,0.97
2006-08-04,SPX,标普500,1280.26,1279.36,1292.86,1273.8,1.49
2006-08-07,SPX,标普500,1279.31,1275.77,1279.31,1273.02,0.49
2006-08-08,SPX,标普500,1275.67,1271.48,1281.68,1268.39,1.04
2006-08-09,SPX,标普500,1271.13,1265.95,1283.52,1264.75,1.48
2006-08-10,SPX,标普500,1265.72,1271.81,1272.55,1261.3,0.89
2006-08-11,SPX,标普500,1271.64,1266.74,1271.64,1262.1,0.75
2006-08-14,SPX,标普500,1266.67,1268.21,1278.86,1266.67,0.96
2006-08-15,SPX,标普500,1268.19,1285.58,1286.22,1268.19,1.42
2006-08-16,SPX,标普500,1285.27,1295.43,1296.0,1285.27,0.83
2006-08-17,SPX,标普500,1295.37,1297.48,1300.79,1292.65,0.63
2006-08-18,SPX,标普500,1297.48,1302.3,1302.3,1293.61,0.67
2006-08-21,SPX,标普500,1302.3,1297.52,1302.3,1295.6,0.51
2006-08-22,SPX,标普500,1297.52,1298.82,1302.46,1294.52,0.61
2006-08-23,SPX,标普500,1298.73,1292.99,1301.31,1289.57,0.9
2006-08-24,SPX,标普500,1292.97,1296.06,1297.15,1291.4,0.44
2006-08-25,SPX,标普500,1295.92,1295.09,1298.82,1292.5,0.49
2006-08-28,SPX,标普500,1295.09,1301.78,1304.99,1294.27,0.83
2006-08-29,SPX,标普500,1301.57,1304.28,1304.96,1295.32,0.74
2006-08-30,SPX,标普500,1303.7,1304.27,1306.69,1302.2,0.34
2006-08-31,SPX,标普500,1304.25,1303.82,1306.1,1302.48,0.28
2006-09-01,SPX,标普500,1303.8,1311.01,1312.0,1303.8,0.63
2006-09-05,SPX,标普500,1310.94,1313.25,1314.65,1308.99,0.43
2006-09-06,SPX,标普500,1313.04,1300.26,1313.04,1299.33,1.04
2006-09-07,SPX,标普500,1300.21,1294.02,1301.17,1292.38,0.68
2006-09-08,SPX,标普500,1294.02,1298.92,1300.02,1294.02,0.46
2006-09-11,SPX,标普500,1298.86,1299.54,1302.26,1290.92,0.87
2006-09-12,SPX,标普500,1299.53,1313.11,1314.02,1299.53,1.12
2006-09-13,SPX,标普500,1312.74,1318.07,1319.86,1311.09,0.67
2006-09-14,SPX,标普500,1318.0,1316.28,1318.0,1313.24,0.36
2006-09-15,SPX,标普500,1316.28,1319.87,1324.68,1316.28,0.64
2006-09-18,SPX,标普500,1319.85,1321.18,1324.84,1318.19,0.5
2006-09-19,SPX,标普500,1321.17,1318.31,1321.94,1312.17,0.74
2006-09-20,SPX,标普500,1318.28,1325.18,1328.36,1318.28,0.76
2006-09-21,SPX,标普500,1324.89,1318.03,1328.12,1315.45,0.96
2006-09-22,SPX,标普500,1318.03,1314.78,1318.03,1311.05,0.53
2006-09-25,SPX,标普500,1314.78,1326.37,1329.18,1311.76,1.32
2006-09-26,SPX,标普500,1326.35,1336.34,1336.5,1325.35,0.84
2006-09-27,SPX,标普500,1336.12,1336.59,1340.0,1333.54,0.48
2006-09-28,SPX,标普500,1336.56,1339.15,1340.09,1333.76,0.47
2006-09-29,SPX,标普500,1339.14,1335.85,1339.9,1335.67,0.32
2006-10-02,SPX,标普500,1335.82,1331.32,1338.43,1330.29,0.61
2006-10-03,SPX,标普500,1331.32,1334.11,1338.34,1327.09,0.85
2006-10-04,SPX,标普500,1333.81,1350.22,1350.22,1331.63,1.39
2006-10-05,SPX,标普500,1349.84,1353.22,1353.69,1347.81,0.44
2006-10-06,SPX,标普500,1353.22,1349.58,1353.22,1344.31,0.66
2006-10-09,SPX,标普500,1349.58,1350.66,1352.45,1346.65,0.43
2006-10-10,SPX,标普500,1350.62,1353.42,1354.12,1348.63,0.41
2006-10-11,SPX,标普500,1353.28,1349.95,1353.96,1344.01,0.74
2006-10-12,SPX,标普500,1349.94,1362.83,1363.63,1349.94,1.01
2006-10-13,SPX,标普500,1362.82,1365.62,1366.6,1360.52,0.45
2006-10-16,SPX,标普500,1365.61,1369.05,1370.1,1364.54,0.41
2006-10-17,SPX,标普500,1369.05,1364.05,1369.05,1356.93,0.89
2006-10-18,SPX,标普500,1363.93,1365.96,1372.74,1361.14,0.85
2006-10-19,SPX,标普500,1365.95,1366.96,1368.05,1362.22,0.43
2006-10-20,SPX,标普500,1366.94,1368.6,1368.65,1362.32,0.46
2006-10-23,SPX,标普500,1368.58,1377.02,1377.36,1364.02,0.97
2006-10-24,SPX,标普500,1377.02,1377.38,1377.7,1372.46,0.38
2006-10-25,SPX,标普500,1377.36,1382.22,1383.61,1376.02,0.55
2006-10-26,SPX,标普500,1382.21,1389.08,1389.41,1379.47,0.72
2006-10-27,SPX,标普500,1388.89,1377.34,1388.89,1375.83,0.94
2006-10-30,SPX,标普500,1377.3,1377.93,1381.14,1373.47,0.56
2006-10-31,SPX,标普500,1377.93,1377.94,1381.08,1372.26,0.64
2006-11-01,SPX,标普500,1377.76,1367.81,1381.78,1366.35,1.12
2006-11-02,SPX,标普500,1367.44,1367.34,1368.23,1362.6,0.41
2006-11-03,SPX,标普500,1367.31,1364.3,1371.69,1361.02,0.78
2006-11-06,SPX,标普500,1364.27,1379.78,1381.25,1364.27,1.24
2006-11-07,SPX,标普500,1379.75,1382.84,1387.98,1379.48,0.62
2006-11-08,SPX,标普500,1382.5,1385.72,1388.6,1376.37,0.88
2006-11-09,SPX,标普500,1385.43,1378.33,1388.88,1377.42,0.83
2006-11-10,SPX,标普500,1379.04,1380.9,1380.9,1375.74,0.37
2006-11-13,SPX,标普500,1380.58,1384.42,1387.4,1378.94,0.61
2006-11-14,SPX,标普500,1384.36,1393.22,1394.46,1379.28,1.1
2006-11-15,SPX,标普500,1392.91,1396.57,1401.27,1392.51,0.63
2006-11-16,SPX,标普500,1396.53,1399.76,1403.74,1396.53,0.52
2006-11-17,SPX,标普500,1399.76,1401.2,1401.21,1394.7,0.47
2006-11-20,SPX,标普500,1401.17,1400.5,1404.39,1397.96,0.46
2006-11-21,SPX,标普500,1400.43,1402.81,1403.49,1399.98,0.25
2006-11-22,SPX,标普500,1402.69,1406.09,1407.79,1402.36,0.39
2006-11-24,SPX,标普500,1405.94,1400.95,1405.94,1399.34,0.47
2006-11-27,SPX,标普500,1400.95,1381.9,1400.95,1381.44,1.39
2006-11-28,SPX,标普500,1381.61,1386.72,1387.64,1378.03,0.7
2006-11-29,SPX,标普500,1386.11,1399.48,1401.12,1386.11,1.08
2006-11-30,SPX,标普500,1399.47,1400.63,1406.2,1394.24,0.85
2006-12-01,SPX,标普500,1400.63,1396.71,1402.25,1386.24,1.14
2006-12-04,SPX,标普500,1396.67,1409.12,1411.2,1396.67,1.04
2006-12-05,SPX,标普500,1409.1,1414.76,1415.21,1408.97,0.44
2006-12-06,SPX,标普500,1414.4,1412.9,1415.68,1411.03,0.33
2006-12-07,SPX,标普500,1412.86,1407.29,1417.99,1406.82,0.79
2006-12-08,SPX,标普500,1407.27,1409.84,1413.94,1403.75,0.72
2006-12-11,SPX,标普500,1409.81,1413.04,1415.26,1408.79,0.46
2006-12-12,SPX,标普500,1413.0,1411.56,1413.66,1404.84,0.62
2006-12-13,SPX,标普500,1411.32,1413.21,1416.6,1411.32,0.37
2006-12-14,SPX,标普500,1413.16,1425.49,1427.09,1413.16,0.99
2006-12-15,SPX,标普500,1425.48,1427.09,1431.57,1425.48,0.43
2006-12-18,SPX,标普500,1427.08,1422.48,1431.66,1420.65,0.77
2006-12-19,SPX,标普500,1422.42,1425.55,1427.73,1414.76,0.91
2006-12-20,SPX,标普500,1425.51,1423.53,1429.01,1423.5,0.39
2006-12-21,SPX,标普500,1423.2,1418.3,1426.51,1415.88,0.75
2006-12-22,SPX,标普500,1418.1,1410.76,1418.81,1410.29,0.6
2006-12-26,SPX,标普500,1410.75,1416.9,1417.9,1410.59,0.52
2006-12-27,SPX,标普500,1416.63,1426.84,1427.49,1416.63,0.77
2006-12-28,SPX,标普500,1426.77,1424.73,1427.22,1422.04,0.36
2006-12-29,SPX,标普500,1424.71,1418.3,1426.99,1417.32,0.68
2007-01-03,SPX,标普500,1418.03,1416.6,1429.25,1407.7,1.52
2007-01-04,SPX,标普500,1416.6,1418.34,1421.79,1408.56,0.93
2007-01-05,SPX,标普500,1418.34,1409.71,1418.34,1405.89,0.88
2007-01-08,SPX,标普500,1409.26,1412.84,1414.99,1404.08,0.77
2007-01-09,SPX,标普500,1412.84,1412.11,1415.47,1405.5,0.71
2007-01-10,SPX,标普500,1411.94,1414.85,1415.99,1405.13,0.77
2007-01-11,SPX,标普500,1414.84,1423.82,1427.11,1414.84,0.87
2007-01-12,SPX,标普500,1423.82,1430.73,1431.25,1422.62,0.61
2007-01-16,SPX,标普500,1430.73,1431.9,1433.85,1428.74,0.36
2007-01-17,SPX,标普500,1431.77,1430.62,1435.25,1428.69,0.46
2007-01-18,SPX,标普500,1430.59,1426.37,1433.11,1424.25,0.62
2007-01-19,SPX,标普500,1426.35,1430.5,1431.48,1425.34,0.43
2007-01-22,SPX,标普500,1430.47,1422.95,1431.43,1420.5,0.76
2007-01-23,SPX,标普500,1422.95,1427.99,1431.25,1421.65,0.67
2007-01-24,SPX,标普500,1427.96,1440.13,1440.13,1427.96,0.85
2007-01-25,SPX,标普500,1440.12,1423.9,1440.19,1422.54,1.23
2007-01-26,SPX,标普500,1423.9,1422.18,1427.24,1417.27,0.7
2007-01-29,SPX,标普500,1422.03,1420.62,1426.94,1418.85,0.57
2007-01-30,SPX,标普500,1420.61,1428.82,1428.82,1420.61,0.58
2007-01-31,SPX,标普500,1428.65,1438.24,1441.57,1424.91,1.17
2007-02-01,SPX,标普500,1437.9,1445.94,1446.63,1437.9,0.61
2007-02-02,SPX,标普500,1445.94,1448.39,1449.3,1444.53,0.33
2007-02-05,SPX,标普500,1448.33,1446.99,1449.36,1443.9,0.38
2007-02-06,SPX,标普500,1446.98,1448.0,1450.13,1443.82,0.44
2007-02-07,SPX,标普500,1447.41,1450.02,1452.98,1446.47,0.45
2007-02-08,SPX,标普500,1449.99,1448.31,1450.39,1442.86,0.52
2007-02-09,SPX,标普500,1448.25,1438.06,1452.4,1433.84,1.28
2007-02-12,SPX,标普500,1438.0,1433.37,1439.07,1431.42,0.53
2007-02-13,SPX,标普500,1433.22,1444.26,1444.4,1433.22,0.78
2007-02-14,SPX,标普500,1443.91,1455.3,1457.59,1443.91,0.95
2007-02-15,SPX,标普500,1455.15,1456.81,1457.96,1453.25,0.32
2007-02-16,SPX,标普500,1456.77,1455.54,1456.77,1451.92,0.33
2007-02-20,SPX,标普500,1455.53,1459.68,1460.51,1449.32,0.77
2007-02-21,SPX,标普500,1459.6,1457.63,1459.6,1452.07,0.52
2007-02-22,SPX,标普500,1457.29,1456.38,1461.7,1450.7,0.75
2007-02-23,SPX,标普500,1456.22,1451.19,1456.22,1448.42,0.54
2007-02-26,SPX,标普500,1451.04,1449.37,1456.74,1445.7,0.76
2007-02-27,SPX,标普500,1449.25,1399.04,1449.25,1390.54,4.05
2007-02-28,SPX,标普500,1398.64,1406.82,1415.69,1396.72,1.36
2007-03-01,SPX,标普500,1406.8,1403.17,1409.46,1381.73,1.97
2007-03-02,SPX,标普500,1403.16,1387.17,1403.28,1386.94,1.16
2007-03-05,SPX,标普500,1387.11,1374.12,1391.75,1374.06,1.28
2007-03-06,SPX,标普500,1374.06,1395.41,1397.79,1374.06,1.73
2007-03-07,SPX,标普500,1395.02,1391.97,1400.99,1390.99,0.72
2007-03-08,SPX,标普500,1391.88,1401.89,1407.82,1391.88,1.15
2007-03-09,SPX,标普500,1401.89,1402.85,1409.83,1397.42,0.89
2007-03-12,SPX,标普500,1402.8,1406.6,1409.33,1398.4,0.78
2007-03-13,SPX,标普500,1406.23,1377.95,1406.23,1377.91,2.01
2007-03-14,SPX,标普500,1377.86,1387.17,1388.14,1364.18,1.74
2007-03-15,SPX,标普500,1387.11,1392.28,1395.41,1385.21,0.74
2007-03-16,SPX,标普500,1392.28,1386.95,1397.5,1383.67,0.99
2007-03-19,SPX,标普500,1386.95,1402.06,1403.18,1386.95,1.17
2007-03-20,SPX,标普500,1402.04,1410.94,1411.18,1400.88,0.73
2007-03-21,SPX,标普500,1410.92,1435.04,1437.2,1409.85,1.94
2007-03-22,SPX,标普500,1435.04,1434.54,1437.59,1430.08,0.52
2007-03-23,SPX,标普500,1434.54,1436.11,1439.35,1433.24,0.43
2007-03-26,SPX,标普500,1436.11,1437.5,1437.64,1423.54,0.98
2007-03-27,SPX,标普500,1437.49,1428.61,1437.49,1425.53,0.83
2007-03-28,SPX,标普500,1428.35,1417.23,1428.35,1414.2,0.99
2007-03-29,SPX,标普500,1417.17,1422.53,1426.21,1413.35,0.91
2007-03-30,SPX,标普500,1422.52,1420.86,1429.17,1409.58,1.38
2007-04-02,SPX,标普500,1420.85,1424.55,1425.48,1416.64,0.62
2007-04-03,SPX,标普500,1424.27,1437.77,1440.56,1424.27,1.14
2007-04-04,SPX,标普500,1437.75,1439.37,1440.03,1435.45,0.32
2007-04-05,SPX,标普500,1438.94,1443.76,1444.85,1436.7,0.57
2007-04-09,SPX,标普500,1443.77,1444.61,1448.09,1443.4,0.32
2007-04-10,SPX,标普500,1444.58,1448.39,1448.64,1444.07,0.32
2007-04-11,SPX,标普500,1448.23,1438.87,1448.4,1436.58,0.82
2007-04-12,SPX,标普500,1438.87,1447.8,1448.03,1433.93,0.98
2007-04-13,SPX,标普500,1447.8,1452.85,1452.93,1444.22,0.6
2007-04-16,SPX,标普500,1452.84,1468.47,1468.55,1452.84,1.08
2007-04-17,SPX,标普500,1468.47,1471.48,1474.09,1467.14,0.47
2007-04-18,SPX,标普500,1471.47,1472.5,1476.42,1466.4,0.68
2007-04-19,SPX,标普500,1472.48,1470.73,1474.18,1464.76,0.64
2007-04-20,SPX,标普500,1470.69,1484.35,1484.65,1470.69,0.95
2007-04-23,SPX,标普500,1484.33,1480.93,1487.27,1480.17,0.48
2007-04-24,SPX,标普500,1480.93,1480.41,1483.87,1473.79,0.68
2007-04-25,SPX,标普500,1480.28,1495.42,1496.43,1480.28,1.09
2007-04-26,SPX,标普500,1495.27,1494.25,1498.03,1491.39,0.44
2007-04-27,SPX,标普500,1494.21,1494.07,1497.19,1488.83,0.56
2007-04-30,SPX,标普500,1494.07,1482.37,1497.18,1482.29,1.0
2007-05-01,SPX,标普500,1482.37,1486.3,1487.11,1476.7,0.7
2007-05-02,SPX,标普500,1486.13,1495.92,1499.1,1486.13,0.87
2007-05-03,SPX,标普500,1495.56,1502.39,1503.26,1495.56,0.51
2007-05-04,SPX,标普500,1502.35,1505.62,1510.17,1502.02,0.54
2007-05-07,SPX,标普500,1505.57,1509.48,1510.83,1505.57,0.35
2007-05-08,SPX,标普500,1509.36,1507.72,1509.36,1500.77,0.57
2007-05-09,SPX,标普500,1507.32,1512.58,1513.67,1504.08,0.64
2007-05-10,SPX,标普500,1512.33,1491.47,1512.33,1491.38,1.39
2007-05-11,SPX,标普500,1491.31,1505.85,1506.17,1491.31,1.0
2007-05-14,SPX,标普500,1505.76,1503.15,1510.9,1498.34,0.83
2007-05-15,SPX,标普500,1503.11,1501.19,1514.83,1500.43,0.96
2007-05-16,SPX,标普500,1500.75,1514.14,1514.15,1500.75,0.89
2007-05-17,SPX,标普500,1514.01,1512.75,1517.14,1509.29,0.52
2007-05-18,SPX,标普500,1512.74,1522.75,1522.75,1512.74,0.66
2007-05-21,SPX,标普500,1522.75,1525.1,1529.87,1522.71,0.47
2007-05-22,SPX,标普500,1525.1,1524.12,1529.24,1522.05,0.47
2007-05-23,SPX,标普500,1524.09,1522.28,1532.43,1521.9,0.69
2007-05-24,SPX,标普500,1522.1,1507.51,1529.31,1505.18,1.59
2007-05-25,SPX,标普500,1507.5,1515.73,1517.41,1507.5,0.66
2007-05-28,SPX,标普500,1515.73,1515.73,1515.73,1515.73,0.0
2007-05-29,SPX,标普500,1515.55,1518.11,1521.8,1512.02,0.65
2007-05-30,SPX,标普500,1517.6,1530.23,1530.23,1510.06,1.33
2007-05-31,SPX,标普500,1530.19,1530.62,1535.56,1528.26,0.48
2007-06-01,SPX,标普500,1530.62,1536.34,1540.56,1530.62,0.65
2007-06-04,SPX,标普500,1536.28,1539.18,1540.53,1532.31,0.54
2007-06-05,SPX,标普500,1539.12,1530.95,1539.12,1525.62,0.88
2007-06-06,SPX,标普500,1530.57,1517.38,1530.57,1514.13,1.07
2007-06-07,SPX,标普500,1517.36,1490.72,1517.36,1490.37,1.78
2007-06-08,SPX,标普500,1490.71,1507.67,1507.76,1487.41,1.37
2007-06-11,SPX,标普500,1507.64,1509.12,1515.53,1503.35,0.81
2007-06-12,SPX,标普500,1509.12,1493.0,1511.33,1492.97,1.22
2007-06-13,SPX,标普500,1492.65,1515.67,1515.7,1492.65,1.54
2007-06-14,SPX,标普500,1515.58,1522.97,1526.45,1515.58,0.72
2007-06-15,SPX,标普500,1525.46,1532.91,1538.71,1525.46,0.87
2007-06-18,SPX,标普500,1532.9,1531.05,1535.44,1529.31,0.4
2007-06-19,SPX,标普500,1531.02,1533.7,1535.85,1525.67,0.66
2007-06-20,SPX,标普500,1533.68,1512.84,1537.32,1512.36,1.63
2007-06-21,SPX,标普500,1512.5,1522.19,1522.9,1504.75,1.2
2007-06-22,SPX,标普500,1522.19,1502.56,1522.19,1500.74,1.41
2007-06-25,SPX,标普500,1502.56,1497.74,1514.29,1492.68,1.44
2007-06-26,SPX,标普500,1497.68,1492.89,1506.12,1490.54,1.04
2007-06-27,SPX,标普500,1492.62,1506.34,1506.8,1484.18,1.52
2007-06-28,SPX,标普500,1506.32,1505.71,1514.84,1503.41,0.76
2007-06-29,SPX,标普500,1505.7,1503.35,1517.53,1493.61,1.59
2007-07-02,SPX,标普500,1504.66,1519.43,1519.45,1504.66,0.98
2007-07-03,SPX,标普500,1519.12,1524.87,1526.01,1519.12,0.45
2007-07-04,SPX,标普500,1524.87,1524.87,1524.87,1524.87,0.0
2007-07-05,SPX,标普500,1524.86,1525.4,1526.57,1517.72,0.58
2007-07-06,SPX,标普500,1524.96,1530.44,1532.4,1520.47,0.78
2007-07-09,SPX,标普500,1530.43,1531.85,1534.26,1527.45,0.44
2007-07-10,SPX,标普500,1531.85,1510.12,1531.85,1510.01,1.43
2007-07-11,SPX,标普500,1509.93,1518.76,1519.34,1506.1,0.88
2007-07-12,SPX,标普500,1518.74,1547.7,1547.92,1518.74,1.92
2007-07-13,SPX,标普500,1547.68,1552.5,1555.1,1544.85,0.66
2007-07-16,SPX,标普500,1552.5,1549.52,1555.9,1546.69,0.59
2007-07-17,SPX,标普500,1549.52,1549.37,1555.32,1547.74,0.49
2007-07-18,SPX,标普500,1549.2,1546.17,1549.2,1533.67,1.0
2007-07-19,SPX,标普500,1546.13,1553.08,1555.2,1546.13,0.59
2007-07-20,SPX,标普500,1553.19,1534.1,1553.19,1529.2,1.54
2007-07-23,SPX,标普500,1534.06,1541.57,1547.23,1534.06,0.86
2007-07-24,SPX,标普500,1541.57,1511.04,1541.57,1508.62,2.14
2007-07-25,SPX,标普500,1511.03,1518.09,1524.31,1503.73,1.36
2007-07-26,SPX,标普500,1518.09,1482.66,1518.09,1465.3,3.48
2007-07-27,SPX,标普500,1482.44,1458.95,1488.53,1458.95,2.0
2007-07-30,SPX,标普500,1458.93,1473.91,1477.88,1454.32,1.61
2007-07-31,SPX,标普500,1473.9,1455.27,1488.3,1454.25,2.31
2007-08-01,SPX,标普500,1455.18,1465.81,1468.38,1439.59,1.98
2007-08-02,SPX,标普500,1465.46,1472.2,1476.43,1460.58,1.08
2007-08-03,SPX,标普500,1472.18,1433.06,1473.23,1432.8,2.75
2007-08-06,SPX,标普500,1433.04,1467.67,1467.67,1427.39,2.81
2007-08-07,SPX,标普500,1467.62,1476.71,1488.3,1455.8,2.21
2007-08-08,SPX,标普500,1476.22,1497.49,1503.89,1476.22,1.87
2007-08-09,SPX,标普500,1497.21,1453.09,1497.21,1453.09,2.95
2007-08-10,SPX,标普500,1453.09,1453.64,1462.02,1429.74,2.22
2007-08-13,SPX,标普500,1453.42,1452.92,1466.29,1451.54,1.01
2007-08-14,SPX,标普500,1452.87,1426.54,1456.74,1426.2,2.1
2007-08-15,SPX,标普500,1426.15,1406.7,1440.78,1404.36,2.55
2007-08-16,SPX,标普500,1406.64,1411.27,1415.97,1370.6,3.23
2007-08-17,SPX,标普500,1411.26,1445.94,1450.33,1411.26,2.77
2007-08-20,SPX,标普500,1445.94,1445.55,1451.75,1430.54,1.47
2007-08-21,SPX,标普500,1445.55,1447.12,1455.32,1439.76,1.08
2007-08-22,SPX,标普500,1447.03,1464.07,1464.86,1447.03,1.23
2007-08-23,SPX,标普500,1464.05,1462.5,1472.06,1453.88,1.24
2007-08-24,SPX,标普500,1462.34,1479.37,1479.4,1460.54,1.29
2007-08-27,SPX,标普500,1479.36,1466.79,1479.36,1465.98,0.9
2007-08-28,SPX,标普500,1466.72,1432.36,1466.72,1432.01,2.37
2007-08-29,SPX,标普500,1432.01,1463.76,1463.76,1432.01,2.22
2007-08-30,SPX,标普500,1463.67,1457.64,1468.43,1451.25,1.17
2007-08-31,SPX,标普500,1457.61,1473.99,1481.47,1457.61,1.64
2007-09-04,SPX,标普500,1473.96,1489.42,1496.4,1472.15,1.65
2007-09-05,SPX,标普500,1488.76,1472.29,1488.76,1466.34,1.51
2007-09-06,SPX,标普500,1472.03,1478.55,1481.49,1467.41,0.96
2007-09-07,SPX,标普500,1478.55,1453.55,1478.55,1449.07,1.99
2007-09-10,SPX,标普500,1453.5,1451.7,1462.25,1439.29,1.58
2007-09-11,SPX,标普500,1451.69,1471.49,1472.48,1451.69,1.43
2007-09-12,SPX,标普500,1471.1,1471.56,1479.5,1465.75,0.93
2007-09-13,SPX,标普500,1471.47,1483.95,1489.58,1471.47,1.23
2007-09-14,SPX,标普500,1483.95,1484.25,1485.99,1473.18,0.86
2007-09-17,SPX,标普500,1484.24,1476.65,1484.24,1471.82,0.84
2007-09-18,SPX,标普500,1476.63,1519.78,1519.89,1476.63,2.93
2007-09-19,SPX,标普500,1519.75,1529.03,1538.74,1519.75,1.25
2007-09-20,SPX,标普500,1528.69,1518.75,1529.14,1516.42,0.83
2007-09-21,SPX,标普500,1518.75,1525.75,1530.89,1518.75,0.8
2007-09-24,SPX,标普500,1525.75,1517.73,1530.18,1516.15,0.92
2007-09-25,SPX,标普500,1516.34,1517.21,1518.27,1507.13,0.73
2007-09-26,SPX,标普500,1518.62,1525.42,1529.39,1518.62,0.71
2007-09-27,SPX,标普500,1527.32,1531.38,1532.46,1525.81,0.44
2007-09-28,SPX,标普500,1531.24,1526.75,1533.74,1521.99,0.77
2007-10-01,SPX,标普500,1527.29,1547.04,1549.02,1527.25,1.43
2007-10-02,SPX,标普500,1546.96,1546.63,1548.01,1540.37,0.49
2007-10-03,SPX,标普500,1545.8,1539.59,1545.84,1536.34,0.61
2007-10-04,SPX,标普500,1539.91,1542.84,1544.02,1537.63,0.42
2007-10-05,SPX,标普500,1543.84,1557.59,1561.91,1543.84,1.17
2007-10-08,SPX,标普500,1556.51,1552.58,1556.51,1549.0,0.48
2007-10-09,SPX,标普500,1553.18,1565.15,1565.26,1551.82,0.87
2007-10-10,SPX,标普500,1564.98,1562.47,1565.42,1555.46,0.64
2007-10-11,SPX,标普500,1564.72,1554.41,1576.09,1546.72,1.88
2007-10-12,SPX,标普500,1555.41,1561.8,1563.03,1554.09,0.58
2007-10-15,SPX,标普500,1562.25,1548.71,1564.74,1540.81,1.53
2007-10-16,SPX,标普500,1547.81,1538.53,1547.81,1536.29,0.74
2007-10-17,SPX,标普500,1544.44,1541.24,1550.66,1526.01,1.6
2007-10-18,SPX,标普500,1539.29,1540.08,1542.79,1531.76,0.72
2007-10-19,SPX,标普500,1540.0,1500.63,1540.0,1500.26,2.58
2007-10-22,SPX,标普500,1497.79,1506.33,1508.06,1490.4,1.18
2007-10-23,SPX,标普500,1509.3,1519.59,1520.01,1503.61,1.09
2007-10-24,SPX,标普500,1516.61,1515.88,1517.23,1489.56,1.82
2007-10-25,SPX,标普500,1516.15,1514.4,1523.24,1500.46,1.5
2007-10-26,SPX,标普500,1522.17,1535.28,1535.53,1520.18,1.01
2007-10-29,SPX,标普500,1536.92,1540.98,1544.67,1536.43,0.54
2007-10-30,SPX,标普500,1539.42,1531.02,1539.42,1529.55,0.64
2007-10-31,SPX,标普500,1532.15,1549.38,1552.76,1529.4,1.53
2007-11-01,SPX,标普500,1545.79,1508.44,1545.79,1506.66,2.53
2007-11-02,SPX,标普500,1511.07,1509.65,1513.15,1492.53,1.37
2007-11-05,SPX,标普500,1505.61,1502.17,1510.84,1489.95,1.38
2007-11-06,SPX,标普500,1505.33,1520.27,1520.77,1499.07,1.44
2007-11-07,SPX,标普500,1515.46,1475.62,1515.46,1475.04,2.66
2007-11-08,SPX,标普500,1475.27,1474.77,1482.5,1450.31,2.18
2007-11-09,SPX,标普500,1467.59,1453.7,1474.09,1448.51,1.73
2007-11-12,SPX,标普500,1453.66,1439.18,1464.94,1438.53,1.82
2007-11-13,SPX,标普500,1438.8,1481.05,1481.18,1438.8,2.94
2007-11-14,SPX,标普500,1480.67,1470.58,1491.51,1466.99,1.66
2007-11-15,SPX,标普500,1470.52,1451.15,1472.25,1443.5,1.96
2007-11-16,SPX,标普500,1451.11,1458.74,1462.31,1444.74,1.21
2007-11-19,SPX,标普500,1458.71,1433.27,1458.71,1430.55,1.93
2007-11-20,SPX,标普500,1433.19,1439.7,1452.16,1420.33,2.22
2007-11-21,SPX,标普500,1439.62,1416.77,1439.62,1415.73,1.66
2007-11-23,SPX,标普500,1416.61,1440.7,1440.7,1416.61,1.7
2007-11-26,SPX,标普500,1440.69,1407.22,1445.59,1406.36,2.72
2007-11-27,SPX,标普500,1406.85,1428.23,1429.32,1406.85,1.6
2007-11-28,SPX,标普500,1427.78,1469.02,1471.44,1427.78,3.06
2007-11-29,SPX,标普500,1468.92,1469.72,1473.75,1458.29,1.05
2007-11-30,SPX,标普500,1469.72,1481.14,1488.74,1469.72,1.29
2007-12-03,SPX,标普500,1481.09,1472.42,1481.16,1470.45,0.72
2007-12-04,SPX,标普500,1472.41,1462.79,1472.41,1460.55,0.81
2007-12-05,SPX,标普500,1462.06,1485.01,1485.85,1462.06,1.63
2007-12-06,SPX,标普500,1484.87,1507.34,1507.9,1482.29,1.72
2007-12-07,SPX,标普500,1507.33,1504.66,1510.41,1502.71,0.51
2007-12-10,SPX,标普500,1504.6,1515.96,1518.26,1504.6,0.91
2007-12-11,SPX,标普500,1515.94,1477.65,1523.27,1476.86,3.06
2007-12-12,SPX,标普500,1477.46,1486.59,1511.24,1469.44,2.83
2007-12-13,SPX,标普500,1486.54,1488.41,1489.13,1469.78,1.3
2007-12-14,SPX,标普500,1488.39,1467.95,1488.39,1467.87,1.38
2007-12-17,SPX,标普500,1467.92,1445.9,1467.92,1445.46,1.53
2007-12-18,SPX,标普500,1445.89,1454.98,1459.88,1436.13,1.64
2007-12-19,SPX,标普500,1454.94,1453.0,1464.4,1445.49,1.3
2007-12-20,SPX,标普500,1452.62,1460.12,1461.48,1447.23,0.98
2007-12-21,SPX,标普500,1459.89,1484.46,1485.33,1459.89,1.74
2007-12-24,SPX,标普500,1484.45,1496.45,1497.21,1484.45,0.86
2007-12-26,SPX,标普500,1496.43,1497.66,1498.6,1488.41,0.68
2007-12-27,SPX,标普500,1497.23,1476.37,1497.23,1475.97,1.42
2007-12-28,SPX,标普500,1476.23,1478.49,1487.9,1471.74,1.09
2007-12-31,SPX,标普500,1478.46,1468.36,1478.46,1465.32,0.89
2008-01-02,SPX,标普500,1468.07,1447.16,1471.46,1442.27,1.99
2008-01-03,SPX,标普500,1447.16,1447.16,1456.74,1444.11,0.87
2008-01-04,SPX,标普500,1447.16,1411.63,1447.16,1411.16,2.49
2008-01-07,SPX,标普500,1411.62,1416.18,1423.83,1404.01,1.4
2008-01-08,SPX,标普500,1415.71,1390.19,1430.13,1388.61,2.93
2008-01-09,SPX,标普500,1390.08,1409.13,1409.2,1379.23,2.16
2008-01-10,SPX,标普500,1409.11,1420.33,1429.07,1395.3,2.4
2008-01-11,SPX,标普500,1420.24,1401.02,1420.24,1395.65,1.73
2008-01-14,SPX,标普500,1401.02,1416.25,1417.87,1401.02,1.2
2008-01-15,SPX,标普500,1416.24,1380.95,1416.24,1380.61,2.52
2008-01-16,SPX,标普500,1380.79,1373.2,1391.86,1364.3,2.0
2008-01-17,SPX,标普500,1373.15,1333.25,1378.0,1331.34,3.4
2008-01-18,SPX,标普500,1333.22,1325.19,1350.08,1312.43,2.82
2008-01-22,SPX,标普500,1325.19,1310.5,1325.19,1274.4,3.83
2008-01-23,SPX,标普500,1310.47,1338.6,1338.82,1269.87,5.26
2008-01-24,SPX,标普500,1338.56,1352.07,1355.04,1335.07,1.49
2008-01-25,SPX,标普500,1352.05,1330.61,1368.42,1327.56,3.02
2008-01-28,SPX,标普500,1330.59,1353.97,1353.97,1322.42,2.37
2008-01-29,SPX,标普500,1353.89,1362.3,1364.8,1350.71,1.04
2008-01-30,SPX,标普500,1362.23,1355.81,1385.76,1353.15,2.39
2008-01-31,SPX,标普500,1355.58,1378.55,1385.43,1334.25,3.77
2008-02-01,SPX,标普500,1378.55,1395.42,1395.89,1376.32,1.42
2008-02-04,SPX,标普500,1395.41,1380.82,1395.41,1379.69,1.13
2008-02-05,SPX,标普500,1380.79,1336.64,1380.79,1336.64,3.2
2008-02-06,SPX,标普500,1336.11,1326.45,1351.81,1324.49,2.04
2008-02-07,SPX,标普500,1326.13,1336.91,1346.7,1316.76,2.26
2008-02-08,SPX,标普500,1336.89,1331.29,1340.55,1321.31,1.44
2008-02-11,SPX,标普500,1331.22,1339.13,1340.99,1320.62,1.53
2008-02-12,SPX,标普500,1339.08,1348.86,1361.81,1339.08,1.7
2008-02-13,SPX,标普500,1348.35,1367.21,1369.16,1348.35,1.54
2008-02-14,SPX,标普500,1367.17,1348.86,1367.63,1347.71,1.46
2008-02-15,SPX,标普500,1348.78,1349.99,1349.99,1338.37,0.86
2008-02-19,SPX,标普500,1349.98,1348.78,1367.39,1345.44,1.63
2008-02-20,SPX,标普500,1348.7,1360.03,1363.35,1336.49,1.99
2008-02-21,SPX,标普500,1359.57,1342.53,1367.35,1339.65,2.04
2008-02-22,SPX,标普500,1342.39,1353.11,1353.93,1327.34,1.98
2008-02-25,SPX,标普500,1353.08,1371.8,1374.17,1346.43,2.05
2008-02-26,SPX,标普500,1371.79,1381.29,1387.03,1363.33,1.73
2008-02-27,SPX,标普500,1380.98,1380.02,1387.65,1372.03,1.13
2008-02-28,SPX,标普500,1379.86,1367.68,1379.86,1363.43,1.19
2008-02-29,SPX,标普500,1367.64,1330.63,1367.64,1325.58,3.08
2008-03-03,SPX,标普500,1330.6,1331.34,1335.01,1320.26,1.11
2008-03-04,SPX,标普500,1331.33,1326.75,1331.33,1307.66,1.78
2008-03-05,SPX,标普500,1326.3,1333.7,1343.47,1320.58,1.73
2008-03-06,SPX,标普500,1333.5,1304.34,1333.5,1303.74,2.23
2008-03-07,SPX,标普500,1304.32,1293.37,1312.81,1282.52,2.32
2008-03-10,SPX,标普500,1293.31,1273.37,1294.31,1272.78,1.66
2008-03-11,SPX,标普500,1273.32,1320.65,1320.65,1273.32,3.72
2008-03-12,SPX,标普500,1320.29,1308.77,1332.71,1308.12,1.86
2008-03-13,SPX,标普500,1308.72,1315.48,1321.63,1282.11,3.02
2008-03-14,SPX,标普500,1315.45,1288.14,1320.58,1275.34,3.44
2008-03-17,SPX,标普500,1287.94,1276.6,1287.94,1257.3,2.38
2008-03-18,SPX,标普500,1276.57,1330.74,1330.74,1276.57,4.24
2008-03-19,SPX,标普500,1330.72,1298.42,1341.31,1298.42,3.22
2008-03-20,SPX,标普500,1298.42,1329.51,1330.51,1295.44,2.7
2008-03-24,SPX,标普500,1329.51,1349.88,1359.56,1329.51,2.26
2008-03-25,SPX,标普500,1349.87,1352.99,1357.14,1341.18,1.18
2008-03-26,SPX,标普500,1352.95,1341.13,1352.95,1336.69,1.2
2008-03-27,SPX,标普500,1340.88,1325.76,1345.65,1325.76,1.48
2008-03-28,SPX,标普500,1325.7,1315.22,1334.74,1313.72,1.59
2008-03-31,SPX,标普500,1315.21,1322.7,1328.09,1312.86,1.16
2008-04-01,SPX,标普500,1322.7,1370.18,1370.18,1322.7,3.59
2008-04-02,SPX,标普500,1369.9,1367.53,1377.8,1361.69,1.18
2008-04-03,SPX,标普500,1367.52,1369.31,1375.65,1359.12,1.21
2008-04-04,SPX,标普500,1369.29,1370.4,1380.67,1362.92,1.3
2008-04-07,SPX,标普500,1370.39,1372.54,1386.11,1369.09,1.24
2008-04-08,SPX,标普500,1372.08,1365.54,1372.08,1360.74,0.83
2008-04-09,SPX,标普500,1365.44,1354.49,1368.08,1350.25,1.31
2008-04-10,SPX,标普500,1354.42,1360.55,1367.15,1350.51,1.23
2008-04-11,SPX,标普500,1360.46,1332.83,1360.46,1331.37,2.14
2008-04-14,SPX,标普500,1332.81,1328.32,1335.5,1326.36,0.69
2008-04-15,SPX,标普500,1328.31,1334.43,1337.35,1324.35,0.98
2008-04-16,SPX,标普500,1334.28,1364.71,1365.48,1334.28,2.34
2008-04-17,SPX,标普500,1364.67,1365.56,1368.46,1357.47,0.81
2008-04-18,SPX,标普500,1365.55,1390.33,1395.66,1365.55,2.2
2008-04-21,SPX,标普500,1390.29,1388.17,1390.29,1379.52,0.77
2008-04-22,SPX,标普500,1388.14,1375.94,1388.14,1369.83,1.32
2008-04-23,SPX,标普500,1375.93,1379.93,1387.63,1372.17,1.12
2008-04-24,SPX,标普500,1379.93,1388.82,1397.12,1371.06,1.89
2008-04-25,SPX,标普500,1388.8,1397.84,1398.53,1380.07,1.33
2008-04-28,SPX,标普500,1397.78,1396.37,1402.82,1394.42,0.6
2008-04-29,SPX,标普500,1396.34,1390.94,1396.6,1386.74,0.71
2008-04-30,SPX,标普500,1390.88,1385.59,1404.3,1384.61,1.42
2008-05-01,SPX,标普500,1385.32,1409.34,1410.0,1383.09,1.94
2008-05-02,SPX,标普500,1409.34,1413.9,1422.5,1406.57,1.13
2008-05-05,SPX,标普500,1413.88,1407.49,1415.26,1404.35,0.77
2008-05-06,SPX,标普500,1407.44,1418.26,1421.17,1397.33,1.69
2008-05-07,SPX,标普500,1417.83,1392.57,1419.47,1391.18,1.99
2008-05-08,SPX,标普500,1392.52,1397.68,1402.28,1389.79,0.9
2008-05-09,SPX,标普500,1397.68,1388.28,1397.68,1384.2,0.96
2008-05-12,SPX,标普500,1388.24,1403.58,1403.75,1386.34,1.25
2008-05-13,SPX,标普500,1403.37,1403.04,1406.26,1396.26,0.71
2008-05-14,SPX,标普500,1402.81,1408.66,1420.08,1402.81,1.23
2008-05-15,SPX,标普500,1408.41,1423.57,1423.96,1406.95,1.21
2008-05-16,SPX,标普500,1423.53,1425.35,1425.84,1414.46,0.8
2008-05-19,SPX,标普500,1425.3,1426.63,1440.2,1421.83,1.29
2008-05-20,SPX,标普500,1426.63,1413.4,1426.63,1409.2,1.22
2008-05-21,SPX,标普500,1413.3,1390.71,1418.92,1388.9,2.12
2008-05-22,SPX,标普500,1390.45,1394.35,1399.08,1390.44,0.62
2008-05-23,SPX,标普500,1394.33,1375.93,1394.33,1373.92,1.46
2008-05-27,SPX,标普500,1375.92,1385.35,1387.0,1373.6,0.97
2008-05-28,SPX,标普500,1385.1,1390.84,1391.3,1378.67,0.91
2008-05-29,SPX,标普500,1390.69,1398.26,1405.86,1388.64,1.24
2008-05-30,SPX,标普500,1398.24,1400.38,1404.31,1398.24,0.43
2008-06-02,SPX,标普500,1400.34,1385.67,1400.34,1377.74,1.61
2008-06-03,SPX,标普500,1385.62,1377.65,1392.93,1370.58,1.61
2008-06-04,SPX,标普500,1376.97,1377.2,1387.9,1372.0,1.15
2008-06-05,SPX,标普500,1377.09,1404.05,1404.05,1377.09,1.96
2008-06-06,SPX,标普500,1403.9,1360.68,1403.9,1359.92,3.13
2008-06-09,SPX,标普500,1360.63,1361.76,1370.51,1350.63,1.46
2008-06-10,SPX,标普500,1361.76,1358.44,1366.82,1351.46,1.13
2008-06-11,SPX,标普500,1358.18,1335.49,1358.18,1335.46,1.67
2008-06-12,SPX,标普500,1335.4,1339.87,1352.49,1331.22,1.59
2008-06-13,SPX,标普500,1339.84,1360.03,1360.03,1339.84,1.51
2008-06-16,SPX,标普500,1360.03,1360.14,1364.54,1352.2,0.91
2008-06-17,SPX,标普500,1360.13,1350.93,1366.59,1350.75,1.16
2008-06-18,SPX,标普500,1350.92,1337.81,1350.92,1333.28,1.31
2008-06-19,SPX,标普500,1337.46,1342.83,1347.24,1330.78,1.23
2008-06-20,SPX,标普500,1342.82,1317.93,1342.82,1314.55,2.11
2008-06-23,SPX,标普500,1319.77,1318.0,1323.78,1315.31,0.64
2008-06-24,SPX,标普500,1317.23,1314.29,1326.02,1304.42,1.64
2008-06-25,SPX,标普500,1314.23,1321.97,1335.01,1314.23,1.58
2008-06-26,SPX,标普500,1321.59,1283.15,1321.59,1283.15,2.91
2008-06-27,SPX,标普500,1283.11,1278.38,1288.92,1272.01,1.32
2008-06-30,SPX,标普500,1278.38,1280.0,1290.3,1275.12,1.19
2008-07-01,SPX,标普500,1279.76,1284.91,1284.93,1260.65,1.9
2008-07-02,SPX,标普500,1284.83,1261.52,1291.99,1261.52,2.37
2008-07-03,SPX,标普500,1261.5,1262.9,1271.38,1252.9,1.46
2008-07-07,SPX,标普500,1262.9,1252.31,1273.83,1240.54,2.64
2008-07-08,SPX,标普500,1251.82,1273.7,1274.2,1243.32,2.47
2008-07-09,SPX,标普500,1273.57,1244.69,1277.09,1244.61,2.55
2008-07-10,SPX,标普500,1244.69,1253.39,1257.61,1237.34,1.63
2008-07-11,SPX,标普500,1253.29,1239.49,1257.15,1225.88,2.49
2008-07-14,SPX,标普500,1239.49,1228.3,1252.96,1225.61,2.21
2008-07-15,SPX,标普500,1228.28,1214.91,1234.26,1201.0,2.71
2008-07-16,SPX,标普500,1214.75,1245.36,1245.52,1211.44,2.81
2008-07-17,SPX,标普500,1245.32,1260.32,1262.24,1242.17,1.61
2008-07-18,SPX,标普500,1260.32,1260.68,1262.0,1251.82,0.81
2008-07-21,SPX,标普500,1260.65,1260.0,1267.29,1255.71,0.92
2008-07-22,SPX,标普500,1259.98,1277.0,1277.01,1248.81,2.24
2008-07-23,SPX,标普500,1277.01,1282.19,1290.64,1276.53,1.1
2008-07-24,SPX,标普500,1282.95,1252.54,1282.95,1251.74,2.43
2008-07-25,SPX,标普500,1252.53,1257.76,1262.82,1252.08,0.86
2008-07-28,SPX,标普500,1257.76,1234.37,1259.61,1234.37,2.01
2008-07-29,SPX,标普500,1234.26,1263.2,1263.2,1234.26,2.34
2008-07-30,SPX,标普500,1263.13,1284.26,1284.28,1263.13,1.67
2008-07-31,SPX,标普500,1284.0,1267.38,1284.92,1266.3,1.45
2008-08-01,SPX,标普500,1267.38,1260.31,1270.37,1255.07,1.21
2008-08-04,SPX,标普500,1260.3,1249.01,1260.48,1247.72,1.01
2008-08-05,SPX,标普500,1248.98,1284.88,1284.88,1248.98,2.87
2008-08-06,SPX,标普500,1284.3,1289.19,1291.6,1276.19,1.2
2008-08-07,SPX,标普500,1289.07,1266.07,1289.07,1264.25,1.93
2008-08-08,SPX,标普500,1266.07,1296.32,1297.82,1261.95,2.83
2008-08-11,SPX,标普500,1296.01,1305.32,1312.71,1291.51,1.64
2008-08-12,SPX,标普500,1305.27,1289.59,1305.27,1285.61,1.51
2008-08-13,SPX,标普500,1289.17,1285.83,1293.37,1275.05,1.42
2008-08-14,SPX,标普500,1285.79,1292.93,1299.29,1277.08,1.73
2008-08-15,SPX,标普500,1292.77,1298.2,1301.65,1290.77,0.84
2008-08-18,SPX,标普500,1298.11,1278.6,1300.15,1274.63,1.97
2008-08-19,SPX,标普500,1278.59,1266.69,1278.59,1262.93,1.22
2008-08-20,SPX,标普500,1266.61,1274.54,1276.33,1261.31,1.19
2008-08-21,SPX,标普500,1274.46,1277.72,1281.31,1265.37,1.25
2008-08-22,SPX,标普500,1277.57,1292.2,1292.81,1277.57,1.19
2008-08-25,SPX,标普500,1292.19,1266.84,1292.19,1264.89,2.11
2008-08-26,SPX,标普500,1266.83,1271.51,1275.76,1263.35,0.98
2008-08-27,SPX,标普500,1271.32,1281.66,1285.0,1270.04,1.18
2008-08-28,SPX,标普500,1281.45,1300.68,1300.68,1281.45,1.5
2008-08-29,SPX,标普500,1300.61,1282.83,1300.61,1282.75,1.37
2008-09-02,SPX,标普500,1282.78,1277.58,1303.05,1272.21,2.4
2008-09-03,SPX,标普500,1276.94,1274.98,1280.49,1265.63,1.16
2008-09-04,SPX,标普500,1274.95,1236.83,1274.95,1232.83,3.3
2008-09-05,SPX,标普500,1236.78,1242.31,1244.76,1217.36,2.22
2008-09-08,SPX,标普500,1242.12,1267.79,1273.88,1242.12,2.56
2008-09-09,SPX,标普500,1267.78,1224.51,1268.67,1224.51,3.48
2008-09-10,SPX,标普500,1224.45,1232.04,1243.45,1221.73,1.77
2008-09-11,SPX,标普500,1231.65,1249.05,1249.82,1211.87,3.08
2008-09-12,SPX,标普500,1249.03,1251.7,1254.98,1233.84,1.69
2008-09-15,SPX,标普500,1251.7,1192.7,1251.7,1192.7,4.71
2008-09-16,SPX,标普500,1192.95,1213.59,1214.86,1169.4,3.81
2008-09-17,SPX,标普500,1213.57,1156.39,1213.57,1155.83,4.76
2008-09-18,SPX,标普500,1156.02,1206.51,1209.7,1134.04,6.54
2008-09-19,SPX,标普500,1206.51,1255.08,1265.17,1206.51,4.86
2008-09-22,SPX,标普500,1255.02,1207.09,1255.02,1206.01,3.9
2008-09-23,SPX,标普500,1207.11,1188.22,1221.21,1187.54,2.79
2008-09-24,SPX,标普500,1188.21,1185.87,1197.57,1180.12,1.47
2008-09-25,SPX,标普500,1185.87,1209.18,1219.64,1185.87,2.85
2008-09-26,SPX,标普500,1208.92,1213.01,1215.59,1188.26,2.26
2008-09-29,SPX,标普500,1213.23,1106.39,1213.23,1106.39,8.81
2008-09-30,SPX,标普500,1106.39,1166.36,1167.34,1106.39,5.51
2008-10-01,SPX,标普500,1166.22,1161.06,1166.44,1141.04,2.18
2008-10-02,SPX,标普500,1160.9,1114.28,1160.9,1111.74,4.23
2008-10-03,SPX,标普500,1114.26,1099.23,1153.45,1097.85,4.99
2008-10-06,SPX,标普500,1099.23,1056.89,1099.23,1008.71,8.23
2008-10-07,SPX,标普500,1056.88,996.23,1072.78,996.23,7.24
2008-10-08,SPX,标普500,995.7,984.94,1021.12,971.5,4.98
2008-10-09,SPX,标普500,984.93,909.92,1003.62,909.52,9.55
2008-10-10,SPX,标普500,909.83,899.22,935.83,840.54,10.47
2008-10-13,SPX,标普500,899.22,1003.35,1006.02,899.22,11.88
2008-10-14,SPX,标普500,1003.34,998.01,1043.84,971.93,7.17
2008-10-15,SPX,标普500,997.92,907.84,997.92,904.95,9.32
2008-10-16,SPX,标普500,907.81,946.43,947.49,866.64,8.91
2008-10-17,SPX,标普500,946.42,940.55,983.58,918.91,6.83
2008-10-20,SPX,标普500,954.92,985.4,985.4,940.55,4.77
2008-10-21,SPX,标普500,970.53,955.05,985.4,953.44,3.24
2008-10-22,SPX,标普500,931.62,896.78,955.03,877.26,8.14
2008-10-23,SPX,标普500,904.12,908.11,922.83,858.77,7.14
2008-10-24,SPX,标普500,848.21,876.77,908.11,848.21,6.6
2008-10-27,SPX,标普500,860.23,848.92,892.88,848.1,5.11
2008-10-28,SPX,标普500,873.12,940.51,940.51,846.81,11.04
2008-10-29,SPX,标普500,937.26,930.09,969.0,923.23,4.87
2008-10-30,SPX,标普500,958.09,954.09,962.03,929.19,3.53
2008-10-31,SPX,标普500,952.83,968.75,984.17,945.11,4.09
2008-11-03,SPX,标普500,968.24,966.3,975.29,959.27,1.65
2008-11-04,SPX,标普500,988.88,1005.75,1007.46,966.3,4.26
2008-11-05,SPX,标普500,991.23,952.77,1005.26,950.09,5.49
2008-11-06,SPX,标普500,942.74,904.88,952.53,899.97,5.52
2008-11-07,SPX,标普500,914.67,930.99,931.34,904.56,2.96
2008-11-10,SPX,标普500,949.74,919.21,951.88,907.55,4.76
2008-11-11,SPX,标普500,905.5,898.95,919.21,885.11,3.71
2008-11-12,SPX,标普500,880.15,852.3,898.57,850.36,5.36
2008-11-13,SPX,标普500,857.06,911.29,912.9,818.91,11.03
2008-11-14,SPX,标普500,891.18,873.29,914.78,870.09,4.9
2008-11-17,SPX,标普500,862.09,850.75,881.43,848.95,3.72
2008-11-18,SPX,标普500,852.34,859.12,865.9,826.84,4.59
2008-11-19,SPX,标普500,859.03,806.58,864.57,806.18,6.8
2008-11-20,SPX,标普500,805.87,752.44,820.52,747.78,9.02
2008-11-21,SPX,标普500,755.84,800.03,801.2,741.02,8.0
2008-11-24,SPX,标普500,801.2,851.81,865.6,801.2,8.05
2008-11-25,SPX,标普500,853.4,857.39,868.94,834.99,3.99
2008-11-26,SPX,标普500,852.9,887.68,887.68,841.37,5.4
2008-11-28,SPX,标普500,886.89,896.24,896.25,881.21,1.69
2008-12-01,SPX,标普500,888.61,816.21,888.61,815.69,8.14
2008-12-02,SPX,标普500,817.94,848.81,850.54,817.94,3.99
2008-12-03,SPX,标普500,843.6,870.74,873.12,827.6,5.36
2008-12-04,SPX,标普500,869.75,845.22,875.6,833.6,4.82
2008-12-05,SPX,标普500,844.43,876.07,879.42,818.41,7.22
2008-12-08,SPX,标普500,882.71,909.7,918.57,882.71,4.09
2008-12-09,SPX,标普500,906.48,888.67,916.26,885.38,3.39
2008-12-10,SPX,标普500,892.17,899.24,908.27,885.45,2.57
2008-12-11,SPX,标普500,898.35,873.59,904.63,868.73,3.99
2008-12-12,SPX,标普500,871.79,879.73,883.24,851.35,3.65
2008-12-15,SPX,标普500,881.07,868.57,884.63,857.72,3.06
2008-12-16,SPX,标普500,871.53,913.18,914.66,871.53,4.97
2008-12-17,SPX,标普500,908.16,904.42,918.85,895.94,2.51
2008-12-18,SPX,标普500,905.98,885.28,911.02,877.44,3.71
2008-12-19,SPX,标普500,886.96,887.88,905.47,883.02,2.54
2008-12-22,SPX,标普500,887.2,871.63,887.37,857.09,3.41
2008-12-23,SPX,标普500,874.31,863.16,880.44,860.1,2.33
2008-12-24,SPX,标普500,863.87,868.15,869.79,861.44,0.97
2008-12-26,SPX,标普500,869.51,872.8,873.74,866.52,0.83
2008-12-29,SPX,标普500,872.37,869.42,873.7,857.07,1.91
2008-12-30,SPX,标普500,870.58,890.64,891.12,870.58,2.36
2008-12-31,SPX,标普500,890.59,903.25,910.32,889.67,2.32
2009-01-02,SPX,标普500,902.99,931.8,934.73,899.35,3.92
2009-01-05,SPX,标普500,929.17,927.45,936.63,919.53,1.84
2009-01-06,SPX,标普500,931.17,934.7,943.85,927.28,1.79
2009-01-07,SPX,标普500,927.45,906.65,927.45,902.37,2.68
2009-01-08,SPX,标普500,905.73,909.73,910.0,896.81,1.45
2009-01-09,SPX,标普500,909.91,890.35,911.93,888.31,2.6
2009-01-12,SPX,标普500,890.4,870.26,890.4,864.32,2.93
2009-01-13,SPX,标普500,869.79,871.79,877.02,862.02,1.72
2009-01-14,SPX,标普500,867.28,842.62,867.28,836.93,3.48
2009-01-15,SPX,标普500,841.99,843.74,851.59,817.04,4.1
2009-01-16,SPX,标普500,844.45,850.12,858.13,830.66,3.26
2009-01-20,SPX,标普500,849.64,805.22,849.64,804.47,5.31
2009-01-21,SPX,标普500,806.77,840.24,841.72,804.3,4.65
2009-01-22,SPX,标普500,839.74,827.5,839.74,811.29,3.39
2009-01-23,SPX,标普500,822.16,831.95,838.61,806.07,3.93
2009-01-26,SPX,标普500,832.5,836.57,852.53,827.69,2.99
2009-01-27,SPX,标普500,837.3,845.71,850.45,835.4,1.8
2009-01-28,SPX,标普500,845.73,874.09,877.86,845.73,3.8
2009-01-29,SPX,标普500,868.89,845.14,868.89,844.15,2.83
2009-01-30,SPX,标普500,845.69,825.88,851.66,821.67,3.55
2009-02-02,SPX,标普500,823.09,825.44,830.78,812.87,2.17
2009-02-03,SPX,标普500,825.69,838.51,842.6,821.98,2.5
2009-02-04,SPX,标普500,837.77,832.23,851.85,829.18,2.7
2009-02-05,SPX,标普500,831.75,845.85,850.55,819.91,3.68
2009-02-06,SPX,标普500,846.09,868.6,870.75,845.42,2.99
2009-02-09,SPX,标普500,868.24,869.89,875.01,861.65,1.54
2009-02-10,SPX,标普500,866.87,827.16,868.05,822.99,5.18
2009-02-11,SPX,标普500,827.41,833.74,838.22,822.3,1.92
2009-02-12,SPX,标普500,829.91,835.19,835.48,808.06,3.29
2009-02-13,SPX,标普500,833.95,826.84,839.43,825.21,1.7
2009-02-17,SPX,标普500,818.61,789.17,818.61,789.17,3.56
2009-02-18,SPX,标普500,791.06,788.42,796.17,780.43,1.99
2009-02-19,SPX,标普500,787.91,778.94,797.58,777.03,2.61
2009-02-20,SPX,标普500,775.87,770.05,778.69,754.25,3.14
2009-02-23,SPX,标普500,773.25,743.33,777.85,742.37,4.61
2009-02-24,SPX,标普500,744.69,773.14,775.49,744.69,4.14
2009-02-25,SPX,标普500,770.64,764.9,780.12,752.89,3.52
2009-02-26,SPX,标普500,765.76,752.83,779.42,751.75,3.62
2009-02-27,SPX,标普500,749.93,735.09,751.27,734.52,2.22
2009-03-02,SPX,标普500,729.57,700.82,729.57,699.7,4.06
2009-03-03,SPX,标普500,704.44,696.33,711.67,692.3,2.76
2009-03-04,SPX,标普500,698.6,712.87,724.12,698.6,3.66
2009-03-05,SPX,标普500,708.27,682.55,708.27,677.93,4.26
2009-03-06,SPX,标普500,684.04,683.38,699.09,666.79,4.73
2009-03-09,SPX,标普500,680.76,676.53,695.27,672.88,3.28
2009-03-10,SPX,标普500,679.28,719.6,719.6,679.28,5.96
2009-03-11,SPX,标普500,719.59,721.36,731.92,713.85,2.51
2009-03-12,SPX,标普500,720.89,750.74,752.63,714.76,5.25
2009-03-13,SPX,标普500,751.97,756.55,758.29,742.46,2.11
2009-03-16,SPX,标普500,758.84,753.89,774.53,753.37,2.8
2009-03-17,SPX,标普500,753.88,778.12,778.12,749.93,3.74
2009-03-18,SPX,标普500,776.01,794.35,803.04,765.64,4.81
2009-03-19,SPX,标普500,797.92,784.04,803.24,781.82,2.7
2009-03-20,SPX,标普500,784.58,768.54,788.91,766.2,2.9
2009-03-23,SPX,标普500,772.31,822.92,823.37,772.31,6.64
2009-03-24,SPX,标普500,820.6,806.12,823.65,805.48,2.21
2009-03-25,SPX,标普500,806.81,813.88,826.78,791.37,4.39
2009-03-26,SPX,标普500,814.06,832.86,832.98,814.06,2.32
2009-03-27,SPX,标普500,828.68,815.94,828.68,813.43,1.83
2009-03-30,SPX,标普500,809.07,787.53,809.07,779.81,3.59
2009-03-31,SPX,标普500,790.88,797.87,810.48,790.88,2.49
2009-04-01,SPX,标普500,793.59,811.08,813.62,783.32,3.8
2009-04-02,SPX,标普500,814.53,834.38,845.61,814.53,3.83
2009-04-03,SPX,标普500,835.13,842.5,842.5,826.7,1.89
2009-04-06,SPX,标普500,839.75,835.48,839.75,822.79,2.01
2009-04-07,SPX,标普500,834.12,815.55,834.12,814.53,2.34
2009-04-08,SPX,标普500,816.76,825.16,828.42,814.84,1.67
2009-04-09,SPX,标普500,829.29,856.56,856.91,829.29,3.35
2009-04-13,SPX,标普500,855.33,858.73,864.31,845.35,2.21
2009-04-14,SPX,标普500,856.88,841.5,856.88,840.25,1.94
2009-04-15,SPX,标普500,839.44,852.06,852.93,835.58,2.06
2009-04-16,SPX,标普500,854.54,865.3,870.35,847.04,2.74
2009-04-17,SPX,标普500,865.18,869.6,875.63,860.87,1.71
2009-04-20,SPX,标普500,868.27,832.39,868.27,832.39,4.13
2009-04-21,SPX,标普500,831.25,850.08,850.09,826.83,2.79
2009-04-22,SPX,标普500,847.26,843.55,861.78,840.57,2.5
2009-04-23,SPX,标普500,844.62,851.92,852.87,835.45,2.07
2009-04-24,SPX,标普500,853.91,866.23,871.8,853.91,2.1
2009-04-27,SPX,标普500,862.82,857.51,868.83,854.65,1.64
2009-04-28,SPX,标普500,854.48,855.16,864.48,847.12,2.02
2009-04-29,SPX,标普500,856.85,873.64,882.06,856.85,2.95
2009-04-30,SPX,标普500,876.59,872.81,888.7,868.51,2.31
2009-05-01,SPX,标普500,872.74,877.52,880.48,866.1,1.65
2009-05-04,SPX,标普500,879.21,907.24,907.85,879.21,3.26
2009-05-05,SPX,标普500,906.1,903.8,907.7,897.34,1.14
2009-05-06,SPX,标普500,903.95,919.53,920.28,903.95,1.81
2009-05-07,SPX,标普500,919.58,907.39,929.58,901.36,3.07
2009-05-08,SPX,标普500,909.03,929.23,930.17,909.03,2.33
2009-05-11,SPX,标普500,922.99,909.24,922.99,908.68,1.54
2009-05-12,SPX,标普500,910.52,908.35,915.57,896.46,2.1
2009-05-13,SPX,标普500,905.4,883.92,905.4,882.8,2.49
2009-05-14,SPX,标普500,884.24,893.07,898.36,882.52,1.79
2009-05-15,SPX,标普500,892.76,882.88,896.97,878.94,2.02
2009-05-18,SPX,标普500,886.07,909.71,910.0,886.07,2.71
2009-05-19,SPX,标普500,909.67,908.13,916.39,905.22,1.23
2009-05-20,SPX,标普500,908.62,903.47,924.6,901.37,2.56
2009-05-21,SPX,标普500,900.42,888.33,900.42,879.61,2.3
2009-05-22,SPX,标普500,888.68,887.0,896.65,883.75,1.45
2009-05-26,SPX,标普500,887.0,910.33,911.76,881.46,3.42
2009-05-27,SPX,标普500,909.95,893.06,913.84,891.87,2.41
2009-05-28,SPX,标普500,892.96,906.83,909.45,887.6,2.45
2009-05-29,SPX,标普500,907.02,919.14,920.02,903.56,1.82
2009-06-01,SPX,标普500,923.26,942.87,947.77,923.26,2.67
2009-06-02,SPX,标普500,942.87,944.74,949.38,938.46,1.16
2009-06-03,SPX,标普500,942.51,931.76,942.51,923.85,1.98
2009-06-04,SPX,标普500,932.49,942.46,942.47,929.32,1.41
2009-06-05,SPX,标普500,945.67,940.09,951.69,934.13,1.86
2009-06-08,SPX,标普500,938.12,939.14,946.33,926.44,2.12
2009-06-09,SPX,标普500,940.35,942.43,946.92,936.15,1.15
2009-06-10,SPX,标普500,942.73,939.15,949.77,927.97,2.31
2009-06-11,SPX,标普500,939.04,944.89,956.23,939.04,1.83
2009-06-12,SPX,标普500,943.44,946.21,946.3,935.66,1.13
2009-06-15,SPX,标普500,942.45,923.72,942.45,919.65,2.41
2009-06-16,SPX,标普500,925.6,911.97,928.0,911.6,1.78
2009-06-17,SPX,标普500,911.89,910.71,918.44,903.78,1.61
2009-06-18,SPX,标普500,910.86,918.37,921.93,907.94,1.54
2009-06-19,SPX,标普500,919.96,921.23,927.09,915.8,1.23
2009-06-22,SPX,标普500,918.13,893.04,918.13,893.04,2.72
2009-06-23,SPX,标普500,893.46,895.1,898.69,888.86,1.1
2009-06-24,SPX,标普500,896.31,900.94,910.85,896.31,1.62
2009-06-25,SPX,标普500,899.45,920.26,921.42,896.27,2.79
2009-06-26,SPX,标普500,918.84,918.9,922.0,913.03,0.97
2009-06-29,SPX,标普500,919.86,927.23,927.99,916.18,1.29
2009-06-30,SPX,标普500,927.15,919.32,930.01,912.86,1.85
2009-07-01,SPX,标普500,920.82,923.33,931.92,920.82,1.21
2009-07-02,SPX,标普500,921.24,896.42,921.24,896.42,2.69
2009-07-03,SPX,标普500,913.3,896.42,913.3,896.42,1.88
2009-07-06,SPX,标普500,894.27,898.72,898.72,886.36,1.38
2009-07-07,SPX,标普500,898.6,881.03,898.6,879.93,2.08
2009-07-08,SPX,标普500,881.9,879.56,886.8,869.32,1.98
2009-07-09,SPX,标普500,881.28,882.68,887.86,878.45,1.07
2009-07-10,SPX,标普500,880.03,879.13,883.57,872.81,1.22
2009-07-13,SPX,标普500,879.57,901.05,901.05,875.32,2.93
2009-07-14,SPX,标普500,900.77,905.84,905.84,896.5,1.04
2009-07-15,SPX,标普500,910.15,932.68,933.95,910.15,2.63
2009-07-16,SPX,标普500,930.17,940.74,943.96,927.45,1.77
2009-07-17,SPX,标普500,940.56,940.38,941.89,934.65,0.77
2009-07-20,SPX,标普500,942.07,951.13,951.62,940.99,1.13
2009-07-21,SPX,标普500,951.97,954.58,956.53,943.22,1.4
2009-07-22,SPX,标普500,953.4,954.07,959.83,947.75,1.27
2009-07-23,SPX,标普500,954.07,976.29,979.42,953.27,2.74
2009-07-24,SPX,标普500,972.16,979.26,979.79,965.95,1.42
2009-07-27,SPX,标普500,978.63,982.18,982.49,972.29,1.04
2009-07-28,SPX,标普500,981.48,979.62,982.35,969.35,1.32
2009-07-29,SPX,标普500,977.66,975.15,977.76,968.65,0.93
2009-07-30,SPX,标普500,976.01,986.75,996.68,976.01,2.12
2009-07-31,SPX,标普500,986.8,987.48,993.18,982.85,1.05
2009-08-03,SPX,标普500,990.22,1002.63,1003.61,990.22,1.36
2009-08-04,SPX,标普500,1001.41,1005.65,1007.12,996.68,1.04
2009-08-05,SPX,标普500,1005.41,1002.72,1006.64,994.31,1.23
2009-08-06,SPX,标普500,1004.06,997.08,1008.0,992.49,1.55
2009-08-07,SPX,标普500,999.83,1010.48,1018.0,999.83,1.82
2009-08-10,SPX,标普500,1008.89,1007.1,1010.12,1000.99,0.9
2009-08-11,SPX,标普500,1005.77,994.35,1005.77,992.4,1.33
2009-08-12,SPX,标普500,994.0,1005.81,1012.78,993.36,1.95
2009-08-13,SPX,标普500,1005.86,1012.73,1013.14,1000.82,1.22
2009-08-14,SPX,标普500,1012.23,1004.09,1012.6,994.6,1.78
2009-08-17,SPX,标普500,998.18,979.73,998.18,978.51,1.96
2009-08-18,SPX,标普500,980.62,989.67,991.2,980.62,1.08
2009-08-19,SPX,标普500,986.88,996.46,999.61,980.62,1.92
2009-08-20,SPX,标普500,996.41,1007.37,1008.92,996.39,1.26
2009-08-21,SPX,标普500,1009.06,1026.13,1027.59,1009.06,1.84
2009-08-24,SPX,标普500,1026.59,1025.57,1035.82,1022.48,1.3
2009-08-25,SPX,标普500,1026.63,1028.0,1037.75,1026.21,1.13
2009-08-26,SPX,标普500,1027.35,1028.12,1032.47,1021.57,1.06
2009-08-27,SPX,标普500,1027.81,1030.98,1033.33,1016.2,1.67
2009-08-28,SPX,标普500,1031.62,1028.93,1039.47,1023.13,1.58
2009-08-31,SPX,标普500,1025.21,1020.62,1025.21,1014.62,1.03
2009-09-01,SPX,标普500,1019.52,998.04,1028.45,996.28,3.15
2009-09-02,SPX,标普500,996.07,994.75,1000.34,991.97,0.84
2009-09-03,SPX,标普500,996.12,1003.24,1003.43,992.25,1.12
2009-09-04,SPX,标普500,1003.84,1016.4,1016.48,1001.65,1.48
2009-09-08,SPX,标普500,1018.67,1025.39,1026.07,1018.67,0.73
2009-09-09,SPX,标普500,1025.36,1033.37,1036.34,1023.97,1.21
2009-09-10,SPX,标普500,1032.99,1044.14,1044.14,1028.04,1.56
2009-09-11,SPX,标普500,1043.92,1042.73,1048.18,1038.4,0.94
2009-09-14,SPX,标普500,1040.15,1049.34,1049.74,1035.0,1.41
2009-09-15,SPX,标普500,1049.03,1052.63,1056.04,1043.42,1.2
2009-09-16,SPX,标普500,1053.99,1068.76,1068.76,1052.87,1.51
2009-09-17,SPX,标普500,1067.87,1065.49,1074.77,1061.2,1.27
2009-09-18,SPX,标普500,1066.6,1068.3,1071.52,1064.27,0.68
2009-09-21,SPX,标普500,1067.14,1064.66,1067.28,1057.46,0.92
2009-09-22,SPX,标普500,1066.35,1071.66,1073.81,1066.35,0.7
2009-09-23,SPX,标普500,1072.69,1060.87,1080.15,1060.39,1.84
2009-09-24,SPX,标普500,1062.56,1050.78,1066.29,1045.85,1.93
2009-09-25,SPX,标普500,1049.48,1044.38,1053.47,1041.17,1.17
2009-09-28,SPX,标普500,1045.38,1062.98,1065.13,1045.38,1.89
2009-09-29,SPX,标普500,1063.69,1060.61,1069.62,1057.83,1.11
2009-09-30,SPX,标普500,1061.02,1057.08,1063.4,1046.47,1.6
2009-10-01,SPX,标普500,1054.91,1029.85,1054.91,1029.45,2.41
2009-10-02,SPX,标普500,1029.71,1025.21,1030.6,1019.95,1.03
2009-10-05,SPX,标普500,1026.87,1040.46,1042.58,1025.92,1.63
2009-10-06,SPX,标普500,1042.02,1054.72,1060.55,1042.02,1.78
2009-10-07,SPX,标普500,1053.65,1057.58,1058.02,1050.1,0.75
2009-10-08,SPX,标普500,1060.03,1065.48,1070.67,1060.03,1.01
2009-10-09,SPX,标普500,1065.28,1071.49,1071.51,1063.0,0.8
2009-10-12,SPX,标普500,1071.63,1076.19,1079.46,1071.63,0.73
2009-10-13,SPX,标普500,1074.96,1073.19,1075.3,1066.71,0.8
2009-10-14,SPX,标普500,1078.68,1092.02,1093.17,1078.68,1.35
2009-10-15,SPX,标普500,1090.36,1096.56,1096.56,1086.41,0.93
2009-10-16,SPX,标普500,1094.67,1087.68,1094.67,1081.53,1.2
2009-10-19,SPX,标普500,1088.22,1097.91,1100.17,1086.48,1.26
2009-10-20,SPX,标普500,1098.64,1091.06,1098.64,1086.16,1.14
2009-10-21,SPX,标普500,1090.36,1081.4,1101.36,1080.77,1.89
2009-10-22,SPX,标普500,1080.96,1092.91,1095.21,1074.31,1.93
2009-10-23,SPX,标普500,1095.62,1079.6,1095.83,1075.49,1.86
2009-10-26,SPX,标普500,1080.36,1066.95,1091.75,1065.23,2.46
2009-10-27,SPX,标普500,1067.54,1063.41,1072.48,1060.62,1.11
2009-10-28,SPX,标普500,1061.51,1042.63,1063.26,1042.19,1.98
2009-10-29,SPX,标普500,1043.69,1066.11,1066.83,1043.69,2.22
2009-10-30,SPX,标普500,1065.41,1036.19,1065.41,1033.38,3.0
2009-11-02,SPX,标普500,1036.18,1042.88,1052.18,1029.38,2.2
2009-11-03,SPX,标普500,1040.92,1045.41,1046.36,1033.94,1.19
2009-11-04,SPX,标普500,1047.14,1046.5,1061.0,1045.15,1.52
2009-11-05,SPX,标普500,1047.3,1066.63,1066.65,1047.3,1.85
2009-11-06,SPX,标普500,1064.95,1069.3,1071.48,1059.32,1.14
2009-11-09,SPX,标普500,1072.31,1093.08,1093.19,1072.31,1.95
2009-11-10,SPX,标普500,1091.86,1093.01,1096.42,1087.4,0.83
2009-11-11,SPX,标普500,1096.04,1098.51,1105.37,1093.81,1.06
2009-11-12,SPX,标普500,1098.31,1087.24,1101.97,1084.9,1.55
2009-11-13,SPX,标普500,1087.59,1093.48,1097.79,1085.33,1.15
2009-11-16,SPX,标普500,1094.13,1109.3,1113.69,1094.13,1.79
2009-11-17,SPX,标普500,1109.22,1110.32,1110.52,1102.19,0.75
2009-11-18,SPX,标普500,1109.44,1109.8,1111.1,1102.7,0.76
2009-11-19,SPX,标普500,1106.44,1094.9,1106.44,1088.4,1.63
2009-11-20,SPX,标普500,1094.66,1091.38,1094.66,1086.81,0.72
2009-11-23,SPX,标普500,1094.86,1106.24,1112.38,1094.86,1.61
2009-11-24,SPX,标普500,1105.83,1105.65,1107.56,1097.63,0.9
2009-11-25,SPX,标普500,1106.49,1110.63,1111.18,1104.75,0.58
2009-11-26,SPX,标普500,1110.63,1110.63,1110.63,1110.63,0.0
2009-11-27,SPX,标普500,1105.47,1091.49,1105.47,1083.74,1.96
2009-11-30,SPX,标普500,1091.07,1095.63,1097.24,1086.25,1.01
2009-12-01,SPX,标普500,1098.89,1108.86,1112.28,1098.89,1.22
2009-12-02,SPX,标普500,1109.03,1109.24,1115.58,1105.29,0.93
2009-12-03,SPX,标普500,1110.59,1099.92,1117.28,1098.74,1.67
2009-12-04,SPX,标普500,1100.43,1105.98,1119.13,1096.52,2.06
2009-12-07,SPX,标普500,1105.52,1103.25,1110.72,1100.83,0.89
2009-12-08,SPX,标普500,1103.04,1091.94,1103.04,1088.61,1.31
2009-12-09,SPX,标普500,1091.07,1095.95,1097.04,1085.89,1.02
2009-12-10,SPX,标普500,1098.69,1102.35,1106.25,1098.69,0.69
2009-12-11,SPX,标普500,1103.96,1106.41,1108.5,1101.34,0.65
2009-12-14,SPX,标普500,1107.84,1114.11,1114.76,1107.84,0.63
2009-12-15,SPX,标普500,1114.11,1107.93,1114.11,1105.35,0.79
2009-12-16,SPX,标普500,1108.61,1109.18,1116.21,1107.96,0.74
2009-12-17,SPX,标普500,1106.36,1096.08,1106.36,1095.88,0.94
2009-12-18,SPX,标普500,1097.86,1102.47,1103.74,1093.88,0.9
2009-12-21,SPX,标普500,1105.31,1114.05,1117.68,1105.31,1.12
2009-12-22,SPX,标普500,1114.51,1118.02,1120.27,1114.51,0.52
2009-12-23,SPX,标普500,1118.84,1120.59,1121.58,1116.0,0.5
2009-12-24,SPX,标普500,1121.08,1126.48,1126.48,1121.08,0.48
2009-12-25,SPX,标普500,1126.48,1126.48,1126.48,1126.48,0.0
2009-12-28,SPX,标普500,1127.53,1127.78,1130.38,1123.51,0.61
2009-12-29,SPX,标普500,1128.55,1126.2,1130.38,1126.08,0.38
2009-12-30,SPX,标普500,1125.53,1126.42,1126.42,1121.94,0.4
2009-12-31,SPX,标普500,1126.6,1115.1,1127.64,1114.81,1.14
2010-01-01,SPX,标普500,1127.03,1114.85,1127.63,1114.85,1.15
2010-01-04,SPX,标普500,1116.56,1132.99,1133.87,1116.56,1.55
2010-01-05,SPX,标普500,1132.99,1136.42,1136.5,1129.77,0.59
2010-01-06,SPX,标普500,1136.52,1137.07,1139.18,1134.04,0.45
2010-01-07,SPX,标普500,1136.31,1141.58,1142.46,1131.31,0.98
2010-01-08,SPX,标普500,1140.52,1144.93,1145.31,1136.27,0.79
2010-01-11,SPX,标普500,1147.75,1147.01,1149.47,1142.02,0.65
2010-01-12,SPX,标普500,1143.81,1136.16,1146.98,1131.77,1.33
2010-01-13,SPX,标普500,1136.11,1145.68,1148.61,1133.18,1.36
2010-01-14,SPX,标普500,1145.68,1148.47,1150.41,1143.8,0.58
2010-01-15,SPX,标普500,1148.32,1136.01,1148.42,1131.39,1.48
2010-01-19,SPX,标普500,1136.03,1150.18,1150.5,1135.77,1.3
2010-01-20,SPX,标普500,1150.07,1138.01,1150.07,1129.25,1.81
2010-01-21,SPX,标普500,1138.01,1116.22,1141.57,1114.84,2.35
2010-01-22,SPX,标普500,1116.48,1091.57,1116.48,1090.05,2.37
2010-01-25,SPX,标普500,1091.76,1096.76,1102.97,1091.74,1.03
2010-01-26,SPX,标普500,1096.77,1092.06,1103.68,1090.15,1.23
2010-01-27,SPX,标普500,1092.13,1097.49,1098.95,1083.25,1.44
2010-01-28,SPX,标普500,1097.42,1084.39,1100.22,1078.46,1.98
2010-01-29,SPX,标普500,1084.52,1073.71,1096.44,1071.59,2.29
2010-02-01,SPX,标普500,1073.87,1089.17,1089.38,1073.86,1.45
2010-02-02,SPX,标普500,1089.19,1103.24,1104.65,1088.3,1.5
2010-02-03,SPX,标普500,1103.32,1097.23,1103.32,1093.94,0.85
2010-02-04,SPX,标普500,1097.25,1063.07,1097.25,1063.07,3.12
2010-02-05,SPX,标普500,1063.11,1066.49,1067.13,1044.89,2.09
2010-02-08,SPX,标普500,1066.19,1056.74,1071.2,1056.58,1.37
2010-02-09,SPX,标普500,1056.74,1070.51,1079.39,1056.71,2.15
2010-02-10,SPX,标普500,1070.52,1068.08,1074.0,1059.54,1.35
2010-02-11,SPX,标普500,1068.13,1078.57,1079.99,1061.07,1.77
2010-02-12,SPX,标普500,1078.47,1076.74,1078.47,1063.33,1.4
2010-02-16,SPX,标普500,1079.13,1094.87,1095.67,1079.13,1.54
2010-02-17,SPX,标普500,1096.14,1099.51,1101.03,1094.72,0.58
2010-02-18,SPX,标普500,1099.03,1106.75,1108.24,1097.48,0.98
2010-02-19,SPX,标普500,1105.49,1109.17,1112.42,1100.8,1.05
2010-02-22,SPX,标普500,1110.0,1108.01,1112.29,1105.38,0.62
2010-02-23,SPX,标普500,1107.49,1094.6,1108.58,1092.18,1.48
2010-02-24,SPX,标普500,1095.89,1105.24,1106.42,1095.5,1.0
2010-02-25,SPX,标普500,1101.24,1102.94,1103.5,1086.02,1.58
2010-02-26,SPX,标普500,1103.1,1104.49,1107.24,1097.56,0.88
2010-03-01,SPX,标普500,1105.36,1115.71,1116.11,1105.36,0.97
2010-03-02,SPX,标普500,1117.01,1118.31,1123.46,1116.51,0.62
2010-03-03,SPX,标普500,1119.36,1118.79,1125.64,1116.58,0.81
2010-03-04,SPX,标普500,1119.12,1122.97,1123.73,1116.66,0.63
2010-03-05,SPX,标普500,1125.12,1138.7,1139.38,1125.12,1.27
2010-03-08,SPX,标普500,1138.4,1138.5,1141.05,1136.77,0.38
2010-03-09,SPX,标普500,1137.56,1140.45,1145.37,1134.9,0.92
2010-03-10,SPX,标普500,1140.22,1145.61,1148.26,1140.09,0.72
2010-03-11,SPX,标普500,1143.96,1150.24,1150.24,1138.99,0.98
2010-03-12,SPX,标普500,1151.71,1149.99,1153.41,1146.97,0.56
2010-03-15,SPX,标普500,1148.53,1150.51,1150.98,1141.45,0.83
2010-03-16,SPX,标普500,1150.83,1159.46,1160.28,1150.35,0.86
2010-03-17,SPX,标普500,1159.94,1166.21,1169.84,1159.94,0.85
2010-03-18,SPX,标普500,1166.13,1165.83,1167.77,1161.16,0.57
2010-03-19,SPX,标普500,1166.68,1159.9,1169.2,1155.33,1.19
2010-03-22,SPX,标普500,1157.25,1165.81,1167.82,1152.88,1.29
2010-03-23,SPX,标普500,1166.47,1174.17,1174.72,1163.83,0.93
2010-03-24,SPX,标普500,1172.7,1167.72,1173.04,1166.01,0.6
2010-03-25,SPX,标普500,1170.03,1165.73,1180.69,1165.09,1.34
2010-03-26,SPX,标普500,1167.58,1166.59,1173.93,1161.48,1.07
2010-03-29,SPX,标普500,1167.71,1173.22,1174.85,1167.71,0.61
2010-03-30,SPX,标普500,1173.75,1173.27,1177.83,1168.92,0.76
2010-03-31,SPX,标普500,1171.75,1169.43,1174.56,1165.77,0.75
2010-04-01,SPX,标普500,1171.23,1178.1,1181.43,1170.69,0.92
2010-04-05,SPX,标普500,1178.71,1187.44,1187.73,1178.71,0.77
2010-04-06,SPX,标普500,1186.01,1189.44,1191.8,1182.77,0.76
2010-04-07,SPX,标普500,1188.23,1182.45,1189.6,1177.25,1.04
2010-04-08,SPX,标普500,1181.75,1186.44,1188.55,1175.12,1.14
2010-04-09,SPX,标普500,1187.47,1194.37,1194.66,1187.15,0.63
2010-04-12,SPX,标普500,1194.94,1196.48,1199.2,1194.71,0.38
2010-04-13,SPX,标普500,1195.94,1197.3,1199.04,1188.82,0.85
2010-04-14,SPX,标普500,1198.69,1210.65,1210.65,1198.69,1.0
2010-04-15,SPX,标普500,1210.77,1211.67,1213.92,1208.5,0.45
2010-04-16,SPX,标普500,1210.17,1192.13,1210.17,1186.77,1.93
2010-04-19,SPX,标普500,1192.06,1197.52,1197.87,1183.68,1.19
2010-04-20,SPX,标普500,1199.04,1207.17,1208.58,1199.04,0.8
2010-04-21,SPX,标普500,1207.16,1205.94,1210.99,1198.85,1.01
2010-04-22,SPX,标普500,1202.52,1208.67,1210.27,1190.19,1.67
2010-04-23,SPX,标普500,1207.87,1217.28,1217.28,1205.1,1.01
2010-04-26,SPX,标普500,1217.07,1212.05,1219.8,1211.07,0.72
2010-04-27,SPX,标普500,1209.92,1183.71,1211.38,1181.62,2.46
2010-04-28,SPX,标普500,1184.59,1191.36,1195.05,1181.81,1.12
2010-04-29,SPX,标普500,1193.3,1206.78,1209.36,1193.3,1.35
2010-04-30,SPX,标普500,1206.77,1186.69,1207.99,1186.32,1.8
2010-05-03,SPX,标普500,1188.58,1202.26,1205.13,1188.58,1.39
2010-05-04,SPX,标普500,1197.5,1173.6,1197.5,1168.12,2.44
2010-05-05,SPX,标普500,1169.24,1165.9,1175.95,1158.15,1.52
2010-05-06,SPX,标普500,1164.38,1128.15,1167.58,1065.79,8.73
2010-05-07,SPX,标普500,1127.04,1110.88,1135.13,1094.15,3.63
2010-05-10,SPX,标普500,1122.27,1159.73,1163.85,1122.27,3.74
2010-05-11,SPX,标普500,1156.39,1155.79,1170.48,1147.71,1.96
2010-05-12,SPX,标普500,1155.43,1171.67,1172.87,1155.43,1.51
2010-05-13,SPX,标普500,1170.04,1157.44,1173.57,1156.14,1.49
2010-05-14,SPX,标普500,1157.19,1135.68,1157.19,1126.14,2.68
2010-05-17,SPX,标普500,1136.52,1136.94,1141.88,1114.96,2.37
2010-05-18,SPX,标普500,1138.78,1120.8,1148.66,1117.2,2.77
2010-05-19,SPX,标普500,1119.57,1115.05,1124.27,1100.66,2.11
2010-05-20,SPX,标普500,1107.34,1071.59,1107.34,1071.58,3.21
2010-05-21,SPX,标普500,1067.26,1087.69,1090.16,1055.9,3.2
2010-05-24,SPX,标普500,1084.78,1073.65,1089.95,1072.7,1.59
2010-05-25,SPX,标普500,1067.42,1074.03,1074.75,1040.78,3.16
2010-05-26,SPX,标普500,1075.51,1067.95,1090.75,1065.59,2.34
2010-05-27,SPX,标普500,1074.27,1103.06,1103.52,1074.27,2.74
2010-05-28,SPX,标普500,1102.59,1089.41,1102.59,1084.78,1.61
2010-06-01,SPX,标普500,1087.3,1070.71,1094.77,1069.89,2.28
2010-06-02,SPX,标普500,1073.01,1098.38,1098.56,1072.03,2.48
2010-06-03,SPX,标普500,1098.82,1102.83,1105.67,1091.81,1.26
2010-06-04,SPX,标普500,1098.43,1064.88,1098.43,1060.5,3.44
2010-06-07,SPX,标普500,1065.84,1050.47,1071.36,1049.86,2.02
2010-06-08,SPX,标普500,1050.81,1062.0,1063.15,1042.17,2.0
2010-06-09,SPX,标普500,1062.75,1055.69,1077.74,1052.25,2.4
2010-06-10,SPX,标普500,1058.77,1086.84,1087.85,1058.77,2.75
2010-06-11,SPX,标普500,1082.65,1091.6,1092.25,1077.12,1.39
2010-06-14,SPX,标普500,1095.0,1089.63,1105.91,1089.03,1.55
2010-06-15,SPX,标普500,1091.21,1115.23,1115.59,1091.21,2.24
2010-06-16,SPX,标普500,1114.02,1114.61,1118.74,1107.13,1.04
2010-06-17,SPX,标普500,1115.98,1116.04,1117.72,1105.87,1.06
2010-06-18,SPX,标普500,1116.16,1117.51,1121.01,1113.93,0.63
2010-06-21,SPX,标普500,1122.79,1113.2,1131.23,1108.24,2.06
2010-06-22,SPX,标普500,1113.9,1095.31,1118.5,1094.18,2.18
2010-06-23,SPX,标普500,1095.57,1092.04,1099.64,1085.31,1.31
2010-06-24,SPX,标普500,1090.93,1073.69,1090.93,1071.6,1.77
2010-06-25,SPX,标普500,1075.1,1076.76,1083.56,1067.89,1.46
2010-06-28,SPX,标普500,1077.5,1074.57,1082.6,1071.45,1.04
2010-06-29,SPX,标普500,1071.1,1041.24,1071.1,1035.18,3.34
2010-06-30,SPX,标普500,1040.56,1030.71,1048.08,1028.33,1.9
2010-07-01,SPX,标普500,1031.1,1027.37,1033.58,1010.91,2.2
2010-07-02,SPX,标普500,1027.65,1022.58,1032.95,1015.93,1.66
2010-07-06,SPX,标普500,1028.09,1028.06,1042.5,1018.35,2.36
2010-07-07,SPX,标普500,1028.54,1060.27,1060.89,1028.54,3.15
2010-07-08,SPX,标普500,1062.92,1070.25,1071.25,1058.24,1.23
2010-07-09,SPX,标普500,1070.5,1077.96,1078.16,1068.1,0.94
2010-07-12,SPX,标普500,1077.23,1078.75,1080.78,1070.45,0.96
2010-07-13,SPX,标普500,1080.65,1095.34,1099.46,1080.65,1.74
2010-07-14,SPX,标普500,1095.61,1095.17,1099.08,1087.68,1.04
2010-07-15,SPX,标普500,1094.46,1096.48,1098.66,1080.53,1.66
2010-07-16,SPX,标普500,1093.85,1064.88,1093.85,1063.32,2.78
2010-07-19,SPX,标普500,1066.85,1071.25,1074.7,1061.11,1.28
2010-07-20,SPX,标普500,1064.53,1083.48,1083.94,1056.88,2.53
2010-07-21,SPX,标普500,1086.67,1069.59,1088.96,1065.25,2.19
2010-07-22,SPX,标普500,1072.14,1093.67,1097.5,1072.14,2.37
2010-07-23,SPX,标普500,1092.17,1102.66,1103.73,1087.88,1.45
2010-07-26,SPX,标普500,1102.89,1115.01,1115.01,1101.3,1.24
2010-07-27,SPX,标普500,1117.36,1113.84,1120.95,1109.78,1.0
2010-07-28,SPX,标普500,1112.84,1106.13,1114.66,1103.11,1.04
2010-07-29,SPX,标普500,1108.07,1101.53,1115.9,1092.82,2.09
2010-07-30,SPX,标普500,1101.53,1101.59,1106.24,1088.31,1.63
2010-08-02,SPX,标普500,1101.59,1125.85,1127.27,1101.59,2.33
2010-08-03,SPX,标普500,1125.85,1120.46,1125.86,1117.04,0.78
2010-08-04,SPX,标普500,1120.18,1127.24,1128.59,1119.52,0.81
2010-08-05,SPX,标普500,1127.2,1125.81,1127.2,1119.17,0.71
2010-08-06,SPX,标普500,1125.69,1121.64,1125.69,1107.67,1.6
2010-08-09,SPX,标普500,1121.62,1127.79,1129.23,1121.08,0.73
2010-08-10,SPX,标普500,1127.77,1121.06,1127.77,1111.97,1.4
2010-08-11,SPX,标普500,1120.52,1089.47,1120.52,1088.54,2.85
2010-08-12,SPX,标普500,1089.32,1083.6,1089.32,1076.66,1.16
2010-08-13,SPX,标普500,1083.57,1079.25,1086.08,1079.1,0.64
2010-08-16,SPX,标普500,1079.19,1079.38,1082.61,1069.83,1.18
2010-08-17,SPX,标普500,1079.19,1092.54,1100.08,1079.19,1.94
2010-08-18,SPX,标普500,1092.4,1094.16,1099.67,1086.22,1.23
2010-08-19,SPX,标普500,1094.15,1075.63,1094.15,1070.66,2.15
2010-08-20,SPX,标普500,1075.63,1071.69,1075.63,1065.54,0.94
2010-08-23,SPX,标普500,1071.68,1067.35,1081.41,1067.3,1.32
2010-08-24,SPX,标普500,1067.34,1051.86,1067.34,1047.17,1.89
2010-08-25,SPX,标普500,1051.79,1055.33,1058.73,1041.09,1.68
2010-08-26,SPX,标普500,1055.3,1047.22,1061.34,1045.74,1.48
2010-08-27,SPX,标普500,1046.94,1064.58,1065.12,1040.4,2.36
2010-08-30,SPX,标普500,1064.38,1048.92,1064.38,1048.78,1.47
2010-08-31,SPX,标普500,1048.88,1049.33,1055.13,1041.05,1.34
2010-09-01,SPX,标普500,1049.22,1080.29,1081.23,1049.22,3.05
2010-09-02,SPX,标普500,1080.21,1090.09,1090.11,1080.21,0.92
2010-09-03,SPX,标普500,1090.08,1104.51,1105.04,1090.08,1.37
2010-09-07,SPX,标普500,1104.44,1091.83,1104.44,1091.17,1.2
2010-09-08,SPX,标普500,1091.63,1098.86,1103.05,1091.63,1.05
2010-09-09,SPX,标普500,1098.86,1104.18,1110.25,1098.85,1.04
2010-09-10,SPX,标普500,1104.17,1109.55,1110.86,1104.08,0.61
2010-09-13,SPX,标普500,1109.16,1121.9,1123.82,1109.16,1.32
2010-09-14,SPX,标普500,1121.9,1121.09,1127.27,1115.66,1.03
2010-09-15,SPX,标普500,1121.08,1125.07,1126.22,1114.83,1.02
2010-09-16,SPX,标普500,1124.89,1124.66,1125.28,1118.89,0.57
2010-09-17,SPX,标普500,1124.66,1125.58,1131.2,1122.45,0.78
2010-09-20,SPX,标普500,1125.57,1142.71,1144.67,1125.57,1.7
2010-09-21,SPX,标普500,1142.69,1139.78,1148.24,1136.71,1.01
2010-09-22,SPX,标普500,1139.65,1134.28,1144.04,1131.65,1.09
2010-09-23,SPX,标普500,1134.28,1124.83,1136.51,1122.46,1.24
2010-09-24,SPX,标普500,1124.83,1148.67,1148.86,1124.83,2.14
2010-09-27,SPX,标普500,1148.66,1142.16,1149.89,1141.98,0.69
2010-09-28,SPX,标普500,1141.97,1147.7,1149.96,1131.99,1.57
2010-09-29,SPX,标普500,1147.56,1144.73,1148.58,1140.36,0.72
2010-09-30,SPX,标普500,1144.72,1141.2,1156.8,1136.65,1.76
2010-10-01,SPX,标普500,1141.17,1146.24,1150.09,1139.57,0.92
2010-10-04,SPX,标普500,1146.58,1137.03,1147.98,1131.93,1.4
2010-10-05,SPX,标普500,1137.03,1160.75,1162.74,1137.03,2.26
2010-10-06,SPX,标普500,1160.16,1159.97,1162.34,1155.04,0.63
2010-10-07,SPX,标普500,1159.97,1158.06,1163.68,1151.7,1.03
2010-10-08,SPX,标普500,1158.05,1165.15,1167.75,1155.7,1.04
2010-10-11,SPX,标普500,1165.15,1165.3,1168.68,1162.0,0.57
2010-10-12,SPX,标普500,1165.32,1169.77,1172.44,1156.33,1.38
2010-10-13,SPX,标普500,1169.65,1178.09,1184.21,1169.65,1.24
2010-10-14,SPX,标普500,1178.1,1173.81,1178.81,1166.73,1.03
2010-10-15,SPX,标普500,1173.81,1176.19,1181.08,1167.08,1.19
2010-10-18,SPX,标普500,1176.17,1184.71,1185.53,1174.82,0.91
2010-10-19,SPX,标普500,1184.71,1165.9,1184.71,1159.72,2.11
2010-10-20,SPX,标普500,1165.72,1178.17,1182.69,1165.72,1.46
2010-10-21,SPX,标普500,1178.11,1180.26,1189.43,1171.79,1.5
2010-10-22,SPX,标普500,1180.26,1183.08,1183.71,1178.94,0.4
2010-10-25,SPX,标普500,1183.07,1185.61,1196.2,1183.07,1.11
2010-10-26,SPX,标普500,1185.61,1185.64,1187.11,1177.83,0.78
2010-10-27,SPX,标普500,1185.49,1182.45,1185.5,1172.08,1.13
2010-10-28,SPX,标普500,1182.35,1183.78,1189.32,1177.23,1.02
2010-10-29,SPX,标普500,1183.78,1183.26,1185.45,1179.85,0.47
2010-11-01,SPX,标普500,1183.26,1184.38,1195.71,1177.82,1.51
2010-11-02,SPX,标普500,1184.38,1193.57,1195.85,1184.38,0.97
2010-11-03,SPX,标普500,1193.46,1197.96,1198.02,1184.06,1.17
2010-11-04,SPX,标普500,1197.75,1221.06,1221.08,1197.75,1.95
2010-11-05,SPX,标普500,1220.98,1225.84,1226.87,1220.32,0.54
2010-11-08,SPX,标普500,1225.69,1223.09,1225.69,1217.68,0.65
2010-11-09,SPX,标普500,1222.87,1213.51,1226.71,1209.26,1.43
2010-11-10,SPX,标普500,1213.16,1218.68,1218.68,1204.4,1.18
2010-11-11,SPX,标普500,1218.71,1213.74,1218.71,1205.18,1.11
2010-11-12,SPX,标普500,1213.47,1199.11,1213.47,1194.29,1.58
2010-11-15,SPX,标普500,1199.14,1197.32,1207.45,1197.2,0.85
2010-11-16,SPX,标普500,1197.58,1178.53,1197.58,1173.1,2.04
2010-11-17,SPX,标普500,1178.15,1178.69,1183.52,1176.23,0.62
2010-11-18,SPX,标普500,1178.57,1196.64,1200.26,1178.57,1.84
2010-11-19,SPX,标普500,1196.69,1199.65,1199.8,1189.82,0.83
2010-11-22,SPX,标普500,1199.72,1197.82,1199.72,1184.89,1.24
2010-11-23,SPX,标普500,1197.82,1180.82,1197.82,1177.06,1.73
2010-11-24,SPX,标普500,1180.67,1198.35,1198.59,1180.67,1.52
2010-11-25,SPX,标普500,1198.35,1198.34,1198.35,1198.34,0.0
2010-11-26,SPX,标普500,1198.07,1189.4,1198.07,1187.13,0.91
2010-11-29,SPX,标普500,1189.08,1187.86,1190.34,1173.7,1.4
2010-11-30,SPX,标普500,1187.7,1180.5,1187.7,1174.77,1.09
2010-12-01,SPX,标普500,1180.41,1205.89,1207.55,1180.41,2.3
2010-12-02,SPX,标普500,1206.05,1221.48,1221.82,1206.05,1.31
2010-12-03,SPX,标普500,1221.47,1224.53,1225.55,1216.89,0.71
2010-12-06,SPX,标普500,1224.71,1223.13,1225.79,1220.73,0.41
2010-12-07,SPX,标普500,1223.1,1223.34,1234.95,1223.09,0.97
2010-12-08,SPX,标普500,1223.47,1228.1,1228.74,1219.56,0.75
2010-12-09,SPX,标普500,1228.19,1232.83,1234.44,1227.04,0.6
2010-12-10,SPX,标普500,1233.0,1240.13,1240.97,1232.75,0.67
2010-12-13,SPX,标普500,1240.2,1240.47,1246.7,1240.2,0.52
2010-12-14,SPX,标普500,1240.44,1241.57,1246.39,1238.29,0.65
2010-12-15,SPX,标普500,1241.58,1235.68,1244.22,1233.95,0.83
2010-12-16,SPX,标普500,1235.26,1242.9,1243.69,1232.84,0.88
2010-12-17,SPX,标普500,1242.85,1244.07,1245.8,1239.93,0.47
2010-12-20,SPX,标普500,1243.88,1247.18,1250.18,1241.54,0.69
2010-12-21,SPX,标普500,1247.08,1254.68,1255.75,1246.91,0.71
2010-12-22,SPX,标普500,1254.42,1258.8,1259.35,1254.42,0.39
2010-12-23,SPX,标普500,1258.75,1256.74,1258.75,1254.05,0.37
2010-12-27,SPX,标普500,1256.77,1257.6,1258.37,1251.48,0.55
2010-12-28,SPX,标普500,1257.53,1258.78,1259.85,1256.3,0.28
2010-12-29,SPX,标普500,1258.31,1259.94,1262.58,1258.31,0.34
2010-12-30,SPX,标普500,1259.75,1258.01,1260.99,1256.47,0.36
2010-12-31,SPX,标普500,1257.88,1257.86,1259.33,1254.3,0.4
2011-01-03,SPX,标普500,1257.62,1271.42,1276.0,1257.61,1.46
2011-01-04,SPX,标普500,1257.62,1270.34,1274.09,1257.62,1.3
2011-01-05,SPX,标普500,1270.04,1276.5,1277.56,1265.56,0.94
2011-01-06,SPX,标普500,1276.08,1273.68,1278.19,1270.52,0.6
2011-01-07,SPX,标普500,1273.85,1271.49,1276.55,1261.86,1.15
2011-01-10,SPX,标普500,1271.5,1269.74,1271.5,1262.35,0.72
2011-01-11,SPX,标普500,1269.75,1274.48,1277.21,1269.7,0.59
2011-01-12,SPX,标普500,1274.34,1285.96,1286.74,1274.33,0.97
2011-01-13,SPX,标普500,1285.96,1283.76,1286.63,1280.56,0.47
2011-01-14,SPX,标普500,1283.74,1293.24,1293.24,1281.34,0.93
2011-01-18,SPX,标普500,1293.21,1295.02,1295.98,1290.14,0.45
2011-01-19,SPX,标普500,1294.83,1281.92,1294.84,1279.16,1.21
2011-01-20,SPX,标普500,1281.92,1280.26,1283.18,1271.3,0.93
2011-01-21,SPX,标普500,1280.23,1283.34,1291.18,1280.23,0.86
2011-01-24,SPX,标普500,1283.34,1290.83,1291.75,1282.66,0.71
2011-01-25,SPX,标普500,1290.8,1291.18,1291.25,1281.01,0.79
2011-01-26,SPX,标普500,1291.14,1296.63,1299.41,1291.14,0.64
2011-01-27,SPX,标普500,1296.57,1299.54,1301.14,1294.48,0.51
2011-01-28,SPX,标普500,1299.53,1276.33,1302.42,1275.23,2.09
2011-01-31,SPX,标普500,1276.34,1286.11,1287.08,1276.33,0.84
2011-02-01,SPX,标普500,1286.11,1307.58,1308.77,1286.11,1.76
2011-02-02,SPX,标普500,1307.35,1304.03,1307.36,1302.59,0.36
2011-02-03,SPX,标普500,1303.96,1307.09,1308.42,1295.2,1.01
2011-02-04,SPX,标普500,1307.08,1310.87,1310.95,1301.86,0.7
2011-02-07,SPX,标普500,1310.87,1319.05,1322.84,1310.87,0.91
2011-02-08,SPX,标普500,1318.64,1324.57,1324.9,1316.5,0.64
2011-02-09,SPX,标普500,1324.49,1320.88,1324.49,1314.91,0.72
2011-02-10,SPX,标普500,1320.76,1321.87,1322.69,1311.79,0.83
2011-02-11,SPX,标普500,1321.69,1329.15,1330.76,1316.1,1.11
2011-02-14,SPX,标普500,1328.88,1332.32,1333.1,1326.96,0.46
2011-02-15,SPX,标普500,1332.3,1328.01,1332.3,1324.57,0.58
2011-02-16,SPX,标普500,1327.79,1336.32,1337.53,1327.79,0.73
2011-02-17,SPX,标普500,1336.21,1340.43,1341.44,1331.24,0.76
2011-02-18,SPX,标普500,1340.42,1343.01,1344.03,1338.12,0.44
2011-02-22,SPX,标普500,1343.0,1315.44,1343.0,1312.39,2.28
2011-02-23,SPX,标普500,1315.42,1307.4,1317.93,1299.86,1.37
2011-02-24,SPX,标普500,1307.08,1306.09,1310.85,1294.53,1.25
2011-02-25,SPX,标普500,1305.76,1319.88,1320.6,1305.76,1.14
2011-02-28,SPX,标普500,1319.81,1327.22,1329.36,1319.81,0.72
2011-03-01,SPX,标普500,1327.22,1306.33,1331.93,1306.21,1.94
2011-03-02,SPX,标普500,1306.11,1308.44,1313.68,1302.93,0.82
2011-03-03,SPX,标普500,1308.39,1330.97,1332.23,1308.39,1.82
2011-03-04,SPX,标普500,1330.96,1321.15,1331.08,1312.64,1.39
2011-03-07,SPX,标普500,1321.11,1310.13,1327.69,1303.99,1.79
2011-03-08,SPX,标普500,1309.9,1321.82,1325.65,1306.96,1.43
2011-03-09,SPX,标普500,1321.64,1320.02,1323.18,1312.21,0.83
2011-03-10,SPX,标普500,1320.02,1295.1,1320.02,1294.29,1.95
2011-03-11,SPX,标普500,1294.72,1304.28,1308.35,1292.22,1.25
2011-03-14,SPX,标普500,1304.25,1296.39,1304.25,1286.54,1.36
2011-03-15,SPX,标普500,1296.38,1281.86,1296.38,1261.36,2.7
2011-03-16,SPX,标普500,1281.83,1256.88,1281.83,1248.83,2.57
2011-03-17,SPX,标普500,1256.84,1273.72,1278.84,1256.83,1.75
2011-03-18,SPX,标普500,1273.72,1278.1,1288.83,1273.72,1.19
2011-03-21,SPX,标普500,1279.2,1298.38,1300.68,1279.2,1.68
2011-03-22,SPX,标普500,1298.22,1293.77,1299.33,1292.82,0.5
2011-03-23,SPX,标普500,1293.76,1297.54,1300.51,1284.08,1.27
2011-03-24,SPX,标普500,1297.54,1309.66,1311.15,1297.54,1.05
2011-03-25,SPX,标普500,1309.66,1313.8,1319.03,1309.66,0.72
2011-03-28,SPX,标普500,1313.8,1310.19,1319.68,1310.19,0.72
2011-03-29,SPX,标普500,1309.97,1319.44,1319.45,1305.76,1.04
2011-03-30,SPX,标普500,1319.3,1328.26,1331.61,1319.3,0.93
2011-03-31,SPX,标普500,1328.26,1325.83,1329.71,1325.15,0.34
2011-04-01,SPX,标普500,1325.83,1332.41,1337.85,1325.83,0.91
2011-04-04,SPX,标普500,1332.28,1332.87,1336.56,1329.12,0.56
2011-04-05,SPX,标普500,1332.08,1335.54,1339.33,1331.51,0.59
2011-04-06,SPX,标普500,1335.49,1333.51,1338.79,1326.76,0.9
2011-04-07,SPX,标普500,1333.51,1328.17,1339.42,1323.22,1.21
2011-04-11,SPX,标普500,1328.17,1324.46,1333.77,1321.09,0.95
2011-04-12,SPX,标普500,1324.44,1314.16,1324.44,1309.58,1.12
2011-04-13,SPX,标普500,1314.03,1314.41,1321.37,1309.29,0.92
2011-04-14,SPX,标普500,1314.39,1314.52,1316.77,1303.02,1.05
2011-04-15,SPX,标普500,1314.52,1319.68,1322.63,1313.74,0.68
2011-04-18,SPX,标普500,1319.66,1305.14,1319.66,1294.98,1.87
2011-04-19,SPX,标普500,1305.11,1312.62,1312.62,1304.08,0.65
2011-04-20,SPX,标普500,1319.12,1330.36,1332.66,1319.12,1.03
2011-04-21,SPX,标普500,1333.23,1337.38,1337.49,1332.83,0.35
2011-04-25,SPX,标普500,1337.14,1335.25,1337.55,1331.47,0.45
2011-04-26,SPX,标普500,1336.75,1347.24,1349.55,1336.75,0.96
2011-04-27,SPX,标普500,1348.43,1355.66,1357.49,1344.25,0.98
2011-04-28,SPX,标普500,1353.86,1360.48,1361.71,1353.6,0.6
2011-04-29,SPX,标普500,1360.14,1363.61,1364.56,1358.69,0.43
2011-05-02,SPX,标普500,1365.21,1361.22,1370.58,1358.59,0.88
2011-05-03,SPX,标普500,1361.22,1356.62,1361.22,1349.71,0.85
2011-05-04,SPX,标普500,1356.49,1347.32,1356.49,1341.59,1.1
2011-05-05,SPX,标普500,1347.31,1335.1,1347.92,1329.38,1.38
2011-05-06,SPX,标普500,1334.95,1340.2,1354.32,1334.95,1.45
2011-05-09,SPX,标普500,1340.2,1346.29,1349.38,1338.78,0.79
2011-05-10,SPX,标普500,1346.27,1357.16,1359.43,1346.27,0.98
2011-05-11,SPX,标普500,1356.43,1342.08,1356.43,1336.36,1.48
2011-05-12,SPX,标普500,1341.93,1348.65,1351.03,1332.11,1.41
2011-05-13,SPX,标普500,1348.6,1337.77,1350.12,1334.16,1.18
2011-05-16,SPX,标普500,1337.69,1329.47,1343.18,1327.41,1.18
2011-05-17,SPX,标普500,1329.27,1328.98,1330.41,1318.57,0.89
2011-05-18,SPX,标普500,1328.75,1340.68,1341.74,1326.65,1.14
2011-05-19,SPX,标普500,1340.57,1343.6,1346.9,1336.34,0.79
2011-05-20,SPX,标普500,1343.6,1333.27,1343.6,1330.89,0.95
2011-05-23,SPX,标普500,1333.26,1317.37,1333.26,1313.15,1.51
2011-05-24,SPX,标普500,1317.35,1316.28,1323.71,1313.96,0.74
2011-05-25,SPX,标普500,1316.23,1320.47,1325.87,1311.88,1.06
2011-05-26,SPX,标普500,1320.15,1325.69,1328.51,1314.44,1.07
2011-05-27,SPX,标普500,1325.45,1331.1,1334.46,1325.45,0.68
2011-05-30,SPX,标普500,1331.1,1331.1,1331.1,1331.1,0.0
2011-05-31,SPX,标普500,1331.08,1345.2,1345.2,1331.08,1.06
2011-06-01,SPX,标普500,1345.06,1314.55,1345.06,1313.83,2.32
2011-06-02,SPX,标普500,1314.47,1312.94,1317.85,1305.94,0.91
2011-06-03,SPX,标普500,1312.92,1300.16,1312.92,1298.4,1.11
2011-06-06,SPX,标普500,1300.14,1286.17,1300.14,1284.93,1.17
2011-06-07,SPX,标普500,1286.12,1284.94,1296.18,1284.67,0.89
2011-06-08,SPX,标普500,1284.68,1279.56,1287.01,1277.7,0.72
2011-06-09,SPX,标普500,1279.56,1289.0,1294.51,1279.56,1.17
2011-06-10,SPX,标普500,1288.99,1270.98,1288.99,1268.59,1.58
2011-06-13,SPX,标普500,1270.56,1271.83,1277.03,1265.66,0.89
2011-06-14,SPX,标普500,1271.76,1287.86,1292.37,1271.76,1.62
2011-06-15,SPX,标普500,1287.85,1265.42,1287.85,1262.59,1.96
2011-06-16,SPX,标普500,1265.21,1267.64,1274.1,1258.05,1.27
2011-06-17,SPX,标普500,1267.63,1271.5,1279.62,1267.4,0.96
2011-06-20,SPX,标普500,1271.5,1278.35,1280.41,1267.55,1.01
2011-06-21,SPX,标普500,1278.22,1295.52,1297.52,1278.22,1.51
2011-06-22,SPX,标普500,1295.47,1287.14,1298.44,1286.83,0.9
2011-06-23,SPX,标普500,1287.14,1283.5,1287.14,1263.0,1.88
2011-06-24,SPX,标普500,1283.5,1268.45,1283.65,1267.21,1.28
2011-06-27,SPX,标普500,1268.45,1280.09,1284.83,1267.74,1.35
2011-06-28,SPX,标普500,1279.83,1296.67,1296.68,1279.83,1.32
2011-06-29,SPX,标普500,1296.51,1307.41,1309.01,1296.51,0.96
2011-06-30,SPX,标普500,1307.4,1320.64,1321.96,1307.4,1.11
2011-07-01,SPX,标普500,1320.5,1339.67,1340.87,1318.18,1.72
2011-07-05,SPX,标普500,1339.66,1337.88,1340.87,1334.37,0.49
2011-07-06,SPX,标普500,1337.38,1339.22,1340.91,1331.17,0.73
2011-07-07,SPX,标普500,1339.15,1353.22,1356.43,1339.15,1.29
2011-07-08,SPX,标普500,1353.22,1343.8,1353.22,1333.69,1.44
2011-07-11,SPX,标普500,1328.52,1319.49,1343.31,1316.42,2.0
2011-07-12,SPX,标普500,1319.61,1313.64,1327.17,1313.33,1.05
2011-07-13,SPX,标普500,1314.45,1317.72,1331.48,1314.45,1.3
2011-07-14,SPX,标普500,1317.74,1308.87,1326.88,1306.51,1.55
2011-07-15,SPX,标普500,1308.87,1316.14,1317.7,1307.52,0.78
2011-07-18,SPX,标普500,1315.94,1305.44,1316.14,1295.92,1.54
2011-07-19,SPX,标普500,1307.07,1326.73,1328.14,1307.07,1.61
2011-07-20,SPX,标普500,1328.66,1325.84,1330.43,1323.65,0.51
2011-07-21,SPX,标普500,1325.65,1343.8,1347.0,1325.65,1.61
2011-07-22,SPX,标普500,1343.8,1345.02,1346.1,1336.95,0.68
2011-07-25,SPX,标普500,1344.32,1337.43,1345.02,1331.09,1.04
2011-07-26,SPX,标普500,1337.39,1331.94,1338.51,1329.59,0.67
2011-07-27,SPX,标普500,1331.91,1304.89,1331.94,1303.49,2.14
2011-07-28,SPX,标普500,1304.84,1300.67,1316.32,1299.16,1.32
2011-07-29,SPX,标普500,1304.34,1296.5,1308.38,1287.07,1.64
2011-08-01,SPX,标普500,1292.59,1286.94,1307.38,1274.73,2.52
2011-08-02,SPX,标普500,1286.56,1254.05,1286.56,1254.03,2.53
2011-08-03,SPX,标普500,1254.25,1260.34,1261.2,1234.56,2.12
2011-08-04,SPX,标普500,1260.23,1200.07,1260.33,1199.54,4.82
2011-08-05,SPX,标普500,1200.28,1199.38,1218.11,1168.08,4.17
2011-08-08,SPX,标普500,1186.64,1119.46,1199.38,1119.28,6.68
2011-08-09,SPX,标普500,1129.01,1172.53,1172.88,1101.54,6.37
2011-08-10,SPX,标普500,1171.77,1120.76,1171.77,1118.01,4.58
2011-08-11,SPX,标普500,1131.31,1172.64,1186.29,1121.3,5.8
2011-08-12,SPX,标普500,1172.87,1178.81,1189.04,1170.74,1.56
2011-08-15,SPX,标普500,1178.86,1204.49,1204.49,1178.81,2.18
2011-08-16,SPX,标普500,1204.22,1192.76,1204.22,1180.53,1.97
2011-08-17,SPX,标普500,1192.89,1193.89,1208.47,1184.35,2.02
2011-08-18,SPX,标普500,1189.61,1140.65,1193.89,1131.03,5.27
2011-08-19,SPX,标普500,1140.47,1123.53,1154.54,1122.05,2.85
2011-08-22,SPX,标普500,1123.55,1123.82,1145.49,1121.08,2.17
2011-08-23,SPX,标普500,1123.82,1162.35,1162.35,1122.91,3.51
2011-08-24,SPX,标普500,1162.16,1177.6,1178.56,1156.3,1.92
2011-08-25,SPX,标普500,1176.69,1159.27,1190.68,1155.47,2.99
2011-08-26,SPX,标普500,1158.85,1176.8,1181.23,1135.91,3.91
2011-08-29,SPX,标普500,1177.91,1210.08,1210.28,1176.8,2.85
2011-08-30,SPX,标普500,1209.76,1212.92,1220.1,1195.77,2.01
2011-08-31,SPX,标普500,1213.0,1218.89,1230.71,1209.34,1.76
2011-09-01,SPX,标普500,1219.12,1204.42,1229.29,1203.84,2.09
2011-09-02,SPX,标普500,1203.9,1173.97,1204.42,1170.56,2.81
2011-09-06,SPX,标普500,1173.97,1165.24,1173.97,1140.13,2.88
2011-09-07,SPX,标普500,1165.85,1198.62,1198.62,1165.84,2.81
2011-09-08,SPX,标普500,1197.98,1185.9,1204.4,1183.33,1.76
2011-09-09,SPX,标普500,1185.37,1154.23,1185.9,1148.36,3.17
2011-09-12,SPX,标普500,1153.5,1162.27,1162.52,1136.07,2.29
2011-09-13,SPX,标普500,1162.59,1172.87,1176.41,1157.44,1.63
2011-09-14,SPX,标普500,1177.63,1188.68,1202.38,1162.73,3.38
2011-09-15,SPX,标普500,1189.44,1209.11,1209.11,1188.68,1.72
2011-09-16,SPX,标普500,1209.21,1216.01,1220.06,1204.46,1.29
2011-09-19,SPX,标普500,1214.99,1204.09,1216.01,1188.35,2.27
2011-09-20,SPX,标普500,1204.5,1202.09,1220.39,1201.29,1.59
2011-09-21,SPX,标普500,1202.09,1166.76,1206.3,1166.21,3.34
2011-09-22,SPX,标普500,1164.55,1129.56,1164.55,1114.22,4.31
2011-09-23,SPX,标普500,1128.82,1136.43,1141.72,1121.35,1.8
2011-09-26,SPX,标普500,1136.91,1162.95,1164.19,1131.07,2.91
2011-09-27,SPX,标普500,1163.32,1175.38,1195.86,1162.95,2.83
2011-09-28,SPX,标普500,1175.39,1151.06,1184.71,1150.4,2.92
2011-09-29,SPX,标普500,1151.74,1160.4,1175.87,1139.93,3.12
2011-09-30,SPX,标普500,1159.93,1131.42,1159.93,1131.33,2.46
2011-10-03,SPX,标普500,1131.21,1099.23,1138.99,1098.92,3.54
2011-10-04,SPX,标普500,1097.42,1123.95,1125.12,1074.77,4.58
2011-10-05,SPX,标普500,1124.03,1144.03,1146.07,1115.68,2.7
2011-10-06,SPX,标普500,1144.11,1164.97,1165.55,1134.95,2.67
2011-10-07,SPX,标普500,1165.03,1155.46,1171.4,1150.26,1.81
2011-10-10,SPX,标普500,1163.62,1194.89,1194.91,1163.62,2.71
2011-10-11,SPX,标普500,1191.56,1195.54,1199.24,1187.3,1.0
2011-10-12,SPX,标普500,1200.36,1207.25,1220.25,1200.36,1.66
2011-10-13,SPX,标普500,1203.09,1203.66,1207.46,1190.58,1.4
2011-10-14,SPX,标普500,1210.74,1224.58,1224.59,1210.74,1.15
2011-10-17,SPX,标普500,1221.75,1200.86,1221.75,1199.12,1.85
2011-10-18,SPX,标普500,1200.31,1225.38,1233.1,1191.48,3.47
2011-10-19,SPX,标普500,1223.19,1209.88,1229.64,1206.31,1.9
2011-10-20,SPX,标普500,1209.92,1215.39,1219.53,1197.34,1.83
2011-10-21,SPX,标普500,1220.88,1238.25,1239.03,1220.88,1.49
2011-10-24,SPX,标普500,1239.56,1254.19,1256.47,1239.56,1.37
2011-10-25,SPX,标普500,1251.53,1229.05,1251.53,1226.79,1.97
2011-10-26,SPX,标普500,1229.17,1242.0,1245.89,1221.74,1.96
2011-10-27,SPX,标普500,1254.91,1284.59,1292.53,1254.91,3.03
2011-10-28,SPX,标普500,1284.39,1285.09,1285.88,1277.38,0.66
2011-10-31,SPX,标普500,1279.06,1253.3,1279.06,1253.16,2.02
2011-11-01,SPX,标普500,1251.0,1218.28,1251.0,1215.42,2.84
2011-11-02,SPX,标普500,1219.62,1237.9,1242.48,1219.62,1.88
2011-11-03,SPX,标普500,1238.25,1261.15,1263.21,1234.81,2.29
2011-11-04,SPX,标普500,1260.82,1253.23,1260.82,1238.92,1.74
2011-11-07,SPX,标普500,1253.21,1261.01,1261.7,1240.75,1.67
2011-11-08,SPX,标普500,1261.12,1275.91,1277.55,1255.1,1.78
2011-11-09,SPX,标普500,1275.18,1229.32,1275.18,1226.98,3.78
2011-11-10,SPX,标普500,1229.59,1239.7,1246.22,1227.7,1.51
2011-11-11,SPX,标普500,1240.12,1263.85,1266.36,1240.12,2.12
2011-11-14,SPX,标普500,1263.85,1251.78,1263.85,1246.68,1.36
2011-11-15,SPX,标普500,1251.7,1257.81,1264.25,1244.34,1.59
2011-11-16,SPX,标普500,1257.81,1236.92,1259.61,1235.67,1.9
2011-11-17,SPX,标普500,1236.56,1216.16,1237.73,1209.43,2.29
2011-11-18,SPX,标普500,1216.19,1215.65,1223.51,1211.41,0.99
2011-11-21,SPX,标普500,1215.62,1192.98,1215.62,1183.16,2.67
2011-11-22,SPX,标普500,1192.98,1188.04,1196.81,1181.65,1.27
2011-11-23,SPX,标普500,1187.48,1161.79,1187.48,1161.79,2.16
2011-11-25,SPX,标普500,1161.41,1158.67,1172.66,1158.66,1.21
2011-11-28,SPX,标普500,1158.67,1192.55,1197.35,1158.67,3.34
2011-11-29,SPX,标普500,1193.73,1195.19,1203.67,1191.8,1.0
2011-11-30,SPX,标普500,1205.87,1246.96,1247.11,1205.87,3.45
2011-12-01,SPX,标普500,1245.07,1244.58,1251.09,1239.73,0.91
2011-12-02,SPX,标普500,1249.62,1244.28,1260.08,1243.35,1.34
2011-12-05,SPX,标普500,1251.19,1257.08,1266.73,1250.06,1.34
2011-12-06,SPX,标普500,1256.74,1258.47,1266.03,1253.03,1.03
2011-12-07,SPX,标普500,1254.8,1261.01,1267.06,1244.8,1.77
2011-12-08,SPX,标普500,1256.67,1234.35,1256.67,1231.47,2.0
2011-12-09,SPX,标普500,1237.18,1255.19,1258.25,1237.18,1.71
2011-12-12,SPX,标普500,1249.1,1236.47,1249.1,1227.25,1.74
2011-12-13,SPX,标普500,1240.59,1225.73,1249.86,1219.43,2.46
2011-12-14,SPX,标普500,1225.73,1211.82,1225.73,1209.47,1.33
2011-12-15,SPX,标普500,1217.87,1215.75,1225.6,1214.29,0.93
2011-12-16,SPX,标普500,1216.09,1219.66,1231.04,1215.2,1.3
2011-12-19,SPX,标普500,1219.74,1205.35,1224.57,1202.37,1.82
2011-12-20,SPX,标普500,1213.32,1241.3,1242.82,1213.32,2.45
2011-12-21,SPX,标普500,1240.06,1243.72,1245.09,1229.51,1.26
2011-12-22,SPX,标普500,1245.94,1254.0,1255.22,1245.19,0.81
2011-12-23,SPX,标普500,1256.42,1265.33,1265.42,1255.61,0.78
2011-12-27,SPX,标普500,1263.66,1265.43,1269.37,1262.3,0.56
2011-12-28,SPX,标普500,1265.74,1249.64,1265.85,1248.64,1.36
2011-12-29,SPX,标普500,1252.33,1263.02,1263.54,1252.33,0.9
2011-12-30,SPX,标普500,1262.82,1257.6,1264.12,1257.46,0.53
2012-01-03,SPX,标普500,1263.07,1277.06,1284.62,1263.07,1.71
2012-01-04,SPX,标普500,1275.65,1277.3,1278.73,1268.1,0.83
2012-01-05,SPX,标普500,1276.01,1281.06,1283.05,1265.51,1.37
2012-01-06,SPX,标普500,1281.47,1277.81,1281.84,1273.39,0.66
2012-01-09,SPX,标普500,1279.64,1280.7,1281.99,1274.55,0.58
2012-01-10,SPX,标普500,1284.55,1292.08,1296.46,1284.55,0.93
2012-01-11,SPX,标普500,1290.59,1292.48,1293.8,1285.47,0.64
2012-01-12,SPX,标普500,1293.63,1295.5,1296.82,1285.77,0.85
2012-01-13,SPX,标普500,1294.82,1289.09,1294.82,1277.58,1.33
2012-01-17,SPX,标普500,1292.72,1293.67,1303.0,1290.88,0.94
2012-01-18,SPX,标普500,1294.13,1308.04,1308.11,1290.99,1.32
2012-01-19,SPX,标普500,1309.44,1314.5,1315.49,1308.23,0.56
2012-01-20,SPX,标普500,1312.37,1315.38,1315.38,1309.17,0.47
2012-01-23,SPX,标普500,1315.42,1316.0,1322.28,1309.89,0.94
2012-01-24,SPX,标普500,1313.88,1314.63,1314.8,1306.06,0.66
2012-01-25,SPX,标普500,1316.63,1326.06,1328.3,1307.65,1.57
2012-01-26,SPX,标普500,1327.31,1318.45,1333.47,1313.6,1.5
2012-01-27,SPX,标普500,1315.82,1316.32,1320.06,1311.72,0.63
2012-01-30,SPX,标普500,1316.16,1313.02,1316.16,1300.49,1.19
2012-01-31,SPX,标普500,1313.53,1312.4,1321.41,1306.74,1.12
2012-02-01,SPX,标普500,1312.45,1324.08,1330.52,1312.45,1.38
2012-02-02,SPX,标普500,1324.91,1325.54,1329.19,1321.57,0.58
2012-02-03,SPX,标普500,1329.25,1344.9,1345.34,1329.25,1.21
2012-02-06,SPX,标普500,1344.32,1344.33,1344.36,1337.52,0.51
2012-02-07,SPX,标普500,1342.82,1347.05,1349.24,1335.92,0.99
2012-02-08,SPX,标普500,1347.04,1349.96,1350.98,1341.95,0.67
2012-02-09,SPX,标普500,1351.18,1351.95,1354.32,1344.63,0.72
2012-02-10,SPX,标普500,1348.4,1342.64,1348.4,1337.35,0.82
2012-02-13,SPX,标普500,1343.06,1351.77,1353.35,1343.06,0.77
2012-02-14,SPX,标普500,1351.3,1350.5,1351.3,1340.83,0.77
2012-02-15,SPX,标普500,1352.41,1343.23,1355.87,1340.8,1.12
2012-02-16,SPX,标普500,1342.77,1358.04,1359.02,1341.22,1.33
2012-02-17,SPX,标普500,1357.73,1360.88,1363.33,1357.73,0.41
2012-02-21,SPX,标普500,1364.21,1362.21,1367.76,1358.11,0.71
2012-02-22,SPX,标普500,1361.21,1357.66,1362.7,1355.53,0.53
2012-02-23,SPX,标普500,1357.23,1363.46,1364.24,1352.29,0.88
2012-02-24,SPX,标普500,1364.4,1365.74,1368.92,1363.47,0.4
2012-02-27,SPX,标普500,1365.2,1367.59,1371.94,1354.92,1.25
2012-02-28,SPX,标普500,1367.56,1372.18,1373.09,1365.97,0.52
2012-02-29,SPX,标普500,1372.85,1365.68,1378.04,1363.81,1.04
2012-03-01,SPX,标普500,1365.9,1374.09,1376.17,1365.9,0.75
2012-03-02,SPX,标普500,1374.09,1369.63,1374.53,1366.42,0.59
2012-03-05,SPX,标普500,1369.59,1364.33,1369.59,1359.13,0.76
2012-03-06,SPX,标普500,1363.63,1343.36,1363.63,1340.03,1.73
2012-03-07,SPX,标普500,1344.88,1352.63,1354.85,1344.88,0.74
2012-03-08,SPX,标普500,1355.47,1365.91,1368.72,1355.47,0.98
2012-03-09,SPX,标普500,1365.97,1370.87,1374.75,1365.97,0.64
2012-03-12,SPX,标普500,1370.78,1371.09,1373.04,1366.69,0.46
2012-03-13,SPX,标普500,1371.7,1395.95,1396.13,1371.7,1.78
2012-03-14,SPX,标普500,1396.61,1394.28,1399.42,1389.97,0.68
2012-03-15,SPX,标普500,1394.17,1402.6,1402.63,1392.78,0.71
2012-03-16,SPX,标普500,1402.55,1404.17,1405.88,1401.47,0.31
2012-03-19,SPX,标普500,1404.17,1409.75,1414.0,1402.43,0.82
2012-03-20,SPX,标普500,1409.59,1405.52,1409.59,1397.68,0.84
2012-03-21,SPX,标普500,1405.52,1402.89,1407.75,1400.64,0.51
2012-03-22,SPX,标普500,1402.89,1392.78,1402.89,1388.73,1.01
2012-03-23,SPX,标普500,1392.78,1397.11,1399.18,1386.87,0.88
2012-03-26,SPX,标普500,1397.11,1416.51,1416.58,1397.11,1.39
2012-03-27,SPX,标普500,1416.55,1412.52,1419.15,1411.95,0.51
2012-03-28,SPX,标普500,1412.52,1405.54,1413.65,1397.2,1.16
2012-03-29,SPX,标普500,1405.39,1403.28,1405.39,1391.56,0.98
2012-03-30,SPX,标普500,1403.31,1408.47,1410.89,1401.42,0.67
2012-04-02,SPX,标普500,1408.47,1418.9,1422.38,1404.46,1.27
2012-04-03,SPX,标普500,1418.98,1413.31,1419.0,1404.62,1.01
2012-04-04,SPX,标普500,1413.09,1398.96,1413.09,1394.09,1.34
2012-04-05,SPX,标普500,1398.79,1398.08,1401.6,1392.92,0.62
2012-04-09,SPX,标普500,1397.45,1382.2,1397.45,1378.24,1.37
2012-04-10,SPX,标普500,1382.18,1358.59,1383.01,1357.46,1.85
2012-04-11,SPX,标普500,1358.98,1368.71,1374.68,1358.98,1.16
2012-04-12,SPX,标普500,1368.77,1387.57,1388.13,1368.77,1.41
2012-04-13,SPX,标普500,1387.61,1370.26,1387.61,1369.85,1.28
2012-04-16,SPX,标普500,1370.27,1369.57,1379.66,1365.38,1.04
2012-04-17,SPX,标普500,1369.57,1390.78,1392.76,1369.57,1.69
2012-04-18,SPX,标普500,1390.78,1385.14,1390.78,1383.29,0.54
2012-04-19,SPX,标普500,1385.08,1376.92,1390.46,1370.3,1.46
2012-04-20,SPX,标普500,1376.96,1378.53,1387.34,1376.96,0.75
2012-04-23,SPX,标普500,1378.53,1366.94,1378.53,1358.79,1.43
2012-04-24,SPX,标普500,1366.97,1371.97,1375.57,1366.82,0.64
2012-04-25,SPX,标普500,1372.11,1390.69,1391.37,1372.11,1.4
2012-04-26,SPX,标普500,1390.64,1399.98,1402.09,1387.28,1.06
2012-04-27,SPX,标普500,1400.19,1403.36,1406.64,1397.31,0.67
2012-04-30,SPX,标普500,1403.26,1397.91,1403.26,1394.0,0.66
2012-05-01,SPX,标普500,1397.86,1405.82,1415.32,1395.73,1.4
2012-05-02,SPX,标普500,1405.5,1402.31,1405.5,1393.92,0.82
2012-05-03,SPX,标普500,1402.32,1391.57,1403.07,1388.71,1.02
2012-05-04,SPX,标普500,1391.51,1369.1,1391.51,1367.96,1.69
2012-05-07,SPX,标普500,1368.79,1369.58,1373.91,1363.94,0.73
2012-05-08,SPX,标普500,1369.16,1363.72,1369.16,1347.75,1.56
2012-05-09,SPX,标普500,1363.2,1354.58,1363.73,1343.13,1.51
2012-05-10,SPX,标普500,1354.58,1357.99,1365.88,1354.58,0.83
2012-05-11,SPX,标普500,1358.11,1353.39,1365.66,1348.89,1.23
2012-05-14,SPX,标普500,1351.93,1338.35,1351.93,1336.61,1.13
2012-05-15,SPX,标普500,1338.36,1330.66,1344.94,1328.44,1.23
2012-05-16,SPX,标普500,1330.78,1324.8,1341.78,1324.79,1.28
2012-05-17,SPX,标普500,1324.82,1304.86,1326.36,1304.86,1.62
2012-05-18,SPX,标普500,1305.05,1295.22,1312.24,1291.98,1.55
2012-05-21,SPX,标普500,1295.73,1315.99,1316.39,1295.73,1.6
2012-05-22,SPX,标普500,1316.09,1316.63,1328.49,1310.09,1.4
2012-05-23,SPX,标普500,1316.02,1318.86,1320.62,1296.53,1.83
2012-05-24,SPX,标普500,1318.72,1320.68,1324.14,1310.5,1.03
2012-05-25,SPX,标普500,1320.81,1317.82,1324.2,1314.23,0.75
2012-05-29,SPX,标普500,1318.9,1332.42,1334.93,1318.9,1.22
2012-05-30,SPX,标普500,1331.25,1313.32,1331.25,1310.76,1.54
2012-05-31,SPX,标普500,1313.09,1310.33,1319.74,1298.9,1.59
2012-06-01,SPX,标普500,1309.87,1278.04,1309.87,1277.25,2.49
2012-06-04,SPX,标普500,1278.29,1278.18,1282.55,1266.74,1.24
2012-06-05,SPX,标普500,1277.82,1285.5,1287.62,1274.16,1.05
2012-06-06,SPX,标普500,1285.61,1315.13,1315.13,1285.61,2.3
2012-06-07,SPX,标普500,1316.15,1314.99,1329.05,1312.68,1.24
2012-06-08,SPX,标普500,1314.99,1325.66,1325.81,1307.77,1.37
2012-06-11,SPX,标普500,1325.72,1308.93,1335.52,1307.73,2.1
2012-06-12,SPX,标普500,1309.4,1324.18,1324.3,1306.62,1.35
2012-06-13,SPX,标普500,1324.02,1314.88,1327.28,1310.51,1.27
2012-06-14,SPX,标普500,1314.88,1329.1,1333.68,1314.14,1.49
2012-06-15,SPX,标普500,1329.19,1342.84,1343.32,1329.19,1.06
2012-06-18,SPX,标普500,1342.42,1344.78,1348.22,1334.46,1.02
2012-06-19,SPX,标普500,1344.83,1357.98,1363.46,1344.83,1.39
2012-06-20,SPX,标普500,1358.04,1355.69,1361.29,1346.45,1.09
2012-06-21,SPX,标普500,1355.43,1325.51,1358.27,1324.41,2.5
2012-06-22,SPX,标普500,1325.92,1335.02,1337.82,1325.92,0.9
2012-06-25,SPX,标普500,1334.9,1313.72,1334.9,1309.27,1.92
2012-06-26,SPX,标普500,1314.09,1319.99,1324.24,1310.3,1.06
2012-06-27,SPX,标普500,1320.71,1331.85,1334.4,1320.71,1.04
2012-06-28,SPX,标普500,1331.52,1329.04,1331.52,1313.29,1.37
2012-06-29,SPX,标普500,1330.12,1362.16,1362.16,1330.12,2.41
2012-07-02,SPX,标普500,1362.33,1365.51,1366.35,1355.7,0.78
2012-07-03,SPX,标普500,1365.75,1374.02,1374.81,1363.53,0.83
2012-07-05,SPX,标普500,1366.05,1367.58,1373.85,1363.02,0.79
2012-07-06,SPX,标普500,1367.09,1354.68,1367.09,1348.03,1.39
2012-07-09,SPX,标普500,1354.66,1352.46,1354.87,1346.65,0.61
2012-07-10,SPX,标普500,1352.96,1341.47,1361.54,1336.27,1.87
2012-07-11,SPX,标普500,1341.4,1341.45,1345.0,1333.25,0.88
2012-07-12,SPX,标普500,1341.29,1334.76,1341.29,1325.41,1.18
2012-07-13,SPX,标普500,1334.81,1356.78,1357.7,1334.81,1.71
2012-07-16,SPX,标普500,1356.5,1353.64,1357.26,1348.51,0.64
2012-07-17,SPX,标普500,1353.68,1363.67,1365.36,1345.07,1.5
2012-07-18,SPX,标普500,1363.58,1372.78,1375.26,1358.96,1.2
2012-07-19,SPX,标普500,1373.01,1376.51,1380.39,1371.21,0.67
2012-07-20,SPX,标普500,1376.51,1362.66,1376.51,1362.19,1.04
2012-07-23,SPX,标普500,1362.34,1350.52,1362.34,1337.59,1.82
2012-07-24,SPX,标普500,1350.52,1338.31,1351.53,1329.24,1.65
2012-07-25,SPX,标普500,1338.35,1337.89,1343.98,1331.5,0.93
2012-07-26,SPX,标普500,1338.17,1360.02,1363.13,1338.17,1.87
2012-07-27,SPX,标普500,1360.05,1385.97,1389.19,1360.05,2.14
2012-07-30,SPX,标普500,1385.94,1385.3,1391.74,1381.37,0.75
2012-07-31,SPX,标普500,1385.27,1379.32,1387.16,1379.17,0.58
2012-08-01,SPX,标普500,1379.32,1375.32,1385.03,1373.35,0.85
2012-08-02,SPX,标普500,1375.13,1365.0,1375.13,1354.65,1.49
2012-08-03,SPX,标普500,1365.45,1390.99,1394.16,1365.45,2.1
2012-08-06,SPX,标普500,1391.04,1394.23,1399.63,1391.04,0.62
2012-08-07,SPX,标普500,1394.46,1401.35,1407.14,1394.46,0.91
2012-08-08,SPX,标普500,1401.23,1402.22,1404.14,1396.13,0.57
2012-08-09,SPX,标普500,1402.26,1402.8,1405.95,1398.8,0.51
2012-08-10,SPX,标普500,1402.58,1405.87,1405.98,1395.62,0.74
2012-08-13,SPX,标普500,1405.87,1404.11,1405.87,1397.32,0.61
2012-08-14,SPX,标普500,1404.36,1403.93,1410.03,1400.6,0.67
2012-08-15,SPX,标普500,1403.89,1405.53,1407.73,1401.83,0.42
2012-08-16,SPX,标普500,1405.57,1415.51,1417.44,1404.15,0.95
2012-08-17,SPX,标普500,1415.84,1418.16,1418.71,1414.67,0.29
2012-08-20,SPX,标普500,1417.85,1418.13,1418.13,1412.12,0.42
2012-08-21,SPX,标普500,1418.13,1413.17,1426.68,1410.86,1.12
2012-08-22,SPX,标普500,1413.09,1413.49,1416.12,1406.78,0.66
2012-08-23,SPX,标普500,1413.49,1402.08,1413.49,1400.5,0.92
2012-08-24,SPX,标普500,1401.99,1411.13,1413.46,1398.04,1.1
2012-08-27,SPX,标普500,1411.13,1410.44,1416.17,1409.11,0.5
2012-08-28,SPX,标普500,1410.44,1409.3,1413.63,1405.59,0.57
2012-08-29,SPX,标普500,1409.32,1410.49,1413.95,1406.57,0.52
2012-08-30,SPX,标普500,1410.08,1399.48,1410.08,1397.01,0.93
2012-08-31,SPX,标普500,1400.07,1406.58,1413.09,1398.96,1.01
2012-09-04,SPX,标普500,1406.54,1404.94,1409.31,1396.56,0.91
2012-09-05,SPX,标普500,1404.94,1403.44,1408.81,1401.25,0.54
2012-09-06,SPX,标普500,1403.74,1432.12,1432.12,1403.74,2.02
2012-09-07,SPX,标普500,1432.12,1437.92,1437.92,1431.45,0.45
2012-09-10,SPX,标普500,1437.92,1429.08,1438.74,1428.98,0.68
2012-09-11,SPX,标普500,1429.13,1433.56,1437.76,1429.13,0.6
2012-09-12,SPX,标普500,1433.56,1436.56,1439.15,1432.99,0.43
2012-09-13,SPX,标普500,1436.56,1459.99,1463.76,1435.34,1.98
2012-09-14,SPX,标普500,1460.07,1465.77,1474.51,1460.07,0.99
2012-09-17,SPX,标普500,1465.42,1461.19,1465.63,1457.55,0.55
2012-09-18,SPX,标普500,1461.19,1459.32,1461.47,1456.13,0.37
2012-09-19,SPX,标普500,1459.5,1461.05,1465.15,1457.88,0.5
2012-09-20,SPX,标普500,1461.05,1460.26,1461.23,1449.98,0.77
2012-09-21,SPX,标普500,1460.34,1460.15,1467.07,1459.51,0.52
2012-09-24,SPX,标普500,1459.76,1456.89,1460.72,1452.06,0.59
2012-09-25,SPX,标普500,1456.94,1441.59,1463.24,1441.59,1.49
2012-09-26,SPX,标普500,1441.6,1433.32,1441.6,1430.53,0.77
2012-09-27,SPX,标普500,1433.36,1447.15,1450.2,1433.36,1.17
2012-09-28,SPX,标普500,1447.13,1440.67,1447.13,1435.6,0.8
2012-10-01,SPX,标普500,1440.9,1444.49,1457.14,1440.9,1.13
2012-10-02,SPX,标普500,1444.99,1445.75,1451.52,1439.01,0.87
2012-10-03,SPX,标普500,1446.05,1450.99,1454.3,1441.99,0.85
2012-10-04,SPX,标普500,1451.08,1461.4,1463.14,1451.08,0.83
2012-10-05,SPX,标普500,1461.4,1460.93,1470.96,1456.89,0.96
2012-10-08,SPX,标普500,1460.93,1455.88,1460.93,1453.1,0.54
2012-10-09,SPX,标普500,1455.9,1441.48,1455.9,1441.18,1.01
2012-10-10,SPX,标普500,1441.48,1432.56,1442.52,1430.64,0.82
2012-10-11,SPX,标普500,1432.82,1432.84,1443.9,1432.82,0.77
2012-10-12,SPX,标普500,1432.84,1428.59,1438.43,1425.53,0.9
2012-10-15,SPX,标普500,1428.75,1440.13,1441.31,1427.24,0.98
2012-10-16,SPX,标普500,1440.31,1454.92,1455.51,1440.31,1.06
2012-10-17,SPX,标普500,1454.22,1460.91,1462.2,1453.35,0.61
2012-10-18,SPX,标普500,1460.94,1457.34,1464.02,1452.63,0.78
2012-10-19,SPX,标普500,1457.34,1433.19,1457.34,1429.85,1.89
2012-10-22,SPX,标普500,1433.21,1433.81,1435.46,1422.06,0.93
2012-10-23,SPX,标普500,1433.74,1413.11,1433.74,1407.56,1.83
2012-10-24,SPX,标普500,1413.2,1408.75,1420.04,1407.1,0.92
2012-10-25,SPX,标普500,1409.74,1412.97,1421.12,1405.14,1.13
2012-10-26,SPX,标普500,1412.97,1411.94,1417.09,1403.28,0.98
2012-10-31,SPX,标普500,1410.99,1412.16,1418.76,1405.95,0.91
2012-11-01,SPX,标普500,1412.2,1427.59,1428.35,1412.2,1.14
2012-11-02,SPX,标普500,1427.59,1414.2,1434.27,1412.91,1.5
2012-11-05,SPX,标普500,1414.02,1417.26,1419.9,1408.13,0.83
2012-11-06,SPX,标普500,1417.26,1428.39,1433.38,1417.26,1.14
2012-11-07,SPX,标普500,1428.27,1394.53,1428.27,1388.14,2.81
2012-11-08,SPX,标普500,1394.53,1377.51,1401.23,1377.51,1.7
2012-11-09,SPX,标普500,1377.55,1379.85,1391.39,1373.03,1.33
2012-11-12,SPX,标普500,1379.86,1380.0,1384.87,1377.19,0.56
2012-11-13,SPX,标普500,1380.03,1374.53,1388.81,1371.39,1.26
2012-11-14,SPX,标普500,1374.64,1355.49,1380.13,1352.5,2.01
2012-11-15,SPX,标普500,1355.41,1353.32,1360.62,1348.05,0.93
2012-11-16,SPX,标普500,1353.36,1359.88,1362.03,1343.35,1.38
2012-11-19,SPX,标普500,1359.88,1386.89,1386.89,1359.88,1.99
2012-11-20,SPX,标普500,1386.82,1387.81,1389.77,1377.04,0.92
2012-11-21,SPX,标普500,1387.79,1391.03,1391.25,1386.39,0.35
2012-11-23,SPX,标普500,1391.03,1409.15,1409.16,1391.03,1.3
2012-11-26,SPX,标普500,1409.15,1406.29,1409.15,1397.68,0.81
2012-11-27,SPX,标普500,1406.29,1398.94,1409.01,1398.03,0.78
2012-11-28,SPX,标普500,1398.77,1409.93,1410.31,1385.43,1.78
2012-11-29,SPX,标普500,1409.96,1415.95,1419.7,1409.04,0.76
2012-11-30,SPX,标普500,1415.95,1416.18,1418.86,1411.63,0.51
2012-12-04,SPX,标普500,1409.46,1407.05,1413.14,1403.65,0.67
2012-12-05,SPX,标普500,1407.05,1409.28,1415.56,1398.23,1.23
2012-12-06,SPX,标普500,1409.43,1413.94,1413.95,1405.93,0.57
2012-12-07,SPX,标普500,1413.95,1418.07,1420.34,1410.9,0.67
2012-12-10,SPX,标普500,1418.07,1418.55,1421.64,1415.64,0.42
2012-12-11,SPX,标普500,1418.55,1427.84,1434.27,1418.55,1.11
2012-12-12,SPX,标普500,1427.84,1428.48,1438.59,1426.76,0.83
2012-12-13,SPX,标普500,1428.48,1419.45,1431.36,1416.0,1.08
2012-12-14,SPX,标普500,1419.45,1413.58,1419.45,1411.88,0.53
2012-12-17,SPX,标普500,1413.54,1430.36,1430.67,1413.54,1.21
2012-12-18,SPX,标普500,1430.47,1446.79,1448.0,1430.47,1.23
2012-12-19,SPX,标普500,1446.79,1435.81,1447.75,1435.8,0.83
2012-12-20,SPX,标普500,1435.81,1443.69,1443.7,1432.82,0.76
2012-12-21,SPX,标普500,1443.67,1430.15,1443.67,1422.58,1.46
2012-12-24,SPX,标普500,1430.15,1426.66,1430.15,1424.66,0.38
2012-12-26,SPX,标普500,1426.66,1419.83,1429.42,1416.43,0.91
2012-12-27,SPX,标普500,1419.83,1418.1,1422.8,1401.8,1.48
2012-12-28,SPX,标普500,1418.1,1402.43,1418.1,1401.58,1.16
2012-12-31,SPX,标普500,1402.43,1426.19,1426.74,1398.11,2.04
2013-01-02,SPX,标普500,1426.19,1462.42,1462.43,1426.19,2.54
2013-01-03,SPX,标普500,1462.42,1459.37,1465.47,1455.53,0.68
2013-01-04,SPX,标普500,1459.37,1466.47,1467.94,1458.99,0.61
2013-01-07,SPX,标普500,1466.47,1461.89,1466.47,1456.62,0.67
2013-01-08,SPX,标普500,1461.89,1457.15,1461.89,1451.64,0.7
2013-01-09,SPX,标普500,1457.15,1461.02,1464.73,1457.15,0.52
2013-01-10,SPX,标普500,1461.02,1472.12,1472.3,1461.02,0.77
2013-01-11,SPX,标普500,1472.12,1472.05,1472.75,1467.58,0.35
2013-01-14,SPX,标普500,1472.05,1470.68,1472.05,1465.69,0.43
2013-01-15,SPX,标普500,1470.67,1472.34,1473.31,1463.76,0.65
2013-01-16,SPX,标普500,1472.33,1472.63,1473.96,1467.6,0.43
2013-01-17,SPX,标普500,1472.63,1480.94,1485.16,1472.63,0.85
2013-01-18,SPX,标普500,1480.95,1485.98,1485.98,1475.81,0.69
2013-01-22,SPX,标普500,1485.98,1492.56,1492.56,1481.16,0.77
2013-01-23,SPX,标普500,1492.56,1494.81,1496.13,1489.9,0.42
2013-01-24,SPX,标普500,1494.81,1494.82,1502.27,1489.46,0.86
2013-01-25,SPX,标普500,1494.82,1502.96,1503.26,1494.82,0.56
2013-01-28,SPX,标普500,1502.96,1500.18,1503.23,1496.33,0.46
2013-01-29,SPX,标普500,1500.18,1507.84,1509.35,1498.09,0.75
2013-01-30,SPX,标普500,1507.84,1501.96,1509.94,1500.11,0.65
2013-01-31,SPX,标普500,1501.96,1498.11,1504.19,1496.76,0.49
2013-02-01,SPX,标普500,1498.11,1513.17,1514.41,1498.11,1.09
2013-02-04,SPX,标普500,1513.17,1495.71,1513.17,1495.02,1.2
2013-02-05,SPX,标普500,1495.71,1511.29,1514.96,1495.71,1.29
2013-02-06,SPX,标普500,1511.29,1512.12,1512.53,1504.71,0.52
2013-02-07,SPX,标普500,1512.12,1509.39,1512.9,1498.49,0.95
2013-02-08,SPX,标普500,1509.39,1517.93,1518.31,1509.39,0.59
2013-02-11,SPX,标普500,1517.93,1517.01,1518.31,1513.61,0.31
2013-02-12,SPX,标普500,1517.01,1519.43,1522.29,1515.61,0.44
2013-02-13,SPX,标普500,1519.43,1520.33,1524.69,1515.93,0.58
2013-02-14,SPX,标普500,1520.33,1521.38,1523.14,1514.02,0.6
2013-02-15,SPX,标普500,1521.38,1519.79,1524.24,1514.14,0.66
2013-02-19,SPX,标普500,1519.79,1530.94,1530.94,1519.79,0.73
2013-02-20,SPX,标普500,1530.94,1511.95,1530.94,1511.41,1.28
2013-02-21,SPX,标普500,1511.95,1502.42,1511.95,1497.29,0.97
2013-02-22,SPX,标普500,1502.42,1515.6,1515.64,1502.42,0.88
2013-02-25,SPX,标普500,1515.6,1487.85,1525.84,1487.85,2.51
2013-02-26,SPX,标普500,1487.85,1496.94,1498.99,1485.01,0.94
2013-02-27,SPX,标普500,1496.94,1515.99,1520.08,1494.88,1.68
2013-02-28,SPX,标普500,1515.99,1514.68,1525.34,1514.49,0.72
2013-03-01,SPX,标普500,1514.68,1518.2,1519.99,1501.48,1.22
2013-03-04,SPX,标普500,1518.2,1525.2,1525.27,1512.29,0.85
2013-03-05,SPX,标普500,1525.2,1539.79,1543.47,1525.2,1.2
2013-03-06,SPX,标普500,1539.79,1541.46,1545.25,1538.11,0.46
2013-03-07,SPX,标普500,1541.46,1544.26,1545.78,1541.46,0.28
2013-03-08,SPX,标普500,1544.26,1551.18,1552.48,1542.94,0.62
2013-03-11,SPX,标普500,1551.15,1556.22,1556.27,1547.36,0.57
2013-03-12,SPX,标普500,1556.22,1552.48,1556.77,1548.24,0.55
2013-03-13,SPX,标普500,1552.48,1554.52,1556.39,1548.68,0.5
2013-03-14,SPX,标普500,1554.52,1563.23,1563.32,1554.52,0.57
2013-03-15,SPX,标普500,1563.21,1560.7,1563.62,1555.74,0.5
2013-03-18,SPX,标普500,1560.7,1552.1,1560.7,1545.13,1.0
2013-03-19,SPX,标普500,1552.1,1548.34,1557.25,1538.57,1.2
2013-03-20,SPX,标普500,1548.34,1558.71,1561.56,1548.34,0.85
2013-03-21,SPX,标普500,1558.71,1545.8,1558.71,1543.55,0.97
2013-03-22,SPX,标普500,1545.9,1556.89,1557.74,1545.9,0.77
2013-03-25,SPX,标普500,1556.89,1551.69,1564.91,1546.22,1.2
2013-03-26,SPX,标普500,1551.69,1563.77,1563.95,1551.69,0.79
2013-03-27,SPX,标普500,1563.75,1562.85,1564.07,1551.9,0.78
2013-03-28,SPX,标普500,1562.86,1569.19,1570.28,1561.08,0.59
2013-04-01,SPX,标普500,1569.18,1562.17,1570.57,1558.47,0.77
2013-04-02,SPX,标普500,1562.17,1570.25,1573.66,1562.17,0.74
2013-04-03,SPX,标普500,1570.25,1553.69,1571.47,1549.8,1.38
2013-04-04,SPX,标普500,1553.69,1559.98,1562.6,1552.52,0.65
2013-04-05,SPX,标普500,1542.69,1553.28,1554.66,1542.46,0.78
2013-04-08,SPX,标普500,1553.26,1563.07,1563.07,1548.63,0.93
2013-04-09,SPX,标普500,1563.11,1568.61,1573.89,1560.92,0.83
2013-04-10,SPX,标普500,1568.61,1587.73,1589.07,1568.61,1.3
2013-04-11,SPX,标普500,1587.73,1593.37,1597.35,1586.17,0.7
2013-04-12,SPX,标普500,1593.3,1588.85,1593.3,1579.97,0.84
2013-04-15,SPX,标普500,1588.84,1552.36,1588.84,1552.28,2.3
2013-04-16,SPX,标普500,1552.36,1574.57,1575.26,1552.36,1.48
2013-04-17,SPX,标普500,1574.57,1552.01,1574.57,1543.69,1.96
2013-04-18,SPX,标普500,1552.03,1541.61,1554.38,1536.03,1.18
2013-04-19,SPX,标普500,1541.61,1555.25,1555.89,1539.4,1.07
2013-04-22,SPX,标普500,1555.25,1562.5,1565.55,1548.19,1.12
2013-04-23,SPX,标普500,1562.5,1578.78,1579.58,1562.5,1.09
2013-04-24,SPX,标普500,1578.78,1578.79,1583.0,1575.8,0.46
2013-04-25,SPX,标普500,1578.93,1585.16,1592.64,1578.93,0.87
2013-04-26,SPX,标普500,1585.16,1582.24,1585.78,1577.56,0.52
2013-05-01,SPX,标普500,1597.55,1582.7,1597.55,1581.28,1.03
2013-05-02,SPX,标普500,1582.77,1597.59,1598.6,1582.77,1.0
2013-05-03,SPX,标普500,1597.6,1614.42,1618.46,1597.6,1.31
2013-05-06,SPX,标普500,1614.4,1617.5,1619.77,1614.21,0.34
2013-05-07,SPX,标普500,1617.55,1625.96,1626.03,1616.64,0.58
2013-05-08,SPX,标普500,1625.95,1632.69,1632.78,1622.7,0.62
2013-05-09,SPX,标普500,1632.69,1626.67,1635.01,1623.09,0.73
2013-05-10,SPX,标普500,1626.69,1633.7,1633.7,1623.71,0.61
2013-05-13,SPX,标普500,1632.1,1633.77,1636.0,1626.74,0.57
2013-05-14,SPX,标普500,1633.75,1650.34,1651.1,1633.75,1.06
2013-05-15,SPX,标普500,1649.13,1658.78,1661.49,1646.68,0.9
2013-05-16,SPX,标普500,1658.07,1650.47,1660.51,1648.6,0.72
2013-05-17,SPX,标普500,1652.45,1667.47,1667.47,1652.45,0.91
2013-05-20,SPX,标普500,1665.71,1666.29,1672.84,1663.52,0.56
2013-05-21,SPX,标普500,1666.2,1669.16,1674.93,1662.67,0.74
2013-05-22,SPX,标普500,1669.39,1655.35,1687.18,1648.86,2.3
2013-05-23,SPX,标普500,1651.62,1650.51,1655.5,1635.53,1.21
2013-05-24,SPX,标普500,1646.67,1649.6,1649.78,1636.88,0.78
2013-05-28,SPX,标普500,1652.63,1660.06,1674.21,1652.63,1.31
2013-05-29,SPX,标普500,1656.57,1648.36,1656.57,1640.05,1.0
2013-05-30,SPX,标普500,1649.14,1654.41,1661.91,1648.61,0.81
2013-05-31,SPX,标普500,1652.13,1630.74,1658.99,1630.74,1.71
2013-06-03,SPX,标普500,1631.71,1640.42,1640.42,1622.72,1.09
2013-06-04,SPX,标普500,1640.73,1631.38,1646.53,1623.62,1.4
2013-06-05,SPX,标普500,1629.05,1608.9,1629.31,1607.09,1.36
2013-06-06,SPX,标普500,1609.29,1622.56,1622.56,1598.23,1.51
2013-06-07,SPX,标普500,1625.27,1643.38,1644.4,1625.27,1.18
2013-06-10,SPX,标普500,1644.67,1642.81,1648.69,1639.26,0.57
2013-06-11,SPX,标普500,1638.64,1626.13,1640.13,1622.92,1.05
2013-06-12,SPX,标普500,1629.94,1612.52,1637.71,1610.92,1.65
2013-06-13,SPX,标普500,1612.15,1636.36,1639.25,1608.07,1.93
2013-06-14,SPX,标普500,1635.52,1626.73,1640.8,1623.96,1.03
2013-06-17,SPX,标普500,1630.64,1639.04,1646.5,1630.34,0.99
2013-06-18,SPX,标普500,1639.77,1651.81,1654.19,1639.77,0.88
2013-06-19,SPX,标普500,1651.83,1628.93,1652.45,1628.91,1.43
2013-06-20,SPX,标普500,1624.62,1588.19,1624.62,1584.32,2.47
2013-06-21,SPX,标普500,1588.62,1592.43,1599.19,1577.7,1.35
2013-06-24,SPX,标普500,1588.77,1573.09,1588.77,1560.33,1.79
2013-06-25,SPX,标普500,1577.52,1588.03,1593.79,1577.09,1.06
2013-06-26,SPX,标普500,1592.27,1603.26,1606.83,1592.27,0.92
2013-06-27,SPX,标普500,1606.44,1613.2,1620.07,1606.44,0.85
2013-06-28,SPX,标普500,1611.12,1606.28,1615.94,1601.06,0.92
2013-07-01,SPX,标普500,1609.78,1614.96,1626.61,1609.78,1.05
2013-07-02,SPX,标普500,1614.29,1614.08,1624.26,1606.77,1.08
2013-07-03,SPX,标普500,1611.48,1615.41,1618.97,1604.57,0.89
2013-07-05,SPX,标普500,1618.65,1631.89,1632.07,1614.71,1.07
2013-07-08,SPX,标普500,1634.2,1640.46,1644.68,1634.2,0.64
2013-07-09,SPX,标普500,1642.89,1652.32,1654.18,1642.89,0.69
2013-07-10,SPX,标普500,1651.56,1652.62,1657.92,1647.66,0.62
2013-07-11,SPX,标普500,1657.41,1675.02,1676.63,1657.41,1.16
2013-07-12,SPX,标普500,1675.26,1680.19,1680.19,1672.33,0.47
2013-07-15,SPX,标普500,1679.59,1682.5,1684.51,1677.89,0.39
2013-07-16,SPX,标普500,1682.7,1676.26,1683.73,1671.84,0.71
2013-07-17,SPX,标普500,1677.91,1680.91,1684.75,1677.91,0.41
2013-07-18,SPX,标普500,1681.05,1689.37,1693.12,1681.05,0.72
2013-07-19,SPX,标普500,1686.15,1692.09,1692.09,1684.08,0.47
2013-07-22,SPX,标普500,1694.41,1695.53,1697.61,1690.67,0.41
2013-07-23,SPX,标普500,1696.63,1692.39,1698.78,1691.13,0.45
2013-07-24,SPX,标普500,1696.06,1685.94,1698.38,1682.57,0.93
2013-07-25,SPX,标普500,1685.21,1690.25,1690.94,1680.07,0.64
2013-07-26,SPX,标普500,1687.31,1691.65,1691.85,1676.03,0.94
2013-07-29,SPX,标普500,1690.32,1685.33,1690.92,1681.86,0.54
2013-07-30,SPX,标普500,1687.92,1685.96,1693.19,1682.42,0.64
2013-07-31,SPX,标普500,1687.76,1685.73,1698.43,1684.94,0.8
2013-08-01,SPX,标普500,1689.42,1706.87,1707.85,1689.42,1.09
2013-08-02,SPX,标普500,1706.1,1709.67,1709.67,1700.68,0.53
2013-08-05,SPX,标普500,1708.01,1707.14,1709.24,1703.55,0.33
2013-08-06,SPX,标普500,1705.79,1697.37,1705.79,1693.29,0.73
2013-08-07,SPX,标普500,1695.3,1690.91,1695.3,1684.91,0.61
2013-08-08,SPX,标普500,1693.35,1697.48,1700.18,1688.38,0.7
2013-08-09,SPX,标普500,1696.1,1691.42,1699.42,1686.02,0.79
2013-08-12,SPX,标普500,1688.37,1689.47,1691.49,1683.35,0.48
2013-08-13,SPX,标普500,1690.65,1694.16,1696.81,1682.62,0.84
2013-08-14,SPX,标普500,1693.88,1685.39,1695.52,1684.83,0.63
2013-08-15,SPX,标普500,1679.61,1661.32,1679.61,1658.59,1.25
2013-08-16,SPX,标普500,1661.22,1655.83,1663.6,1652.61,0.66
2013-08-19,SPX,标普500,1655.25,1646.06,1659.18,1645.84,0.81
2013-08-20,SPX,标普500,1646.81,1652.35,1658.92,1646.08,0.78
2013-08-21,SPX,标普500,1650.66,1642.8,1656.99,1639.43,1.06
2013-08-22,SPX,标普500,1645.03,1656.96,1659.55,1645.03,0.88
2013-08-23,SPX,标普500,1659.92,1663.5,1664.85,1654.81,0.61
2013-08-26,SPX,标普500,1664.29,1656.78,1669.51,1656.02,0.81
2013-08-27,SPX,标普500,1652.54,1630.48,1652.54,1629.05,1.42
2013-08-28,SPX,标普500,1630.25,1634.96,1641.18,1627.47,0.84
2013-08-29,SPX,标普500,1633.5,1638.17,1646.41,1630.88,0.95
2013-08-30,SPX,标普500,1638.89,1632.97,1640.08,1628.05,0.73
2013-09-03,SPX,标普500,1635.95,1639.77,1651.35,1633.41,1.1
2013-09-04,SPX,标普500,1640.72,1653.08,1655.72,1637.41,1.12
2013-09-05,SPX,标普500,1653.28,1655.08,1659.17,1653.07,0.37
2013-09-06,SPX,标普500,1657.44,1655.17,1664.83,1640.62,1.46
2013-09-09,SPX,标普500,1656.85,1671.71,1672.4,1656.85,0.94
2013-09-10,SPX,标普500,1674.32,1683.99,1684.09,1674.32,0.58
2013-09-11,SPX,标普500,1681.04,1689.13,1689.13,1678.7,0.62
2013-09-12,SPX,标普500,1689.21,1683.42,1689.97,1681.96,0.47
2013-09-13,SPX,标普500,1685.04,1687.99,1688.73,1682.22,0.39
2013-09-16,SPX,标普500,1691.7,1697.6,1704.95,1691.7,0.78
2013-09-17,SPX,标普500,1697.73,1704.76,1705.52,1697.73,0.46
2013-09-18,SPX,标普500,1705.74,1725.52,1729.44,1700.35,1.71
2013-09-19,SPX,标普500,1727.34,1722.34,1729.86,1720.2,0.56
2013-09-20,SPX,标普500,1722.44,1709.91,1725.23,1708.89,0.95
2013-09-23,SPX,标普500,1711.44,1701.84,1711.44,1697.1,0.84
2013-09-24,SPX,标普500,1702.6,1697.42,1707.63,1694.9,0.75
2013-09-25,SPX,标普500,1698.02,1692.77,1701.71,1691.88,0.58
2013-09-26,SPX,标普500,1694.05,1698.67,1703.85,1693.11,0.63
2013-09-27,SPX,标普500,1695.52,1691.75,1695.52,1687.11,0.5
2013-09-30,SPX,标普500,1687.26,1681.55,1687.26,1674.99,0.73
2013-10-01,SPX,标普500,1682.41,1695.0,1696.55,1682.07,0.86
2013-10-02,SPX,标普500,1691.9,1693.87,1693.87,1680.34,0.8
2013-10-03,SPX,标普500,1692.35,1678.66,1692.35,1670.36,1.3
2013-10-04,SPX,标普500,1678.79,1690.5,1691.94,1677.33,0.87
2013-10-07,SPX,标普500,1687.15,1676.12,1687.15,1674.7,0.74
2013-10-08,SPX,标普500,1676.22,1655.45,1676.79,1655.03,1.3
2013-10-09,SPX,标普500,1656.99,1656.4,1662.47,1646.47,0.97
2013-10-10,SPX,标普500,1660.88,1692.56,1692.56,1660.88,1.91
2013-10-11,SPX,标普500,1691.09,1703.2,1703.44,1688.52,0.88
2013-10-14,SPX,标普500,1699.86,1710.14,1711.03,1692.13,1.11
2013-10-15,SPX,标普500,1709.17,1698.06,1711.57,1695.93,0.91
2013-10-16,SPX,标普500,1700.49,1721.54,1721.76,1700.49,1.25
2013-10-17,SPX,标普500,1720.17,1733.15,1733.45,1714.12,1.12
2013-10-18,SPX,标普500,1736.72,1744.5,1745.31,1735.74,0.55
2013-10-21,SPX,标普500,1745.2,1744.66,1747.79,1740.67,0.41
2013-10-22,SPX,标普500,1746.48,1754.67,1759.33,1746.48,0.74
2013-10-23,SPX,标普500,1752.27,1746.38,1752.27,1740.5,0.67
2013-10-24,SPX,标普500,1747.48,1752.07,1753.94,1745.5,0.48
2013-10-25,SPX,标普500,1756.01,1759.77,1759.82,1752.45,0.42
2013-10-28,SPX,标普500,1759.42,1762.11,1764.99,1757.67,0.42
2013-10-29,SPX,标普500,1762.93,1771.95,1772.09,1762.93,0.52
2013-10-30,SPX,标普500,1772.27,1763.31,1775.22,1757.24,1.01
2013-10-31,SPX,标普500,1763.24,1756.54,1768.53,1755.72,0.73
2013-11-01,SPX,标普500,1758.7,1761.64,1765.67,1752.7,0.74
2013-11-04,SPX,标普500,1763.4,1767.93,1768.78,1761.56,0.41
2013-11-05,SPX,标普500,1765.67,1762.97,1767.03,1755.76,0.64
2013-11-06,SPX,标普500,1765.0,1770.49,1773.74,1764.4,0.53
2013-11-07,SPX,标普500,1770.74,1747.15,1774.54,1746.2,1.6
2013-11-08,SPX,标普500,1748.37,1770.61,1770.78,1747.63,1.33
2013-11-11,SPX,标普500,1769.96,1771.89,1773.44,1767.85,0.32
2013-11-12,SPX,标普500,1769.51,1767.69,1771.78,1762.29,0.54
2013-11-13,SPX,标普500,1764.37,1782.0,1782.0,1760.64,1.21
2013-11-14,SPX,标普500,1782.75,1790.62,1791.53,1780.22,0.63
2013-11-15,SPX,标普500,1790.66,1798.18,1798.22,1790.66,0.42
2013-11-18,SPX,标普500,1798.82,1791.53,1802.33,1788.0,0.8
2013-11-19,SPX,标普500,1790.79,1787.87,1795.51,1784.72,0.6
2013-11-20,SPX,标普500,1789.59,1781.37,1795.73,1777.23,1.03
2013-11-21,SPX,标普500,1783.52,1795.85,1797.16,1783.52,0.77
2013-11-22,SPX,标普500,1797.21,1804.76,1804.84,1794.7,0.56
2013-11-25,SPX,标普500,1806.33,1802.48,1808.1,1800.58,0.42
2013-11-26,SPX,标普500,1802.87,1802.75,1808.42,1800.77,0.42
2013-11-27,SPX,标普500,1803.48,1807.23,1808.27,1802.77,0.31
2013-11-29,SPX,标普500,1808.69,1805.81,1813.55,1803.98,0.53
2013-12-02,SPX,标普500,1806.55,1800.9,1810.02,1798.6,0.63
2013-12-03,SPX,标普500,1800.1,1795.15,1800.1,1787.85,0.68
2013-12-04,SPX,标普500,1793.15,1792.81,1799.8,1779.09,1.15
2013-12-05,SPX,标普500,1792.82,1785.03,1792.82,1783.38,0.53
2013-12-06,SPX,标普500,1788.36,1805.09,1806.04,1788.36,0.99
2013-12-09,SPX,标普500,1806.21,1808.37,1811.52,1806.21,0.29
2013-12-10,SPX,标普500,1807.6,1802.62,1808.52,1801.75,0.37
2013-12-11,SPX,标普500,1802.76,1782.22,1802.97,1780.09,1.27
2013-12-12,SPX,标普500,1781.71,1775.5,1782.99,1772.28,0.6
2013-12-13,SPX,标普500,1777.98,1775.32,1780.92,1772.45,0.48
2013-12-16,SPX,标普500,1777.48,1786.54,1792.22,1777.48,0.83
2013-12-17,SPX,标普500,1786.47,1781.0,1786.77,1777.05,0.54
2013-12-18,SPX,标普500,1781.46,1810.65,1811.08,1767.99,2.42
2013-12-19,SPX,标普500,1809.0,1809.6,1810.88,1801.35,0.53
2013-12-20,SPX,标普500,1810.39,1818.31,1823.75,1810.25,0.75
2013-12-23,SPX,标普500,1822.92,1827.99,1829.75,1822.92,0.38
2013-12-24,SPX,标普500,1828.02,1833.32,1833.32,1828.02,0.29
2013-12-26,SPX,标普500,1834.96,1842.02,1842.84,1834.96,0.43
2013-12-27,SPX,标普500,1842.97,1841.4,1844.89,1839.81,0.28
2013-12-30,SPX,标普500,1841.47,1841.07,1842.47,1838.77,0.2
2013-12-31,SPX,标普500,1842.61,1848.36,1849.44,1842.41,0.38
2014-01-02,SPX,标普500,1845.86,1831.98,1845.86,1827.74,0.98
2014-01-03,SPX,标普500,1833.21,1831.37,1838.24,1829.13,0.5
2014-01-06,SPX,标普500,1832.31,1826.77,1837.16,1823.73,0.73
2014-01-07,SPX,标普500,1828.71,1837.88,1840.1,1828.71,0.62
2014-01-08,SPX,标普500,1837.9,1837.49,1840.02,1831.4,0.47
2014-01-09,SPX,标普500,1839.0,1838.13,1843.23,1830.38,0.7
2014-01-10,SPX,标普500,1840.06,1842.37,1843.15,1832.43,0.58
2014-01-13,SPX,标普500,1841.26,1819.2,1843.45,1815.52,1.52
2014-01-14,SPX,标普500,1821.36,1838.88,1839.26,1821.36,0.98
2014-01-15,SPX,标普500,1840.52,1848.38,1850.84,1840.52,0.56
2014-01-16,SPX,标普500,1847.99,1845.89,1847.99,1840.3,0.42
2014-01-17,SPX,标普500,1844.23,1838.7,1846.04,1835.23,0.59
2014-01-21,SPX,标普500,1841.05,1843.8,1849.31,1832.38,0.92
2014-01-22,SPX,标普500,1844.71,1844.86,1846.87,1840.88,0.32
2014-01-23,SPX,标普500,1842.29,1828.46,1842.29,1820.06,1.2
2014-01-24,SPX,标普500,1826.96,1790.29,1826.96,1790.29,2.01
2014-01-27,SPX,标普500,1791.03,1781.56,1795.98,1772.88,1.29
2014-01-28,SPX,标普500,1783.0,1792.5,1793.87,1779.49,0.81
2014-01-29,SPX,标普500,1790.15,1774.2,1790.15,1770.45,1.1
2014-01-30,SPX,标普500,1777.17,1794.19,1798.77,1777.17,1.22
2014-01-31,SPX,标普500,1790.88,1782.59,1793.88,1772.26,1.21
2014-02-03,SPX,标普500,1782.68,1741.89,1784.83,1739.66,2.53
2014-02-04,SPX,标普500,1743.82,1755.2,1758.73,1743.82,0.86
2014-02-05,SPX,标普500,1753.38,1751.64,1755.79,1737.92,1.02
2014-02-06,SPX,标普500,1752.99,1773.43,1774.06,1752.99,1.2
2014-02-07,SPX,标普500,1776.01,1797.02,1798.03,1776.01,1.24
2014-02-10,SPX,标普500,1796.2,1799.84,1799.94,1791.83,0.45
2014-02-11,SPX,标普500,1800.45,1819.75,1823.54,1800.41,1.29
2014-02-12,SPX,标普500,1820.12,1819.26,1826.55,1815.97,0.58
2014-02-13,SPX,标普500,1814.82,1829.83,1830.25,1809.22,1.16
2014-02-14,SPX,标普500,1828.46,1838.63,1841.65,1825.59,0.88
2014-02-18,SPX,标普500,1839.03,1840.76,1842.87,1835.01,0.43
2014-02-19,SPX,标普500,1838.9,1828.75,1847.5,1826.99,1.11
2014-02-20,SPX,标普500,1829.24,1839.78,1842.79,1824.58,1.0
2014-02-21,SPX,标普500,1841.07,1836.25,1846.13,1835.6,0.57
2014-02-24,SPX,标普500,1836.78,1847.71,1858.71,1836.78,1.19
2014-02-25,SPX,标普500,1847.66,1845.12,1852.91,1840.19,0.69
2014-02-26,SPX,标普500,1845.79,1845.16,1852.65,1840.66,0.65
2014-02-27,SPX,标普500,1844.9,1854.29,1854.53,1841.13,0.73
2014-02-28,SPX,标普500,1855.12,1859.45,1867.92,1847.67,1.09
2014-03-03,SPX,标普500,1857.68,1845.73,1857.68,1834.44,1.25
2014-03-04,SPX,标普500,1849.23,1873.91,1876.23,1849.23,1.46
2014-03-05,SPX,标普500,1874.05,1873.81,1876.53,1871.11,0.29
2014-03-06,SPX,标普500,1874.18,1877.03,1881.94,1874.18,0.41
2014-03-07,SPX,标普500,1878.52,1878.04,1883.57,1870.56,0.69
2014-03-10,SPX,标普500,1877.86,1877.17,1877.87,1867.04,0.58
2014-03-11,SPX,标普500,1878.26,1867.63,1882.35,1863.88,0.98
2014-03-12,SPX,标普500,1866.15,1868.2,1868.38,1854.38,0.75
2014-03-13,SPX,标普500,1869.06,1846.34,1874.4,1841.86,1.74
2014-03-14,SPX,标普500,1845.07,1841.13,1852.44,1839.57,0.7
2014-03-17,SPX,标普500,1842.81,1858.83,1862.3,1842.81,1.06
2014-03-18,SPX,标普500,1858.92,1872.25,1873.76,1858.92,0.8
2014-03-19,SPX,标普500,1872.25,1860.77,1874.14,1850.35,1.27
2014-03-20,SPX,标普500,1860.09,1872.01,1873.49,1854.63,1.01
2014-03-21,SPX,标普500,1874.53,1866.4,1883.97,1863.46,1.1
2014-03-24,SPX,标普500,1867.67,1857.44,1873.34,1849.69,1.27
2014-03-25,SPX,标普500,1859.48,1865.62,1871.87,1855.96,0.86
2014-03-26,SPX,标普500,1867.09,1852.56,1875.92,1852.56,1.25
2014-03-27,SPX,标普500,1852.11,1849.04,1855.55,1842.11,0.73
2014-03-28,SPX,标普500,1850.07,1857.62,1866.63,1850.07,0.9
2014-03-31,SPX,标普500,1859.16,1872.34,1875.18,1859.16,0.86
2014-04-01,SPX,标普500,1873.96,1885.52,1885.84,1873.96,0.63
2014-04-02,SPX,标普500,1886.61,1890.9,1893.17,1883.79,0.5
2014-04-03,SPX,标普500,1891.43,1888.77,1893.8,1882.65,0.59
2014-04-04,SPX,标普500,1890.25,1865.09,1897.28,1863.26,1.8
2014-04-07,SPX,标普500,1863.92,1845.04,1864.04,1841.48,1.21
2014-04-08,SPX,标普500,1845.48,1851.96,1854.95,1837.49,0.95
2014-04-09,SPX,标普500,1852.64,1872.18,1872.43,1852.38,1.08
2014-04-10,SPX,标普500,1872.28,1833.08,1872.53,1830.87,2.23
2014-04-11,SPX,标普500,1830.65,1815.69,1835.07,1814.36,1.13
2014-04-14,SPX,标普500,1818.18,1830.61,1834.19,1815.8,1.01
2014-04-15,SPX,标普500,1831.45,1842.98,1844.02,1816.29,1.51
2014-04-16,SPX,标普500,1846.01,1862.31,1862.31,1846.01,0.88
2014-04-17,SPX,标普500,1861.73,1864.85,1869.63,1856.72,0.69
2014-04-21,SPX,标普500,1865.79,1871.89,1871.89,1863.18,0.47
2014-04-22,SPX,标普500,1872.57,1879.55,1884.89,1872.57,0.66
2014-04-23,SPX,标普500,1879.32,1875.39,1879.75,1873.91,0.31
2014-04-24,SPX,标普500,1881.97,1878.61,1884.06,1870.24,0.74
2014-04-25,SPX,标普500,1877.72,1863.4,1877.72,1859.7,0.96
2014-04-28,SPX,标普500,1865.0,1869.43,1877.01,1850.61,1.42
2014-04-29,SPX,标普500,1870.78,1878.33,1880.6,1870.78,0.53
2014-04-30,SPX,标普500,1877.1,1883.95,1885.2,1872.69,0.67
2014-05-01,SPX,标普500,1884.39,1883.68,1888.59,1878.04,0.56
2014-05-02,SPX,标普500,1885.3,1881.14,1891.33,1878.5,0.68
2014-05-05,SPX,标普500,1879.45,1884.66,1885.51,1866.77,1.0
2014-05-06,SPX,标普500,1883.69,1867.72,1883.69,1867.72,0.85
2014-05-07,SPX,标普500,1868.53,1878.21,1878.83,1859.79,1.02
2014-05-08,SPX,标普500,1877.39,1875.63,1889.07,1870.05,1.01
2014-05-09,SPX,标普500,1875.27,1878.48,1878.57,1867.02,0.62
2014-05-12,SPX,标普500,1880.03,1896.65,1897.13,1880.03,0.91
2014-05-13,SPX,标普500,1896.75,1897.45,1902.17,1896.06,0.32
2014-05-14,SPX,标普500,1897.13,1888.53,1897.13,1885.77,0.6
2014-05-15,SPX,标普500,1888.16,1870.85,1888.16,1862.36,1.37
2014-05-16,SPX,标普500,1871.19,1877.86,1878.28,1864.82,0.72
2014-05-19,SPX,标普500,1876.66,1885.08,1886.0,1872.42,0.72
2014-05-20,SPX,标普500,1884.88,1872.83,1884.88,1868.14,0.89
2014-05-21,SPX,标普500,1873.34,1888.03,1888.8,1873.34,0.83
2014-05-22,SPX,标普500,1888.19,1892.49,1896.33,1885.39,0.58
2014-05-23,SPX,标普500,1893.32,1900.53,1901.26,1893.32,0.42
2014-05-27,SPX,标普500,1902.01,1911.91,1912.28,1902.01,0.54
2014-05-28,SPX,标普500,1911.77,1909.78,1914.46,1907.3,0.37
2014-05-29,SPX,标普500,1910.6,1920.03,1920.03,1909.82,0.53
2014-05-30,SPX,标普500,1920.33,1923.57,1924.03,1916.64,0.38
2014-06-02,SPX,标普500,1923.87,1924.97,1925.88,1915.98,0.51
2014-06-03,SPX,标普500,1923.07,1924.24,1925.07,1918.79,0.33
2014-06-04,SPX,标普500,1923.06,1927.88,1928.63,1918.6,0.52
2014-06-05,SPX,标普500,1928.52,1940.46,1941.74,1922.93,0.98
2014-06-06,SPX,标普500,1942.41,1949.44,1949.44,1942.41,0.36
2014-06-09,SPX,标普500,1948.97,1951.27,1955.55,1947.16,0.43
2014-06-10,SPX,标普500,1950.34,1950.79,1950.86,1944.64,0.32
2014-06-11,SPX,标普500,1949.37,1943.89,1949.37,1940.08,0.48
2014-06-12,SPX,标普500,1943.35,1930.11,1943.35,1925.78,0.9
2014-06-13,SPX,标普500,1930.8,1936.16,1937.3,1927.69,0.5
2014-06-16,SPX,标普500,1934.84,1937.78,1941.15,1930.91,0.53
2014-06-17,SPX,标普500,1937.15,1941.99,1943.69,1933.55,0.52
2014-06-18,SPX,标普500,1942.73,1956.98,1957.74,1939.29,0.95
2014-06-19,SPX,标普500,1957.5,1959.48,1959.87,1952.26,0.39
2014-06-20,SPX,标普500,1960.45,1962.87,1963.91,1959.17,0.24
2014-06-23,SPX,标普500,1962.92,1962.61,1963.74,1958.89,0.25
2014-06-24,SPX,标普500,1961.97,1949.98,1968.17,1948.34,1.01
2014-06-25,SPX,标普500,1949.27,1959.53,1960.83,1947.49,0.68
2014-06-26,SPX,标普500,1959.89,1957.22,1959.89,1944.69,0.78
2014-06-27,SPX,标普500,1956.56,1960.96,1961.47,1952.18,0.47
2014-06-30,SPX,标普500,1960.79,1960.23,1964.24,1958.22,0.31
2014-07-01,SPX,标普500,1962.29,1973.32,1978.58,1962.29,0.83
2014-07-02,SPX,标普500,1973.06,1974.62,1976.67,1972.58,0.21
2014-07-03,SPX,标普500,1975.88,1985.44,1985.59,1975.88,0.49
2014-07-07,SPX,标普500,1984.22,1977.65,1984.22,1974.88,0.47
2014-07-08,SPX,标普500,1976.39,1963.71,1976.39,1959.46,0.86
2014-07-09,SPX,标普500,1965.1,1972.83,1974.15,1965.1,0.46
2014-07-10,SPX,标普500,1966.67,1964.68,1969.84,1952.86,0.86
2014-07-11,SPX,标普500,1965.76,1967.57,1968.67,1959.63,0.46
2014-07-14,SPX,标普500,1969.86,1977.1,1979.85,1969.86,0.51
2014-07-15,SPX,标普500,1977.36,1973.28,1982.52,1965.34,0.87
2014-07-16,SPX,标普500,1976.35,1981.57,1983.94,1975.67,0.42
2014-07-17,SPX,标普500,1979.75,1958.12,1981.8,1955.59,1.32
2014-07-18,SPX,标普500,1961.54,1978.22,1979.91,1960.82,0.97
2014-07-21,SPX,标普500,1976.93,1973.63,1976.93,1965.77,0.56
2014-07-22,SPX,标普500,1975.65,1983.53,1986.24,1975.65,0.54
2014-07-23,SPX,标普500,1985.32,1987.01,1989.23,1982.44,0.34
2014-07-24,SPX,标普500,1988.07,1987.98,1991.39,1985.79,0.28
2014-07-25,SPX,标普500,1984.6,1978.34,1984.6,1974.37,0.51
2014-07-28,SPX,标普500,1978.25,1978.91,1981.52,1967.31,0.72
2014-07-29,SPX,标普500,1980.03,1969.95,1984.85,1969.95,0.75
2014-07-30,SPX,标普500,1973.21,1970.07,1978.9,1962.42,0.84
2014-07-31,SPX,标普500,1965.14,1930.67,1965.14,1930.67,1.75
2014-08-01,SPX,标普500,1929.8,1925.15,1937.35,1916.37,1.09
2014-08-04,SPX,标普500,1926.62,1938.99,1942.92,1921.2,1.13
2014-08-05,SPX,标普500,1936.34,1920.21,1936.34,1913.77,1.16
2014-08-06,SPX,标普500,1917.29,1920.24,1927.91,1911.45,0.86
2014-08-07,SPX,标普500,1923.03,1909.57,1928.89,1904.78,1.26
2014-08-08,SPX,标普500,1910.35,1931.59,1932.38,1909.01,1.22
2014-08-11,SPX,标普500,1933.43,1936.92,1944.9,1933.43,0.59
2014-08-12,SPX,标普500,1935.73,1933.75,1939.65,1928.29,0.59
2014-08-13,SPX,标普500,1935.6,1946.72,1948.41,1935.6,0.66
2014-08-14,SPX,标普500,1947.41,1955.18,1955.23,1947.41,0.4
2014-08-15,SPX,标普500,1958.87,1955.06,1964.04,1941.5,1.15
2014-08-18,SPX,标普500,1958.36,1971.73,1971.99,1958.36,0.7
2014-08-19,SPX,标普500,1972.73,1981.6,1982.57,1972.73,0.5
2014-08-20,SPX,标普500,1980.46,1986.51,1988.57,1977.68,0.55
2014-08-21,SPX,标普500,1986.82,1992.38,1994.76,1986.82,0.4
2014-08-22,SPX,标普500,1992.6,1988.4,1993.54,1984.76,0.44
2014-08-25,SPX,标普500,1991.74,1997.92,2001.95,1991.74,0.51
2014-08-26,SPX,标普500,1998.59,2000.02,2005.04,1998.59,0.32
2014-08-27,SPX,标普500,2000.54,2000.12,2002.14,1996.2,0.3
2014-08-28,SPX,标普500,1997.42,1996.74,1998.55,1990.52,0.4
2014-08-29,SPX,标普500,1998.45,2003.37,2003.38,1994.65,0.44
2014-09-02,SPX,标普500,2004.07,2002.28,2006.12,1994.85,0.56
2014-09-03,SPX,标普500,2003.57,2000.72,2009.28,1998.14,0.56
2014-09-04,SPX,标普500,2001.67,1997.65,2011.17,1992.54,0.93
2014-09-05,SPX,标普500,1998.0,2007.71,2007.71,1990.1,0.88
2014-09-08,SPX,标普500,2007.17,2001.54,2007.17,1995.6,0.58
2014-09-09,SPX,标普500,2000.73,1988.44,2001.01,1984.61,0.82
2014-09-10,SPX,标普500,1988.41,1995.69,1996.66,1982.99,0.69
2014-09-11,SPX,标普500,1992.85,1997.45,1997.65,1985.93,0.59
2014-09-12,SPX,标普500,1996.74,1985.54,1996.74,1980.26,0.83
2014-09-15,SPX,标普500,1986.04,1984.13,1987.18,1978.48,0.44
2014-09-16,SPX,标普500,1981.93,1998.98,2002.28,1979.06,1.17
2014-09-17,SPX,标普500,1999.3,2001.57,2010.74,1993.29,0.87
2014-09-18,SPX,标普500,2003.07,2011.36,2012.34,2003.07,0.46
2014-09-19,SPX,标普500,2012.74,2010.4,2019.26,2006.59,0.63
2014-09-22,SPX,标普500,2009.08,1994.29,2009.08,1991.01,0.9
2014-09-23,SPX,标普500,1992.78,1982.77,1995.41,1982.77,0.63
2014-09-24,SPX,标普500,1983.34,1998.3,1999.79,1978.63,1.07
2014-09-25,SPX,标普500,1997.32,1965.99,1997.32,1965.99,1.57
2014-09-26,SPX,标普500,1966.22,1982.85,1986.37,1966.22,1.02
2014-09-29,SPX,标普500,1978.96,1977.8,1981.28,1964.04,0.87
2014-09-30,SPX,标普500,1978.21,1972.29,1985.17,1968.96,0.82
2014-10-01,SPX,标普500,1971.44,1946.16,1971.44,1941.72,1.51
2014-10-02,SPX,标普500,1945.83,1946.17,1952.32,1926.03,1.35
2014-10-03,SPX,标普500,1948.12,1967.9,1971.19,1948.12,1.19
2014-10-06,SPX,标普500,1970.01,1964.82,1977.84,1958.43,0.99
2014-10-07,SPX,标普500,1962.36,1935.09,1962.36,1934.87,1.4
2014-10-08,SPX,标普500,1935.55,1968.89,1970.36,1925.25,2.33
2014-10-09,SPX,标普500,1967.68,1928.21,1967.68,1927.56,2.04
2014-10-10,SPX,标普500,1925.63,1906.13,1936.98,1906.05,1.6
2014-10-13,SPX,标普500,1905.65,1874.74,1912.09,1874.14,1.99
2014-10-14,SPX,标普500,1877.11,1877.7,1898.71,1871.79,1.44
2014-10-15,SPX,标普500,1874.18,1862.49,1874.18,1820.66,2.85
2014-10-16,SPX,标普500,1855.95,1862.76,1876.01,1835.02,2.2
2014-10-17,SPX,标普500,1864.91,1886.76,1898.16,1864.91,1.78
2014-10-20,SPX,标普500,1885.62,1904.02,1905.03,1882.3,1.2
2014-10-21,SPX,标普500,1909.38,1941.28,1942.45,1909.38,1.74
2014-10-22,SPX,标普500,1941.29,1927.11,1949.31,1926.83,1.16
2014-10-23,SPX,标普500,1931.02,1950.82,1961.95,1931.02,1.6
2014-10-24,SPX,标普500,1951.59,1964.58,1965.27,1946.27,0.97
2014-10-27,SPX,标普500,1962.97,1961.63,1964.64,1951.37,0.68
2014-10-28,SPX,标普500,1964.14,1985.05,1985.05,1964.14,1.07
2014-10-29,SPX,标普500,1983.29,1982.3,1991.4,1969.04,1.13
2014-10-30,SPX,标普500,1979.49,1994.65,1999.4,1974.75,1.24
2014-10-31,SPX,标普500,2001.2,2018.05,2018.19,2001.2,0.85
2014-11-03,SPX,标普500,2018.21,2017.81,2024.46,2013.68,0.53
2014-11-04,SPX,标普500,2015.81,2012.1,2015.98,2001.01,0.74
2014-11-05,SPX,标普500,2015.29,2023.57,2023.77,2014.42,0.46
2014-11-06,SPX,标普500,2023.33,2031.21,2031.61,2015.86,0.78
2014-11-07,SPX,标普500,2032.36,2031.92,2034.26,2025.07,0.45
2014-11-10,SPX,标普500,2032.01,2038.26,2038.7,2030.17,0.42
2014-11-11,SPX,标普500,2038.2,2039.68,2041.28,2035.28,0.29
2014-11-12,SPX,标普500,2037.75,2038.25,2040.33,2031.95,0.41
2014-11-13,SPX,标普500,2039.21,2039.33,2046.18,2030.44,0.77
2014-11-14,SPX,标普500,2039.74,2039.82,2042.22,2035.2,0.34
2014-11-17,SPX,标普500,2038.29,2041.32,2043.07,2034.46,0.42
2014-11-18,SPX,标普500,2041.48,2051.8,2056.08,2041.48,0.72
2014-11-19,SPX,标普500,2051.16,2048.72,2052.14,2040.37,0.57
2014-11-20,SPX,标普500,2045.87,2052.75,2053.84,2040.49,0.65
2014-11-21,SPX,标普500,2057.46,2063.5,2071.46,2056.75,0.72
2014-11-24,SPX,标普500,2065.07,2069.41,2070.17,2065.07,0.25
2014-11-25,SPX,标普500,2070.15,2067.03,2074.21,2064.75,0.46
2014-11-26,SPX,标普500,2067.36,2072.83,2073.29,2066.62,0.32
2014-11-28,SPX,标普500,2074.78,2067.56,2075.76,2065.06,0.52
2014-12-01,SPX,标普500,2065.78,2053.44,2065.78,2049.57,0.78
2014-12-02,SPX,标普500,2053.77,2066.55,2068.77,2053.77,0.73
2014-12-03,SPX,标普500,2067.45,2074.33,2076.28,2066.65,0.47
2014-12-04,SPX,标普500,2073.64,2071.92,2077.34,2062.34,0.72
2014-12-05,SPX,标普500,2072.78,2075.37,2079.47,2070.81,0.42
2014-12-08,SPX,标普500,2074.84,2060.31,2075.78,2054.27,1.04
2014-12-09,SPX,标普500,2056.55,2059.82,2060.6,2034.17,1.28
2014-12-10,SPX,标普500,2058.86,2026.14,2058.86,2024.26,1.68
2014-12-11,SPX,标普500,2027.92,2035.33,2055.53,2027.92,1.36
2014-12-12,SPX,标普500,2030.36,2002.33,2032.25,2002.33,1.47
2014-12-15,SPX,标普500,2005.03,1989.63,2018.69,1982.26,1.82
2014-12-16,SPX,标普500,1986.71,1972.74,2016.89,1972.56,2.23
2014-12-17,SPX,标普500,1973.77,2012.89,2016.75,1973.77,2.18
2014-12-18,SPX,标普500,2018.98,2061.23,2061.23,2018.98,2.1
2014-12-19,SPX,标普500,2061.04,2070.65,2077.85,2061.03,0.82
2014-12-22,SPX,标普500,2069.28,2078.54,2078.76,2069.28,0.46
2014-12-23,SPX,标普500,2081.48,2082.17,2086.73,2079.77,0.33
2014-12-24,SPX,标普500,2083.25,2081.88,2087.56,2081.86,0.27
2014-12-26,SPX,标普500,2084.3,2088.77,2092.7,2084.3,0.4
2014-12-29,SPX,标普500,2087.63,2090.57,2093.55,2085.75,0.37
2014-12-30,SPX,标普500,2088.49,2080.35,2088.49,2079.53,0.43
2014-12-31,SPX,标普500,2082.11,2058.9,2085.58,2057.94,1.33
2015-01-02,SPX,标普500,2058.9,2058.2,2072.36,2046.04,1.28
2015-01-05,SPX,标普500,2054.44,2020.58,2054.44,2017.34,1.8
2015-01-06,SPX,标普500,2022.15,2002.61,2030.25,1992.44,1.87
2015-01-07,SPX,标普500,2005.55,2025.9,2029.61,2005.55,1.2
2015-01-08,SPX,标普500,2030.61,2062.14,2064.08,2030.61,1.65
2015-01-09,SPX,标普500,2063.45,2044.81,2064.43,2038.33,1.27
2015-01-12,SPX,标普500,2046.13,2028.26,2049.3,2022.58,1.31
2015-01-13,SPX,标普500,2031.58,2023.03,2056.93,2008.25,2.4
2015-01-14,SPX,标普500,2018.4,2011.27,2018.4,1988.44,1.48
2015-01-15,SPX,标普500,2013.75,1992.67,2021.35,1991.47,1.49
2015-01-16,SPX,标普500,1992.25,2019.42,2020.46,1988.12,1.62
2015-01-20,SPX,标普500,2020.76,2022.55,2028.94,2004.49,1.21
2015-01-21,SPX,标普500,2020.19,2032.12,2038.29,2012.04,1.3
2015-01-22,SPX,标普500,2034.3,2063.15,2064.62,2026.38,1.88
2015-01-23,SPX,标普500,2062.98,2051.82,2062.98,2050.54,0.6
2015-01-26,SPX,标普500,2050.42,2057.09,2057.62,2040.97,0.81
2015-01-27,SPX,标普500,2047.86,2029.55,2047.86,2019.91,1.36
2015-01-28,SPX,标普500,2032.34,2002.16,2042.49,2001.49,2.02
2015-01-29,SPX,标普500,2002.45,2021.25,2024.64,1989.18,1.77
2015-01-30,SPX,标普500,2019.35,1994.99,2023.32,1993.38,1.48
2015-02-02,SPX,标普500,1996.67,2020.85,2021.66,1980.9,2.04
2015-02-03,SPX,标普500,2022.71,2050.03,2050.3,2022.71,1.37
2015-02-04,SPX,标普500,2048.86,2041.51,2054.74,2036.72,0.88
2015-02-05,SPX,标普500,2043.45,2062.52,2063.55,2043.45,0.98
2015-02-06,SPX,标普500,2062.28,2055.47,2072.4,2049.97,1.09
2015-02-09,SPX,标普500,2053.47,2046.74,2056.16,2041.88,0.69
2015-02-10,SPX,标普500,2049.38,2068.59,2070.86,2048.62,1.09
2015-02-11,SPX,标普500,2068.55,2068.53,2073.48,2057.99,0.75
2015-02-12,SPX,标普500,2069.98,2088.48,2088.53,2069.98,0.9
2015-02-13,SPX,标普500,2088.78,2096.99,2097.03,2086.7,0.49
2015-02-17,SPX,标普500,2096.47,2100.34,2101.3,2089.8,0.55
2015-02-18,SPX,标普500,2099.16,2099.68,2100.23,2092.15,0.38
2015-02-19,SPX,标普500,2099.25,2097.45,2102.13,2090.79,0.54
2015-02-20,SPX,标普500,2097.65,2110.3,2110.61,2085.44,1.2
2015-02-23,SPX,标普500,2109.83,2109.66,2110.05,2103.0,0.33
2015-02-24,SPX,标普500,2109.1,2115.48,2117.94,2105.87,0.57
2015-02-25,SPX,标普500,2115.3,2113.86,2119.59,2109.89,0.46
2015-02-26,SPX,标普500,2113.91,2110.74,2113.91,2103.76,0.48
2015-02-27,SPX,标普500,2110.88,2104.5,2112.74,2103.75,0.43
2015-03-02,SPX,标普500,2105.23,2117.39,2117.52,2104.5,0.62
2015-03-03,SPX,标普500,2115.76,2107.78,2115.76,2098.26,0.83
2015-03-04,SPX,标普500,2107.72,2098.53,2107.72,2087.62,0.95
2015-03-05,SPX,标普500,2098.54,2101.04,2104.25,2095.22,0.43
2015-03-06,SPX,标普500,2100.91,2071.26,2100.91,2067.27,1.6
2015-03-09,SPX,标普500,2072.25,2079.43,2083.49,2072.21,0.54
2015-03-10,SPX,标普500,2076.14,2044.16,2076.14,2044.16,1.54
2015-03-11,SPX,标普500,2044.69,2040.24,2050.08,2039.69,0.51
2015-03-12,SPX,标普500,2041.1,2065.95,2066.41,2041.1,1.24
2015-03-13,SPX,标普500,2064.56,2053.4,2064.56,2041.17,1.13
2015-03-16,SPX,标普500,2055.35,2081.19,2081.41,2055.35,1.27
2015-03-17,SPX,标普500,2080.59,2074.2,2080.59,2065.08,0.75
2015-03-18,SPX,标普500,2072.84,2099.42,2106.85,2061.23,2.2
2015-03-19,SPX,标普500,2098.69,2089.27,2098.69,2085.56,0.63
2015-03-20,SPX,标普500,2090.32,2108.06,2113.92,2090.32,1.13
2015-03-23,SPX,标普500,2107.99,2104.42,2114.86,2104.42,0.5
2015-03-24,SPX,标普500,2103.94,2091.5,2107.63,2091.5,0.77
2015-03-25,SPX,标普500,2093.1,2061.05,2097.43,2061.05,1.74
2015-03-26,SPX,标普500,2059.94,2056.15,2067.15,2045.5,1.05
2015-03-27,SPX,标普500,2055.78,2061.02,2062.83,2052.96,0.48
2015-03-30,SPX,标普500,2064.11,2086.24,2088.97,2064.11,1.21
2015-03-31,SPX,标普500,2084.05,2067.89,2084.05,2067.04,0.82
2015-04-01,SPX,标普500,2067.63,2059.69,2067.63,2048.38,0.93
2015-04-02,SPX,标普500,2060.03,2066.96,2072.17,2057.32,0.72
2015-04-06,SPX,标普500,2064.87,2080.62,2086.99,2056.52,1.47
2015-04-07,SPX,标普500,2080.79,2076.33,2089.81,2076.1,0.66
2015-04-08,SPX,标普500,2076.94,2081.9,2086.69,2073.3,0.64
2015-04-09,SPX,标普500,2081.29,2091.18,2093.31,2074.29,0.91
2015-04-10,SPX,标普500,2091.51,2102.06,2102.61,2091.51,0.53
2015-04-13,SPX,标普500,2102.03,2092.43,2107.65,2092.33,0.73
2015-04-14,SPX,标普500,2092.28,2095.84,2098.62,2083.24,0.74
2015-04-15,SPX,标普500,2097.82,2106.63,2111.91,2097.82,0.67
2015-04-16,SPX,标普500,2105.96,2104.99,2111.3,2100.02,0.54
2015-04-17,SPX,标普500,2102.58,2081.18,2102.58,2072.37,1.44
2015-04-20,SPX,标普500,2084.11,2100.4,2103.94,2084.11,0.95
2015-04-21,SPX,标普500,2102.82,2097.29,2109.64,2094.38,0.73
2015-04-22,SPX,标普500,2098.27,2107.96,2109.98,2091.05,0.9
2015-04-23,SPX,标普500,2107.21,2112.93,2120.49,2103.19,0.82
2015-04-24,SPX,标普500,2112.8,2117.69,2120.92,2112.8,0.38
2015-04-27,SPX,标普500,2119.29,2108.92,2125.92,2107.04,0.89
2015-04-28,SPX,标普500,2108.35,2114.76,2116.09,2094.89,1.01
2015-04-29,SPX,标普500,2112.49,2106.85,2113.65,2097.41,0.77
2015-04-30,SPX,标普500,2105.52,2085.51,2105.52,2077.59,1.33
2015-05-01,SPX,标普500,2087.38,2108.29,2108.41,2087.38,1.01
2015-05-04,SPX,标普500,2110.23,2114.49,2120.95,2110.23,0.51
2015-05-05,SPX,标普500,2112.63,2089.46,2115.24,2088.46,1.27
2015-05-06,SPX,标普500,2091.26,2080.15,2098.42,2067.93,1.46
2015-05-07,SPX,标普500,2079.96,2088.0,2092.9,2074.99,0.86
2015-05-08,SPX,标普500,2092.13,2116.1,2117.66,2092.13,1.22
2015-05-11,SPX,标普500,2115.56,2105.33,2117.69,2104.58,0.62
2015-05-12,SPX,标普500,2102.87,2099.12,2105.06,2085.57,0.93
2015-05-13,SPX,标普500,2099.62,2098.48,2110.19,2096.04,0.67
2015-05-14,SPX,标普500,2100.43,2121.1,2121.45,2100.43,1.0
2015-05-15,SPX,标普500,2122.07,2122.73,2123.89,2116.79,0.33
2015-05-18,SPX,标普500,2121.3,2129.2,2131.78,2120.01,0.55
2015-05-19,SPX,标普500,2129.45,2127.83,2133.02,2124.5,0.4
2015-05-20,SPX,标普500,2127.79,2125.85,2134.72,2122.59,0.57
2015-05-21,SPX,标普500,2125.55,2130.82,2134.28,2122.95,0.53
2015-05-22,SPX,标普500,2130.36,2126.06,2132.15,2126.06,0.29
2015-05-26,SPX,标普500,2125.34,2104.2,2125.34,2099.18,1.23
2015-05-27,SPX,标普500,2105.13,2123.48,2126.22,2105.13,1.0
2015-05-28,SPX,标普500,2122.27,2120.79,2122.27,2112.86,0.44
2015-05-29,SPX,标普500,2120.66,2107.39,2120.66,2104.89,0.74
2015-06-01,SPX,标普500,2108.64,2111.73,2119.15,2102.54,0.79
2015-06-02,SPX,标普500,2110.41,2109.6,2117.59,2099.14,0.87
2015-06-03,SPX,标普500,2110.64,2114.07,2121.92,2109.61,0.58
2015-06-04,SPX,标普500,2112.35,2095.84,2112.89,2093.23,0.93
2015-06-05,SPX,标普500,2095.09,2092.83,2100.99,2085.67,0.73
2015-06-08,SPX,标普500,2092.34,2079.28,2093.01,2079.11,0.66
2015-06-09,SPX,标普500,2079.07,2080.15,2085.62,2072.14,0.65
2015-06-10,SPX,标普500,2081.12,2105.2,2108.5,2081.12,1.32
2015-06-11,SPX,标普500,2106.24,2108.86,2115.02,2106.24,0.42
2015-06-12,SPX,标普500,2107.43,2094.11,2107.43,2091.33,0.76
2015-06-15,SPX,标普500,2091.34,2084.43,2091.34,2072.49,0.9
2015-06-16,SPX,标普500,2084.26,2096.29,2097.4,2082.1,0.73
2015-06-17,SPX,标普500,2097.4,2100.44,2106.79,2088.86,0.86
2015-06-18,SPX,标普500,2101.58,2121.24,2126.65,2101.58,1.19
2015-06-19,SPX,标普500,2121.06,2109.76,2121.64,2109.45,0.57
2015-06-22,SPX,标普500,2112.5,2122.85,2129.87,2112.5,0.82
2015-06-23,SPX,标普500,2123.16,2124.2,2128.03,2119.89,0.38
2015-06-24,SPX,标普500,2123.65,2108.58,2125.1,2108.58,0.78
2015-06-25,SPX,标普500,2109.96,2102.31,2116.04,2101.78,0.68
2015-06-26,SPX,标普500,2102.62,2101.61,2108.92,2095.38,0.64
2015-06-29,SPX,标普500,2098.63,2057.64,2098.63,2056.64,2.0
2015-06-30,SPX,标普500,2061.19,2063.12,2074.28,2056.32,0.87
2015-07-01,SPX,标普500,2067.0,2077.42,2082.78,2067.0,0.76
2015-07-02,SPX,标普500,2078.03,2076.78,2085.06,2071.02,0.68
2015-07-06,SPX,标普500,2073.95,2068.76,2078.61,2058.4,0.97
2015-07-07,SPX,标普500,2069.52,2081.34,2083.74,2044.02,1.92
2015-07-08,SPX,标普500,2077.66,2046.69,2077.66,2044.66,1.59
2015-07-09,SPX,标普500,2049.73,2051.31,2074.28,2049.73,1.2
2015-07-10,SPX,标普500,2052.74,2076.62,2081.31,2052.74,1.39
2015-07-13,SPX,标普500,2080.03,2099.6,2100.67,2080.03,0.99
2015-07-14,SPX,标普500,2099.72,2108.95,2111.98,2098.18,0.66
2015-07-15,SPX,标普500,2109.01,2107.4,2114.14,2102.49,0.55
2015-07-16,SPX,标普500,2110.55,2124.29,2124.42,2110.55,0.66
2015-07-17,SPX,标普500,2126.8,2126.64,2128.91,2119.88,0.43
2015-07-20,SPX,标普500,2126.85,2128.28,2132.82,2123.65,0.43
2015-07-21,SPX,标普500,2127.55,2119.21,2128.49,2115.4,0.62
2015-07-22,SPX,标普500,2118.21,2114.15,2118.51,2110.0,0.4
2015-07-23,SPX,标普500,2114.16,2102.15,2116.87,2098.63,0.86
2015-07-24,SPX,标普500,2102.24,2079.65,2106.01,2077.09,1.38
2015-07-27,SPX,标普500,2078.19,2067.64,2078.19,2063.52,0.71
2015-07-28,SPX,标普500,2070.75,2093.25,2095.6,2069.09,1.28
2015-07-29,SPX,标普500,2094.7,2108.57,2110.6,2094.08,0.79
2015-07-30,SPX,标普500,2106.78,2108.63,2110.48,2094.97,0.74
2015-07-31,SPX,标普500,2111.6,2103.92,2114.24,2102.07,0.58
2015-08-03,SPX,标普500,2104.49,2098.04,2105.7,2087.31,0.87
2015-08-04,SPX,标普500,2097.68,2093.32,2102.51,2088.6,0.66
2015-08-05,SPX,标普500,2095.27,2099.84,2112.66,2095.27,0.83
2015-08-06,SPX,标普500,2100.75,2083.56,2103.32,2075.53,1.32
2015-08-07,SPX,标普500,2082.61,2077.57,2082.61,2067.91,0.71
2015-08-10,SPX,标普500,2080.98,2104.18,2105.35,2080.98,1.17
2015-08-11,SPX,标普500,2102.66,2084.07,2102.66,2076.49,1.24
2015-08-12,SPX,标普500,2081.1,2086.05,2089.06,2052.09,1.77
2015-08-13,SPX,标普500,2086.19,2083.39,2092.93,2078.26,0.7
2015-08-14,SPX,标普500,2083.15,2091.54,2092.45,2080.61,0.57
2015-08-17,SPX,标普500,2089.7,2102.44,2102.87,2079.3,1.13
2015-08-18,SPX,标普500,2101.99,2096.92,2103.47,2094.14,0.44
2015-08-19,SPX,标普500,2095.69,2079.61,2096.17,2070.53,1.22
2015-08-20,SPX,标普500,2076.61,2035.73,2076.61,2035.73,1.97
2015-08-21,SPX,标普500,2034.08,1970.89,2034.08,1970.89,3.1
2015-08-24,SPX,标普500,1965.15,1893.21,1965.15,1867.01,4.98
2015-08-25,SPX,标普500,1898.08,1867.62,1948.04,1867.08,4.28
2015-08-26,SPX,标普500,1872.75,1940.51,1943.09,1872.75,3.77
2015-08-27,SPX,标普500,1942.77,1987.66,1989.6,1942.77,2.41
2015-08-28,SPX,标普500,1986.06,1988.87,1993.48,1975.19,0.92
2015-08-31,SPX,标普500,1986.73,1972.18,1986.73,1965.98,1.04
2015-09-01,SPX,标普500,1970.09,1913.85,1970.09,1903.07,3.4
2015-09-02,SPX,标普500,1916.52,1948.86,1948.91,1916.52,1.69
2015-09-03,SPX,标普500,1950.79,1951.13,1975.01,1944.72,1.55
2015-09-04,SPX,标普500,1947.76,1921.22,1947.76,1911.21,1.87
2015-09-08,SPX,标普500,1927.3,1969.41,1970.42,1927.3,2.24
2015-09-09,SPX,标普500,1971.45,1942.04,1988.63,1937.88,2.58
2015-09-10,SPX,标普500,1941.59,1952.29,1965.29,1937.19,1.45
2015-09-11,SPX,标普500,1951.45,1961.05,1961.05,1939.19,1.12
2015-09-14,SPX,标普500,1963.06,1953.03,1963.06,1948.27,0.75
2015-09-15,SPX,标普500,1955.1,1978.09,1983.19,1954.3,1.48
2015-09-16,SPX,标普500,1978.02,1995.31,1997.26,1977.93,0.98
2015-09-17,SPX,标普500,1995.33,1990.2,2020.86,1986.73,1.71
2015-09-18,SPX,标普500,1989.66,1958.08,1989.66,1953.45,1.82
2015-09-21,SPX,标普500,1960.84,1966.97,1979.64,1955.8,1.22
2015-09-22,SPX,标普500,1961.39,1942.74,1961.39,1929.22,1.64
2015-09-23,SPX,标普500,1943.24,1938.76,1949.52,1932.57,0.87
2015-09-24,SPX,标普500,1934.81,1932.24,1937.17,1908.92,1.46
2015-09-25,SPX,标普500,1935.93,1931.34,1952.89,1921.5,1.62
2015-09-28,SPX,标普500,1929.18,1881.77,1929.18,1879.21,2.59
2015-09-29,SPX,标普500,1881.9,1884.09,1899.48,1871.91,1.47
2015-09-30,SPX,标普500,1887.14,1920.03,1920.53,1887.14,1.77
2015-10-01,SPX,标普500,1919.65,1923.82,1927.21,1900.7,1.38
2015-10-02,SPX,标普500,1921.77,1951.36,1951.36,1893.7,3.0
2015-10-05,SPX,标普500,1954.33,1987.05,1989.17,1954.33,1.79
2015-10-06,SPX,标普500,1986.63,1979.92,1991.62,1971.99,0.99
2015-10-07,SPX,标普500,1982.34,1995.83,1999.31,1976.44,1.16
2015-10-08,SPX,标普500,1994.01,2013.43,2016.5,1987.53,1.45
2015-10-09,SPX,标普500,2013.73,2014.89,2020.13,2007.61,0.62
2015-10-12,SPX,标普500,2015.65,2017.46,2018.66,2010.55,0.4
2015-10-13,SPX,标普500,2015.0,2003.69,2022.34,2001.78,1.02
2015-10-14,SPX,标普500,2003.66,1994.24,2009.56,1990.73,0.94
2015-10-15,SPX,标普500,1996.47,2023.86,2024.15,1996.47,1.39
2015-10-16,SPX,标普500,2024.37,2033.11,2033.54,2020.46,0.65
2015-10-19,SPX,标普500,2031.73,2033.66,2034.45,2022.31,0.6
2015-10-20,SPX,标普500,2033.13,2030.77,2039.12,2026.61,0.62
2015-10-21,SPX,标普500,2033.47,2018.94,2037.97,2017.22,1.02
2015-10-22,SPX,标普500,2021.88,2052.51,2055.2,2021.88,1.65
2015-10-23,SPX,标普500,2058.19,2075.15,2079.74,2058.19,1.05
2015-10-26,SPX,标普500,2075.08,2071.18,2075.14,2066.53,0.41
2015-10-27,SPX,标普500,2068.75,2065.89,2070.37,2058.84,0.56
2015-10-28,SPX,标普500,2066.48,2090.35,2090.35,2063.11,1.32
2015-10-29,SPX,标普500,2088.35,2089.41,2092.52,2082.63,0.47
2015-10-30,SPX,标普500,2090.0,2079.36,2094.32,2079.34,0.72
2015-11-02,SPX,标普500,2080.76,2104.05,2106.2,2080.76,1.22
2015-11-03,SPX,标普500,2102.63,2109.79,2116.48,2097.51,0.9
2015-11-04,SPX,标普500,2110.6,2102.31,2114.59,2096.98,0.83
2015-11-05,SPX,标普500,2101.68,2099.93,2108.78,2090.41,0.87
2015-11-06,SPX,标普500,2098.6,2099.2,2101.91,2083.74,0.87
2015-11-09,SPX,标普500,2096.56,2078.58,2096.56,2068.24,1.35
2015-11-10,SPX,标普500,2077.19,2081.72,2083.67,2069.91,0.66
2015-11-11,SPX,标普500,2083.41,2075.0,2086.94,2074.85,0.58
2015-11-12,SPX,标普500,2072.29,2045.97,2072.29,2045.66,1.28
2015-11-13,SPX,标普500,2044.64,2023.04,2044.64,2022.02,1.11
2015-11-16,SPX,标普500,2022.08,2053.19,2053.22,2019.39,1.67
2015-11-17,SPX,标普500,2053.67,2050.44,2066.69,2045.9,1.01
2015-11-18,SPX,标普500,2051.99,2083.58,2085.31,2051.99,1.63
2015-11-19,SPX,标普500,2083.7,2081.24,2086.74,2078.76,0.38
2015-11-20,SPX,标普500,2082.82,2089.17,2097.06,2082.82,0.68
2015-11-23,SPX,标普500,2089.41,2086.59,2095.61,2081.39,0.68
2015-11-24,SPX,标普500,2084.42,2089.14,2094.12,2070.29,1.14
2015-11-25,SPX,标普500,2089.3,2088.87,2093.0,2086.3,0.32
2015-11-27,SPX,标普500,2088.82,2090.11,2093.29,2084.13,0.44
2015-11-30,SPX,标普500,2090.95,2080.41,2093.81,2080.41,0.64
2015-12-01,SPX,标普500,2082.93,2102.63,2103.37,2082.93,0.98
2015-12-02,SPX,标普500,2101.71,2079.51,2104.27,2077.11,1.29
2015-12-03,SPX,标普500,2080.71,2049.62,2085.0,2042.35,2.05
2015-12-04,SPX,标普500,2051.24,2091.69,2093.84,2051.24,2.08
2015-12-07,SPX,标普500,2090.42,2077.07,2090.42,2066.78,1.13
2015-12-08,SPX,标普500,2073.39,2063.59,2073.85,2052.32,1.04
2015-12-09,SPX,标普500,2061.17,2047.62,2080.33,2036.53,2.12
2015-12-10,SPX,标普500,2047.93,2052.23,2067.65,2045.67,1.07
2015-12-11,SPX,标普500,2047.27,2012.37,2047.27,2008.8,1.87
2015-12-14,SPX,标普500,2013.37,2021.94,2022.92,1993.26,1.47
2015-12-15,SPX,标普500,2025.55,2043.41,2053.87,2025.55,1.4
2015-12-16,SPX,标普500,2046.5,2073.07,2076.72,2042.43,1.68
2015-12-17,SPX,标普500,2073.76,2041.89,2076.37,2041.66,1.67
2015-12-18,SPX,标普500,2040.81,2005.52,2040.81,2005.33,1.74
2015-12-21,SPX,标普500,2010.27,2021.15,2022.9,2005.93,0.85
2015-12-22,SPX,标普500,2023.15,2038.97,2042.74,2020.49,1.1
2015-12-23,SPX,标普500,2042.2,2064.29,2064.73,2042.2,1.1
2015-12-24,SPX,标普500,2063.52,2060.99,2067.36,2058.73,0.42
2015-12-28,SPX,标普500,2057.77,2056.5,2057.77,2044.2,0.66
2015-12-29,SPX,标普500,2060.54,2078.36,2081.56,2060.54,1.02
2015-12-30,SPX,标普500,2077.34,2063.36,2077.34,2061.97,0.74
2015-12-31,SPX,标普500,2060.59,2043.94,2062.54,2043.62,0.92
2016-01-04,SPX,标普500,2038.2,2012.66,2038.2,1989.68,2.37
2016-01-05,SPX,标普500,2013.78,2016.71,2021.94,2004.17,0.88
2016-01-06,SPX,标普500,2011.71,1990.26,2011.71,1979.05,1.62
2016-01-07,SPX,标普500,1985.32,1943.09,1985.32,1938.83,2.34
2016-01-08,SPX,标普500,1945.97,1922.03,1960.4,1918.46,2.16
2016-01-11,SPX,标普500,1926.12,1923.67,1935.65,1901.1,1.8
2016-01-12,SPX,标普500,1927.83,1938.68,1947.38,1914.35,1.72
2016-01-13,SPX,标普500,1940.34,1890.28,1950.33,1886.41,3.3
2016-01-14,SPX,标普500,1891.68,1921.84,1934.47,1878.93,2.94
2016-01-15,SPX,标普500,1916.68,1880.29,1916.68,1857.83,3.06
2016-01-19,SPX,标普500,1888.66,1881.33,1901.44,1864.6,1.96
2016-01-20,SPX,标普500,1876.18,1859.33,1876.18,1812.29,3.4
2016-01-21,SPX,标普500,1861.46,1868.99,1889.85,1848.98,2.2
2016-01-22,SPX,标普500,1877.4,1906.9,1908.85,1877.4,1.68
2016-01-25,SPX,标普500,1906.28,1877.08,1906.28,1875.97,1.59
2016-01-26,SPX,标普500,1878.79,1903.63,1906.73,1878.79,1.49
2016-01-27,SPX,标普500,1902.52,1882.95,1916.99,1872.7,2.33
2016-01-28,SPX,标普500,1885.22,1893.36,1902.96,1873.65,1.56
2016-01-29,SPX,标普500,1894.0,1940.24,1940.24,1894.0,2.44
2016-02-01,SPX,标普500,1936.94,1939.38,1947.2,1920.3,1.39
2016-02-02,SPX,标普500,1935.26,1903.03,1935.26,1897.29,1.96
2016-02-03,SPX,标普500,1907.07,1912.53,1918.01,1872.23,2.41
2016-02-04,SPX,标普500,1911.67,1915.45,1927.35,1900.52,1.4
2016-02-05,SPX,标普500,1913.07,1880.02,1913.07,1872.65,2.11
2016-02-08,SPX,标普500,1873.25,1853.44,1873.25,1828.46,2.38
2016-02-09,SPX,标普500,1848.46,1852.21,1868.25,1834.94,1.8
2016-02-10,SPX,标普500,1857.1,1851.86,1881.6,1850.32,1.69
2016-02-11,SPX,标普500,1847.0,1829.08,1847.0,1810.1,1.99
2016-02-12,SPX,标普500,1833.4,1864.78,1864.78,1833.4,1.72
2016-02-16,SPX,标普500,1871.44,1895.58,1895.77,1871.44,1.3
2016-02-17,SPX,标普500,1898.8,1926.82,1930.68,1898.8,1.68
2016-02-18,SPX,标普500,1927.57,1917.83,1930.0,1915.09,0.77
2016-02-19,SPX,标普500,1916.74,1917.78,1918.78,1902.17,0.87
2016-02-22,SPX,标普500,1924.44,1945.5,1946.7,1924.44,1.16
2016-02-23,SPX,标普500,1942.38,1921.27,1942.38,1919.44,1.18
2016-02-24,SPX,标普500,1917.56,1929.8,1932.08,1891.0,2.14
2016-02-25,SPX,标普500,1931.87,1951.7,1951.83,1925.41,1.37
2016-02-26,SPX,标普500,1954.95,1948.05,1962.96,1945.78,0.88
2016-02-29,SPX,标普500,1947.13,1932.23,1958.27,1931.81,1.36
2016-03-01,SPX,标普500,1937.09,1978.35,1978.35,1937.09,2.14
2016-03-02,SPX,标普500,1976.6,1986.45,1986.51,1968.8,0.9
2016-03-03,SPX,标普500,1985.6,1993.4,1993.69,1977.37,0.82
2016-03-04,SPX,标普500,1994.01,1999.99,2009.13,1986.77,1.12
2016-03-07,SPX,标普500,1996.11,2001.76,2006.12,1989.38,0.84
2016-03-08,SPX,标普500,1996.88,1979.26,1996.88,1977.43,0.97
2016-03-09,SPX,标普500,1981.44,1989.26,1992.69,1979.84,0.65
2016-03-10,SPX,标普500,1990.97,1989.57,2005.08,1969.25,1.8
2016-03-11,SPX,标普500,1994.71,2022.19,2022.37,1994.71,1.39
2016-03-14,SPX,标普500,2019.27,2019.64,2024.57,2012.05,0.62
2016-03-15,SPX,标普500,2015.27,2015.93,2015.94,2005.23,0.53
2016-03-16,SPX,标普500,2014.24,2027.22,2032.02,2010.04,1.09
2016-03-17,SPX,标普500,2026.9,2040.59,2046.24,2022.16,1.19
2016-03-18,SPX,标普500,2041.16,2049.56,2052.36,2041.16,0.55
2016-03-21,SPX,标普500,2047.88,2051.6,2053.91,2043.14,0.53
2016-03-22,SPX,标普500,2048.64,2049.8,2056.6,2040.57,0.78
2016-03-23,SPX,标普500,2048.55,2036.71,2048.55,2034.86,0.67
2016-03-24,SPX,标普500,2032.48,2035.94,2036.04,2022.49,0.67
2016-03-28,SPX,标普500,2037.89,2037.05,2042.67,2031.96,0.53
2016-03-29,SPX,标普500,2035.75,2055.01,2055.91,2028.31,1.35
2016-03-30,SPX,标普500,2058.27,2063.95,2072.21,2058.27,0.68
2016-03-31,SPX,标普500,2063.77,2059.74,2067.92,2057.46,0.51
2016-04-01,SPX,标普500,2056.62,2072.78,2075.07,2043.98,1.51
2016-04-04,SPX,标普500,2073.19,2066.13,2074.02,2062.57,0.55
2016-04-05,SPX,标普500,2062.5,2045.17,2062.5,2042.56,0.97
2016-04-06,SPX,标普500,2045.56,2066.66,2067.33,2043.09,1.19
2016-04-07,SPX,标普500,2063.01,2041.91,2063.01,2033.8,1.41
2016-04-08,SPX,标普500,2045.54,2047.6,2060.63,2041.69,0.93
2016-04-11,SPX,标普500,2050.23,2041.99,2062.93,2041.88,1.03
2016-04-12,SPX,标普500,2043.72,2061.72,2065.05,2039.74,1.24
2016-04-13,SPX,标普500,2065.92,2082.42,2083.18,2065.92,0.84
2016-04-14,SPX,标普500,2082.89,2082.78,2087.84,2078.13,0.47
2016-04-15,SPX,标普500,2083.1,2080.73,2083.22,2076.31,0.33
2016-04-18,SPX,标普500,2078.83,2094.34,2094.66,2073.65,1.01
2016-04-19,SPX,标普500,2096.05,2100.8,2104.05,2091.68,0.59
2016-04-20,SPX,标普500,2101.52,2102.4,2111.05,2096.32,0.7
2016-04-21,SPX,标普500,2102.09,2091.48,2103.78,2088.52,0.73
2016-04-22,SPX,标普500,2091.49,2091.58,2094.32,2081.2,0.63
2016-04-25,SPX,标普500,2089.37,2087.79,2089.37,2077.52,0.57
2016-04-26,SPX,标普500,2089.84,2091.7,2096.87,2085.8,0.53
2016-04-27,SPX,标普500,2092.33,2095.15,2099.89,2082.31,0.84
2016-04-28,SPX,标普500,2090.93,2075.81,2099.3,2071.62,1.32
2016-04-29,SPX,标普500,2071.82,2065.3,2073.85,2052.28,1.04
2016-05-02,SPX,标普500,2067.17,2081.43,2083.42,2066.11,0.84
2016-05-03,SPX,标普500,2077.18,2063.37,2077.18,2054.89,1.07
2016-05-04,SPX,标普500,2060.3,2051.12,2060.3,2045.55,0.71
2016-05-05,SPX,标普500,2052.95,2050.63,2060.23,2045.77,0.7
2016-05-06,SPX,标普500,2047.77,2057.14,2057.72,2039.45,0.89
2016-05-09,SPX,标普500,2057.55,2058.69,2064.15,2054.31,0.48
2016-05-10,SPX,标普500,2062.63,2084.39,2084.87,2062.63,1.08
2016-05-11,SPX,标普500,2083.29,2064.46,2083.29,2064.46,0.9
2016-05-12,SPX,标普500,2067.17,2064.11,2073.99,2053.13,1.01
2016-05-13,SPX,标普500,2062.5,2046.61,2066.79,2043.13,1.15
2016-05-16,SPX,标普500,2046.53,2066.66,2071.88,2046.53,1.24
2016-05-17,SPX,标普500,2065.04,2047.21,2065.69,2040.82,1.2
2016-05-18,SPX,标普500,2044.38,2047.63,2060.61,2034.49,1.28
2016-05-19,SPX,标普500,2044.21,2040.04,2044.21,2025.91,0.89
2016-05-20,SPX,标普500,2041.88,2052.32,2058.35,2041.88,0.81
2016-05-23,SPX,标普500,2052.23,2048.04,2055.58,2047.26,0.41
2016-05-24,SPX,标普500,2052.65,2076.06,2079.67,2052.65,1.32
2016-05-25,SPX,标普500,2078.93,2090.54,2094.73,2078.93,0.76
2016-05-26,SPX,标普500,2091.44,2090.1,2094.3,2087.08,0.35
2016-05-27,SPX,标普500,2090.06,2099.06,2099.06,2090.06,0.43
2016-05-31,SPX,标普500,2100.13,2096.95,2103.48,2088.66,0.71
2016-06-01,SPX,标普500,2093.94,2099.33,2100.97,2085.1,0.76
2016-06-02,SPX,标普500,2097.71,2105.26,2105.26,2088.59,0.79
2016-06-03,SPX,标普500,2104.07,2099.13,2104.07,2085.36,0.89
2016-06-06,SPX,标普500,2100.83,2109.41,2113.36,2100.83,0.6
2016-06-07,SPX,标普500,2110.18,2112.13,2119.22,2110.18,0.43
2016-06-08,SPX,标普500,2112.71,2119.12,2120.55,2112.71,0.37
2016-06-09,SPX,标普500,2115.65,2115.48,2117.64,2107.73,0.47
2016-06-10,SPX,标普500,2109.57,2096.07,2109.57,2089.96,0.93
2016-06-13,SPX,标普500,2091.75,2079.06,2098.12,2078.46,0.94
2016-06-14,SPX,标普500,2076.65,2075.32,2081.3,2064.1,0.83
2016-06-15,SPX,标普500,2077.6,2071.5,2085.65,2069.8,0.76
2016-06-16,SPX,标普500,2066.36,2077.99,2079.62,2050.37,1.41
2016-06-17,SPX,标普500,2078.2,2071.22,2078.2,2062.84,0.74
2016-06-20,SPX,标普500,2075.58,2083.25,2100.66,2075.58,1.21
2016-06-21,SPX,标普500,2085.19,2088.9,2093.66,2083.02,0.51
2016-06-22,SPX,标普500,2089.75,2085.45,2099.71,2084.36,0.73
2016-06-23,SPX,标普500,2092.8,2113.32,2113.32,2092.8,0.98
2016-06-24,SPX,标普500,2103.81,2037.3,2103.81,2032.57,3.37
2016-06-27,SPX,标普500,2031.45,2000.54,2031.45,1991.68,1.95
2016-06-28,SPX,标普500,2006.67,2036.09,2036.09,2006.67,1.47
2016-06-29,SPX,标普500,2042.69,2070.77,2073.13,2042.69,1.5
2016-06-30,SPX,标普500,2073.17,2098.86,2098.94,2070.0,1.4
2016-07-01,SPX,标普500,2099.34,2102.95,2108.71,2097.9,0.52
2016-07-05,SPX,标普500,2095.05,2088.55,2095.05,2080.86,0.67
2016-07-06,SPX,标普500,2084.43,2099.73,2100.72,2074.02,1.28
2016-07-07,SPX,标普500,2100.42,2097.9,2109.08,2089.39,0.94
2016-07-08,SPX,标普500,2106.97,2129.9,2131.71,2106.97,1.18
2016-07-11,SPX,标普500,2131.72,2137.16,2143.16,2131.72,0.54
2016-07-12,SPX,标普500,2139.5,2152.14,2155.4,2139.5,0.74
2016-07-13,SPX,标普500,2153.81,2152.43,2156.45,2146.21,0.48
2016-07-14,SPX,标普500,2157.88,2163.75,2168.99,2157.88,0.52
2016-07-15,SPX,标普500,2165.13,2161.74,2169.05,2155.79,0.61
2016-07-18,SPX,标普500,2162.04,2166.89,2168.35,2159.63,0.4
2016-07-19,SPX,标普500,2163.79,2163.78,2164.63,2159.01,0.26
2016-07-20,SPX,标普500,2166.1,2173.02,2175.63,2164.89,0.5
2016-07-21,SPX,标普500,2172.91,2165.17,2174.56,2159.75,0.68
2016-07-22,SPX,标普500,2166.47,2175.03,2175.11,2163.24,0.55
2016-07-25,SPX,标普500,2173.71,2168.48,2173.71,2161.95,0.54
2016-07-26,SPX,标普500,2168.97,2169.18,2173.54,2160.18,0.62
2016-07-27,SPX,标普500,2169.81,2166.58,2174.98,2159.07,0.73
2016-07-28,SPX,标普500,2166.05,2170.06,2172.85,2159.74,0.61
2016-07-29,SPX,标普500,2168.83,2173.6,2177.09,2163.49,0.63
2016-08-01,SPX,标普500,2173.15,2170.84,2178.29,2166.21,0.56
2016-08-02,SPX,标普500,2169.94,2157.03,2170.2,2147.58,1.04
2016-08-03,SPX,标普500,2156.81,2163.79,2163.79,2152.56,0.52
2016-08-04,SPX,标普500,2163.51,2164.25,2168.19,2159.07,0.42
2016-08-05,SPX,标普500,2168.79,2182.87,2182.87,2168.79,0.65
2016-08-08,SPX,标普500,2183.76,2180.89,2185.44,2177.85,0.35
2016-08-09,SPX,标普500,2182.24,2181.74,2187.66,2178.61,0.41
2016-08-10,SPX,标普500,2182.81,2175.49,2183.41,2172.0,0.52
2016-08-11,SPX,标普500,2177.97,2185.79,2188.45,2177.97,0.48
2016-08-12,SPX,标普500,2183.74,2184.05,2188.45,2177.97,0.48
2016-08-15,SPX,标普500,2188.2,2190.15,2194.2,2186.08,0.37
2016-08-16,SPX,标普500,2184.9,2178.15,2186.24,2178.14,0.37
2016-08-17,SPX,标普500,2178.1,2182.22,2183.3,2168.1,0.7
2016-08-18,SPX,标普500,2181.9,2187.02,2187.03,2180.4,0.3
2016-08-19,SPX,标普500,2181.1,2183.87,2185.1,2175.1,0.46
2016-08-22,SPX,标普500,2180.3,2182.64,2185.6,2175.8,0.45
2016-08-23,SPX,标普500,2190.6,2186.9,2193.6,2186.8,0.31
2016-08-24,SPX,标普500,2185.3,2175.44,2186.8,2171.25,0.71
2016-08-25,SPX,标普500,2172.25,2172.47,2179.3,2169.74,0.44
2016-08-26,SPX,标普500,2175.9,2169.04,2187.94,2159.5,1.31
2016-08-29,SPX,标普500,2171.6,2180.38,2183.8,2170.19,0.63
2016-08-30,SPX,标普500,2180.3,2176.12,2182.6,2170.1,0.57
2016-08-31,SPX,标普500,2172.3,2170.95,2173.79,2160.6,0.61
2016-09-01,SPX,标普500,2171.33,2170.86,2173.56,2156.1,0.8
2016-09-02,SPX,标普500,2181.0,2179.98,2185.1,2173.3,0.54
2016-09-06,SPX,标普500,2183.4,2186.48,2186.9,2174.7,0.56
2016-09-07,SPX,标普500,2183.4,2186.15,2187.87,2178.6,0.42
2016-09-08,SPX,标普500,2181.8,2181.3,2185.0,2177.2,0.36
2016-09-09,SPX,标普500,2165.1,2127.81,2169.08,2127.81,1.89
2016-09-12,SPX,标普500,2119.6,2159.04,2163.6,2119.1,2.09
2016-09-13,SPX,标普500,2150.47,2127.02,2150.47,2120.27,1.4
2016-09-14,SPX,标普500,2127.55,2125.77,2141.7,2119.6,1.04
2016-09-15,SPX,标普500,2122.7,2147.26,2151.31,2121.9,1.38
2016-09-16,SPX,标普500,2146.48,2139.16,2146.48,2130.4,0.75
2016-09-19,SPX,标普500,2147.5,2139.12,2154.3,2135.8,0.86
2016-09-20,SPX,标普500,2149.1,2139.76,2150.9,2138.6,0.58
2016-09-21,SPX,标普500,2147.9,2163.12,2165.11,2139.1,1.22
2016-09-22,SPX,标普500,2174.6,2177.18,2179.99,2170.94,0.42
2016-09-23,SPX,标普500,2171.7,2164.69,2173.8,2163.97,0.45
2016-09-26,SPX,标普500,2155.3,2146.1,2158.54,2145.0,0.63
2016-09-27,SPX,标普500,2143.6,2159.93,2161.3,2140.8,0.96
2016-09-28,SPX,标普500,2163.6,2171.37,2172.5,2151.3,0.98
2016-09-29,SPX,标普500,2168.6,2151.13,2172.75,2144.8,1.29
2016-09-30,SPX,标普500,2161.3,2168.27,2175.3,2156.51,0.87
2016-10-03,SPX,标普500,2161.1,2161.2,2164.41,2153.6,0.5
2016-10-04,SPX,标普500,2163.1,2150.49,2165.46,2143.6,1.01
2016-10-05,SPX,标普500,2158.3,2159.73,2164.7,2155.15,0.44
2016-10-06,SPX,标普500,2156.8,2160.77,2163.05,2149.8,0.61
2016-10-07,SPX,标普500,2163.8,2153.74,2165.86,2144.5,0.99
2016-10-10,SPX,标普500,2165.05,2163.66,2170.1,2160.39,0.45
2016-10-11,SPX,标普500,2159.65,2136.73,2161.56,2128.35,1.53
2016-10-12,SPX,标普500,2137.6,2139.17,2145.9,2132.77,0.61
2016-10-13,SPX,标普500,2124.3,2132.55,2138.8,2114.2,1.15
2016-10-14,SPX,标普500,2144.9,2132.98,2149.9,2132.98,0.79
2016-10-17,SPX,标普500,2133.2,2126.5,2136.2,2124.3,0.56
2016-10-18,SPX,标普500,2145.2,2139.6,2145.2,2135.4,0.46
2016-10-19,SPX,标普500,2141.9,2144.29,2148.44,2138.15,0.48
2016-10-20,SPX,标普500,2139.05,2141.34,2147.18,2132.3,0.69
2016-10-21,SPX,标普500,2131.0,2141.16,2142.9,2129.7,0.62
2016-10-24,SPX,标普500,2152.45,2151.33,2155.0,2146.65,0.39
2016-10-25,SPX,标普500,2148.6,2143.16,2151.7,2141.7,0.46
2016-10-26,SPX,标普500,2133.5,2139.43,2146.1,2130.95,0.71
2016-10-27,SPX,标普500,2147.7,2133.04,2148.2,2132.52,0.73
2016-10-28,SPX,标普500,2133.2,2126.41,2141.6,2119.1,1.05
2016-10-31,SPX,标普500,2131.7,2126.15,2133.7,2125.45,0.39
2016-11-01,SPX,标普500,2128.68,2111.72,2131.5,2097.85,1.58
2016-11-02,SPX,标普500,2109.43,2097.94,2111.76,2094.0,0.84
2016-11-03,SPX,标普500,2098.8,2088.66,2102.4,2085.23,0.82
2016-11-04,SPX,标普500,2083.79,2085.18,2099.07,2083.79,0.73
2016-11-07,SPX,标普500,2100.59,2131.52,2132.0,2100.59,1.51
2016-11-08,SPX,标普500,2129.92,2139.56,2146.87,2123.61,1.09
2016-11-09,SPX,标普500,2131.56,2163.26,2170.1,2125.35,2.09
2016-11-10,SPX,标普500,2167.49,2167.48,2182.23,2125.35,2.63
2016-11-11,SPX,标普500,2162.71,2164.45,2165.92,2152.51,0.62
2016-11-14,SPX,标普500,2165.64,2164.2,2171.36,2156.08,0.71
2016-11-15,SPX,标普500,2168.29,2180.39,2180.84,2166.38,0.67
2016-11-16,SPX,标普500,2177.53,2176.94,2179.22,2172.2,0.32
2016-11-17,SPX,标普500,2178.61,2187.12,2188.06,2176.65,0.52
2016-11-18,SPX,标普500,2186.85,2181.9,2189.89,2180.38,0.43
2016-11-21,SPX,标普500,2186.43,2198.18,2198.7,2186.43,0.56
2016-11-22,SPX,标普500,2201.56,2202.94,2204.8,2194.51,0.47
2016-11-23,SPX,标普500,2198.55,2204.72,2204.72,2194.51,0.46
2016-11-24,SPX,标普500,2198.55,2204.72,2204.72,2198.55,0.28
2016-11-25,SPX,标普500,2206.27,2213.35,2213.35,2195.02,0.83
2016-11-28,SPX,标普500,2210.21,2201.72,2211.14,2200.36,0.49
2016-11-29,SPX,标普500,2200.76,2204.66,2210.46,2198.15,0.56
2016-11-30,SPX,标普500,2204.97,2198.81,2214.08,2198.81,0.69
2016-12-01,SPX,标普500,2200.17,2191.08,2202.59,2187.44,0.69
2016-12-02,SPX,标普500,2191.12,2191.95,2197.94,2187.44,0.48
2016-12-05,SPX,标普500,2200.65,2204.71,2209.42,2199.97,0.43
2016-12-06,SPX,标普500,2207.26,2212.23,2212.78,2202.21,0.48
2016-12-07,SPX,标普500,2210.72,2241.35,2241.63,2208.93,1.48
2016-12-08,SPX,标普500,2241.13,2246.19,2251.69,2237.57,0.63
2016-12-09,SPX,标普500,2249.73,2259.53,2259.8,2249.23,0.47
2016-12-12,SPX,标普500,2258.83,2256.96,2264.03,2252.37,0.52
2016-12-13,SPX,标普500,2263.32,2271.72,2277.53,2263.32,0.63
2016-12-14,SPX,标普500,2268.35,2253.28,2276.2,2248.44,1.22
2016-12-15,SPX,标普500,2253.77,2262.03,2272.12,2253.77,0.81
2016-12-16,SPX,标普500,2266.81,2258.07,2268.05,2254.24,0.61
2016-12-19,SPX,标普500,2259.24,2262.53,2267.47,2258.21,0.41
2016-12-20,SPX,标普500,2266.5,2270.76,2272.56,2266.14,0.28
2016-12-21,SPX,标普500,2270.54,2265.18,2272.56,2265.15,0.33
2016-12-22,SPX,标普500,2262.93,2260.96,2263.18,2256.08,0.31
2016-12-23,SPX,标普500,2260.25,2263.79,2263.79,2258.84,0.22
2016-12-27,SPX,标普500,2266.23,2268.88,2273.82,2266.15,0.34
2016-12-28,SPX,标普500,2270.23,2249.92,2271.31,2249.11,0.98
2016-12-29,SPX,标普500,2249.5,2249.26,2254.51,2244.56,0.44
2016-12-30,SPX,标普500,2251.61,2238.83,2253.58,2233.62,0.89
2017-01-03,SPX,标普500,2251.57,2257.83,2263.88,2245.13,0.84
2017-01-04,SPX,标普500,2261.6,2270.75,2272.82,2261.6,0.5
2017-01-05,SPX,标普500,2268.18,2269.0,2271.5,2260.45,0.49
2017-01-06,SPX,标普500,2271.14,2276.98,2282.1,2264.06,0.8
2017-01-09,SPX,标普500,2273.59,2268.9,2275.49,2268.9,0.29
2017-01-10,SPX,标普500,2269.72,2268.9,2279.27,2265.27,0.62
2017-01-11,SPX,标普500,2268.6,2275.32,2275.32,2260.83,0.64
2017-01-12,SPX,标普500,2271.14,2270.44,2275.32,2254.25,0.93
2017-01-13,SPX,标普500,2272.74,2274.64,2278.68,2271.51,0.32
2017-01-17,SPX,标普500,2269.14,2267.88,2272.08,2262.81,0.41
2017-01-18,SPX,标普500,2269.14,2271.89,2272.08,2263.35,0.38
2017-01-19,SPX,标普500,2271.9,2263.69,2274.33,2258.41,0.7
2017-01-20,SPX,标普500,2269.96,2271.31,2276.96,2258.41,0.82
2017-01-23,SPX,标普500,2267.78,2265.2,2271.76,2257.03,0.65
2017-01-24,SPX,标普500,2267.88,2280.08,2284.63,2257.07,1.22
2017-01-25,SPX,标普500,2288.88,2298.37,2299.53,2266.7,1.44
2017-01-26,SPX,标普500,2298.63,2296.68,2300.99,2266.7,1.49
2017-01-27,SPX,标普500,2299.02,2294.69,2300.99,2291.62,0.41
2017-01-30,SPX,标普500,2286.01,2280.9,2300.99,2268.04,1.44
2017-01-31,SPX,标普500,2274.02,2278.87,2279.09,2267.21,0.52
2017-02-01,SPX,标普500,2285.59,2279.55,2289.14,2272.44,0.73
2017-02-02,SPX,标普500,2276.69,2280.85,2289.14,2271.65,0.77
2017-02-03,SPX,标普500,2288.54,2297.42,2298.31,2287.88,0.46
2017-02-06,SPX,标普500,2294.28,2292.56,2296.18,2288.57,0.33
2017-02-07,SPX,标普500,2295.87,2293.08,2299.4,2290.16,0.4
2017-02-08,SPX,标普500,2289.55,2294.67,2295.91,2285.38,0.46
2017-02-09,SPX,标普500,2296.7,2307.87,2311.08,2296.61,0.63
2017-02-10,SPX,标普500,2312.27,2316.1,2319.23,2311.1,0.35
2017-02-13,SPX,标普500,2322.1,2328.25,2332.05,2321.42,0.46
2017-02-14,SPX,标普500,2326.35,2337.58,2338.15,2322.17,0.69
2017-02-15,SPX,标普500,2334.3,2349.25,2351.75,2334.0,0.76
2017-02-16,SPX,标普500,2349.45,2347.22,2351.75,2338.75,0.55
2017-02-17,SPX,标普500,2339.95,2351.16,2351.16,2339.05,0.52
2017-02-21,SPX,标普500,2355.25,2365.38,2366.71,2351.16,0.66
2017-02-22,SPX,标普500,2360.15,2362.82,2365.38,2357.65,0.33
2017-02-23,SPX,标普500,2368.05,2363.81,2368.26,2355.0,0.56
2017-02-24,SPX,标普500,2353.55,2367.34,2367.34,2352.87,0.61
2017-02-27,SPX,标普500,2364.85,2369.75,2371.65,2361.87,0.41
2017-02-28,SPX,标普500,2365.35,2363.64,2369.75,2358.65,0.47
2017-03-01,SPX,标普500,2382.65,2395.96,2401.45,2363.64,1.6
2017-03-02,SPX,标普500,2392.85,2381.92,2395.96,2378.75,0.72
2017-03-03,SPX,标普500,2380.15,2383.12,2383.95,2375.15,0.37
2017-03-06,SPX,标普500,2372.45,2375.31,2383.12,2367.98,0.64
2017-03-07,SPX,标普500,2371.75,2368.39,2375.31,2365.25,0.42
2017-03-08,SPX,标普500,2370.75,2362.98,2373.45,2361.01,0.53
2017-03-09,SPX,标普500,2363.5,2364.87,2369.45,2354.45,0.63
2017-03-10,SPX,标普500,2377.45,2372.6,2377.45,2362.95,0.61
2017-03-13,SPX,标普500,2372.25,2373.47,2374.6,2368.52,0.26
2017-03-14,SPX,标普500,2367.6,2365.45,2373.47,2357.95,0.65
2017-03-15,SPX,标普500,2371.85,2385.26,2390.15,2365.45,1.04
2017-03-16,SPX,标普500,2387.35,2381.38,2388.1,2376.95,0.47
2017-03-17,SPX,标普500,2383.85,2378.25,2385.71,2377.35,0.35
2017-03-20,SPX,标普500,2376.15,2373.47,2379.55,2369.35,0.43
2017-03-21,SPX,标普500,2380.95,2344.02,2382.15,2341.85,1.7
2017-03-22,SPX,标普500,2343.7,2348.45,2352.15,2336.45,0.67
2017-03-23,SPX,标普500,2345.75,2345.96,2359.3,2342.13,0.73
2017-03-24,SPX,标普500,2349.25,2343.98,2356.22,2335.65,0.88
2017-03-27,SPX,标普500,2324.65,2341.59,2345.05,2321.8,0.99
2017-03-28,SPX,标普500,2338.95,2358.57,2364.0,2337.45,1.13
2017-03-29,SPX,标普500,2355.25,2361.13,2363.36,2352.45,0.46
2017-03-30,SPX,标普500,2359.85,2368.06,2370.42,2357.85,0.53
2017-03-31,SPX,标普500,2364.85,2362.72,2370.85,2362.55,0.35
2017-04-03,SPX,标普500,2363.55,2358.84,2365.87,2344.0,0.93
2017-04-04,SPX,标普500,2354.65,2360.16,2360.55,2350.65,0.42
2017-04-05,SPX,标普500,2367.05,2352.95,2378.36,2350.05,1.2
2017-04-06,SPX,标普500,2353.35,2357.49,2364.16,2348.45,0.67
2017-04-07,SPX,标普500,2356.15,2355.54,2363.76,2350.3,0.57
2017-04-10,SPX,标普500,2357.05,2357.16,2366.37,2350.95,0.65
2017-04-11,SPX,标普500,2352.1,2353.78,2357.16,2337.05,0.85
2017-04-12,SPX,标普500,2350.05,2344.93,2353.78,2341.15,0.54
2017-04-13,SPX,标普500,2340.05,2328.95,2348.35,2328.95,0.83
2017-04-17,SPX,标普500,2334.65,2349.01,2349.65,2328.95,0.89
2017-04-18,SPX,标普500,2340.75,2342.19,2349.01,2334.05,0.64
2017-04-19,SPX,标普500,2348.35,2338.17,2352.63,2335.05,0.75
2017-04-20,SPX,标普500,2344.75,2355.84,2361.65,2338.17,1.0
2017-04-21,SPX,标普500,2354.85,2348.69,2356.18,2344.25,0.51
2017-04-24,SPX,标普500,2375.05,2374.15,2377.35,2348.69,1.22
2017-04-25,SPX,标普500,2382.15,2388.61,2392.55,2374.15,0.78
2017-04-26,SPX,标普500,2388.25,2387.45,2398.16,2386.25,0.5
2017-04-27,SPX,标普500,2389.55,2388.77,2392.1,2382.05,0.42
2017-04-28,SPX,标普500,2391.65,2384.2,2393.68,2382.35,0.47
2017-05-01,SPX,标普500,2389.4,2388.33,2394.49,2384.2,0.43
2017-05-02,SPX,标普500,2391.55,2391.17,2392.93,2385.75,0.3
2017-05-03,SPX,标普500,2385.25,2388.13,2391.17,2379.55,0.49
2017-05-04,SPX,标普500,2390.7,2389.52,2391.45,2380.15,0.47
2017-05-05,SPX,标普500,2393.65,2399.29,2399.29,2389.05,0.43
2017-05-08,SPX,标普500,2399.35,2399.38,2401.36,2393.75,0.32
2017-05-09,SPX,标普500,2401.45,2396.92,2403.87,2392.44,0.48
2017-05-10,SPX,标普500,2394.65,2399.63,2399.74,2392.55,0.3
2017-05-11,SPX,标普500,2393.45,2394.44,2399.63,2381.45,0.76
2017-05-12,SPX,标普500,2390.65,2390.9,2394.44,2387.15,0.3
2017-05-15,SPX,标普500,2394.75,2402.32,2404.55,2390.9,0.57
2017-05-16,SPX,标普500,2405.35,2400.67,2406.25,2395.65,0.44
2017-05-17,SPX,标普500,2379.65,2357.03,2400.67,2356.05,1.86
2017-05-18,SPX,标普500,2355.05,2365.72,2376.25,2352.72,1.0
2017-05-19,SPX,标普500,2371.95,2381.73,2389.06,2365.72,0.99
2017-05-22,SPX,标普500,2386.55,2394.02,2395.55,2381.73,0.58
2017-05-23,SPX,标普500,2397.75,2398.42,2400.85,2393.65,0.3
2017-05-24,SPX,标普500,2401.85,2404.39,2405.58,2397.65,0.33
2017-05-25,SPX,标普500,2409.95,2415.07,2418.71,2404.39,0.6
2017-05-26,SPX,标普500,2412.85,2415.82,2416.68,2412.15,0.19
2017-05-30,SPX,标普500,2410.65,2412.91,2415.82,2409.05,0.28
2017-05-31,SPX,标普500,2415.85,2411.8,2415.99,2403.55,0.52
2017-06-01,SPX,标普500,2416.75,2430.06,2430.4,2411.8,0.77
2017-06-02,SPX,标普500,2431.55,2439.07,2440.23,2427.71,0.52
2017-06-05,SPX,标普500,2436.35,2436.1,2439.55,2434.15,0.22
2017-06-06,SPX,标普500,2429.7,2429.33,2436.21,2427.85,0.34
2017-06-07,SPX,标普500,2432.75,2433.14,2435.28,2424.55,0.44
2017-06-08,SPX,标普500,2433.75,2433.79,2439.27,2427.94,0.47
2017-06-09,SPX,标普500,2436.85,2431.77,2446.25,2415.7,1.26
2017-06-12,SPX,标普500,2427.15,2429.39,2431.77,2419.65,0.5
2017-06-13,SPX,标普500,2434.35,2440.35,2441.49,2429.39,0.5
2017-06-14,SPX,标普500,2444.55,2437.92,2444.75,2428.34,0.67
2017-06-15,SPX,标普500,2422.25,2432.46,2437.92,2418.53,0.8
2017-06-16,SPX,标普500,2434.15,2433.15,2434.15,2422.15,0.49
2017-06-19,SPX,标普500,2442.25,2453.46,2453.82,2433.15,0.85
2017-06-20,SPX,标普500,2448.75,2437.03,2453.46,2436.6,0.69
2017-06-21,SPX,标普500,2440.85,2435.61,2442.35,2430.35,0.49
2017-06-22,SPX,标普500,2435.75,2434.5,2441.62,2432.65,0.37
2017-06-23,SPX,标普500,2435.85,2438.3,2441.55,2431.11,0.43
2017-06-26,SPX,标普500,2445.2,2439.07,2450.42,2436.85,0.56
2017-06-27,SPX,标普500,2435.65,2419.38,2440.15,2419.38,0.85
2017-06-28,SPX,标普500,2430.05,2440.69,2442.97,2419.38,0.98
2017-06-29,SPX,标普500,2441.45,2419.7,2442.75,2404.85,1.55
2017-06-30,SPX,标普500,2427.25,2423.41,2432.71,2419.7,0.54
2017-07-03,SPX,标普500,2433.55,2429.01,2439.17,2423.41,0.65
2017-07-05,SPX,标普500,2430.45,2432.54,2434.9,2421.15,0.57
2017-07-06,SPX,标普500,2421.65,2409.75,2432.54,2406.55,1.07
2017-07-07,SPX,标普500,2415.92,2425.18,2427.18,2409.75,0.72
2017-07-10,SPX,标普500,2423.55,2427.43,2432.2,2421.65,0.44
2017-07-11,SPX,标普500,2425.85,2425.53,2429.45,2412.79,0.69
2017-07-12,SPX,标普500,2437.35,2443.25,2445.76,2425.53,0.83
2017-07-13,SPX,标普500,2444.12,2447.83,2449.32,2441.12,0.34
2017-07-14,SPX,标普500,2448.08,2459.27,2463.54,2446.58,0.69
2017-07-17,SPX,标普500,2458.05,2459.14,2463.08,2456.85,0.25
2017-07-18,SPX,标普500,2454.45,2460.61,2461.08,2450.05,0.45
2017-07-19,SPX,标普500,2464.12,2473.83,2473.83,2460.61,0.54
2017-07-20,SPX,标普500,2475.55,2473.45,2477.62,2467.45,0.41
2017-07-21,SPX,标普500,2467.35,2472.54,2473.45,2464.55,0.36
2017-07-24,SPX,标普500,2470.55,2469.91,2473.1,2465.25,0.32
2017-07-25,SPX,标普500,2480.18,2477.08,2481.24,2469.91,0.46
2017-07-26,SPX,标普500,2479.95,2477.83,2481.69,2473.45,0.33
2017-07-27,SPX,标普500,2482.42,2475.42,2484.04,2459.92,0.97
2017-07-28,SPX,标普500,2469.68,2472.1,2475.42,2464.66,0.43
2017-07-31,SPX,标普500,2476.52,2470.3,2477.96,2468.28,0.39
2017-08-01,SPX,标普500,2477.62,2476.35,2478.51,2470.3,0.33
2017-08-02,SPX,标普500,2477.88,2477.57,2480.38,2466.38,0.57
2017-08-03,SPX,标普500,2475.72,2472.16,2477.57,2468.72,0.36
2017-08-04,SPX,标普500,2477.72,2476.83,2480.22,2471.98,0.33
2017-08-07,SPX,标普500,2476.98,2480.91,2480.95,2475.72,0.21
2017-08-08,SPX,标普500,2476.42,2474.92,2490.87,2469.92,0.84
2017-08-09,SPX,标普500,2465.38,2474.02,2474.92,2461.62,0.54
2017-08-10,SPX,标普500,2461.38,2438.21,2474.02,2436.88,1.5
2017-08-11,SPX,标普500,2439.52,2441.32,2448.09,2437.02,0.45
2017-08-14,SPX,标普500,2455.02,2465.84,2468.28,2441.32,1.1
2017-08-15,SPX,标普500,2469.62,2464.61,2469.88,2461.61,0.34
2017-08-16,SPX,标普500,2469.38,2468.11,2474.93,2463.62,0.46
2017-08-17,SPX,标普500,2461.78,2430.01,2468.11,2430.01,1.54
2017-08-18,SPX,标普500,2427.52,2425.55,2440.28,2420.52,0.81
2017-08-21,SPX,标普500,2425.02,2428.37,2430.58,2417.02,0.56
2017-08-22,SPX,标普500,2433.92,2452.51,2455.18,2428.37,1.1
2017-08-23,SPX,标普500,2441.48,2444.04,2452.51,2440.72,0.48
2017-08-24,SPX,标普500,2448.32,2438.97,2450.39,2436.08,0.59
2017-08-25,SPX,标普500,2447.38,2443.05,2454.38,2438.97,0.63
2017-08-28,SPX,标普500,2449.02,2444.24,2450.02,2439.02,0.45
2017-08-29,SPX,标普500,2428.12,2446.3,2449.19,2427.38,0.89
2017-08-30,SPX,标普500,2445.08,2457.59,2460.31,2443.08,0.7
2017-08-31,SPX,标普500,2464.38,2471.65,2475.12,2457.59,0.71
2017-09-01,SPX,标普500,2477.12,2476.55,2480.62,2471.65,0.36
2017-09-05,SPX,标普500,2470.12,2457.85,2476.55,2446.55,1.21
2017-09-06,SPX,标普500,2465.88,2465.54,2469.64,2457.85,0.48
2017-09-07,SPX,标普500,2468.08,2465.1,2468.62,2459.82,0.36
2017-09-08,SPX,标普500,2460.32,2461.43,2467.11,2458.82,0.34
2017-09-11,SPX,标普500,2477.08,2488.11,2489.38,2461.43,1.14
2017-09-12,SPX,标普500,2492.38,2496.48,2496.77,2488.11,0.35
2017-09-13,SPX,标普500,2493.89,2498.37,2498.37,2492.14,0.25
2017-09-14,SPX,标普500,2493.38,2495.62,2498.43,2491.35,0.28
2017-09-15,SPX,标普500,2493.62,2500.23,2500.23,2493.16,0.28
2017-09-18,SPX,标普500,2503.12,2503.87,2508.32,2499.92,0.34
2017-09-19,SPX,标普500,2506.48,2506.65,2507.84,2503.19,0.19
2017-09-20,SPX,标普500,2507.88,2508.24,2508.85,2496.67,0.49
2017-09-21,SPX,标普500,2505.88,2500.6,2508.24,2499.0,0.37
2017-09-22,SPX,标普500,2497.18,2502.22,2503.47,2496.54,0.28
2017-09-25,SPX,标普500,2497.98,2496.66,2502.54,2488.03,0.58
2017-09-26,SPX,标普500,2501.22,2496.84,2503.51,2495.12,0.34
2017-09-27,SPX,标普500,2506.22,2507.04,2511.75,2495.91,0.63
2017-09-28,SPX,标普500,2503.62,2510.06,2510.81,2502.93,0.31
2017-09-29,SPX,标普500,2509.42,2519.36,2519.44,2507.99,0.46
2017-10-02,SPX,标普500,2520.92,2529.12,2529.23,2519.36,0.39
2017-10-03,SPX,标普500,2530.42,2534.58,2535.13,2528.85,0.25
2017-10-04,SPX,标普500,2532.78,2537.74,2540.53,2531.8,0.34
2017-10-05,SPX,标普500,2539.98,2552.07,2552.51,2537.74,0.58
2017-10-06,SPX,标普500,2545.92,2549.33,2552.07,2543.79,0.32
2017-10-09,SPX,标普500,2550.78,2544.73,2551.82,2541.6,0.4
2017-10-10,SPX,标普500,2550.82,2550.64,2555.23,2544.73,0.41
2017-10-11,SPX,标普500,2550.12,2555.24,2555.24,2547.95,0.29
2017-10-12,SPX,标普500,2550.42,2550.93,2555.33,2548.31,0.27
2017-10-13,SPX,标普500,2555.78,2553.17,2557.65,2550.93,0.26
2017-10-16,SPX,标普500,2556.98,2557.64,2559.47,2552.64,0.27
2017-10-17,SPX,标普500,2557.02,2559.36,2559.71,2554.69,0.2
2017-10-18,SPX,标普500,2562.92,2561.26,2564.11,2559.36,0.19
2017-10-19,SPX,标普500,2551.98,2562.1,2562.36,2547.92,0.56
2017-10-20,SPX,标普500,2570.88,2575.21,2575.44,2562.1,0.52
2017-10-23,SPX,标普500,2578.18,2564.98,2578.29,2564.33,0.54
2017-10-24,SPX,标普500,2569.92,2569.13,2572.18,2564.98,0.28
2017-10-25,SPX,标普500,2566.68,2557.15,2569.13,2544.0,0.98
2017-10-26,SPX,标普500,2564.68,2560.4,2567.07,2557.15,0.39
2017-10-27,SPX,标普500,2568.92,2581.07,2582.98,2560.4,0.88
2017-10-30,SPX,标普500,2574.78,2572.83,2581.07,2568.25,0.5
2017-10-31,SPX,标普500,2575.18,2575.26,2578.29,2572.15,0.24
2017-11-01,SPX,标普500,2584.22,2579.36,2588.4,2574.92,0.52
2017-11-02,SPX,标普500,2577.72,2579.85,2581.11,2566.17,0.58
2017-11-03,SPX,标普500,2581.18,2587.84,2588.42,2576.77,0.45
2017-11-06,SPX,标普500,2585.92,2591.13,2593.38,2585.66,0.3
2017-11-07,SPX,标普500,2593.28,2590.64,2597.02,2584.35,0.49
2017-11-08,SPX,标普500,2587.52,2594.38,2595.47,2585.02,0.4
2017-11-09,SPX,标普500,2580.22,2584.62,2594.38,2566.33,1.08
2017-11-10,SPX,标普500,2579.12,2582.3,2584.62,2575.57,0.35
2017-11-13,SPX,标普500,2575.52,2584.84,2587.66,2574.48,0.51
2017-11-14,SPX,标普500,2575.18,2578.87,2584.84,2566.56,0.71
2017-11-15,SPX,标普500,2569.45,2564.62,2572.84,2557.45,0.6
2017-11-16,SPX,标普500,2572.95,2585.64,2590.09,2572.95,0.67
2017-11-17,SPX,标普500,2582.94,2578.85,2583.96,2577.62,0.25
2017-11-20,SPX,标普500,2579.49,2582.14,2584.64,2578.24,0.25
2017-11-21,SPX,标普500,2590.3,2599.03,2601.19,2582.14,0.74
2017-11-22,SPX,标普500,2600.46,2597.08,2600.94,2595.23,0.22
2017-11-24,SPX,标普500,2600.42,2602.42,2604.21,2597.08,0.27
2017-11-27,SPX,标普500,2603.22,2601.42,2606.41,2598.87,0.29
2017-11-28,SPX,标普500,2606.28,2627.04,2627.69,2601.42,1.01
2017-11-29,SPX,标普500,2628.78,2626.07,2634.89,2620.32,0.55
2017-11-30,SPX,标普500,2635.52,2647.58,2657.74,2626.07,1.21
2017-12-01,SPX,标普500,2645.32,2642.22,2650.62,2605.52,1.7
2017-12-04,SPX,标普500,2660.32,2639.44,2665.19,2639.03,0.99
2017-12-05,SPX,标普500,2641.48,2629.57,2648.72,2627.73,0.8
2017-12-06,SPX,标普500,2625.85,2629.27,2634.41,2624.75,0.37
2017-12-07,SPX,标普500,2627.82,2636.98,2640.99,2626.53,0.55
2017-12-08,SPX,标普500,2646.68,2651.5,2651.65,2636.98,0.56
2017-12-11,SPX,标普500,2652.32,2659.99,2660.33,2651.47,0.33
2017-12-12,SPX,标普500,2662.15,2664.11,2669.72,2659.78,0.37
2017-12-13,SPX,标普500,2666.62,2662.85,2671.88,2662.85,0.34
2017-12-14,SPX,标普500,2666.18,2652.01,2668.09,2652.01,0.6
2017-12-15,SPX,标普500,2663.68,2675.81,2679.63,2652.01,1.04
2017-12-18,SPX,标普500,2690.38,2690.16,2694.97,2675.81,0.72
2017-12-19,SPX,标普500,2693.98,2681.47,2694.44,2680.74,0.51
2017-12-20,SPX,标普500,2689.54,2679.25,2691.01,2676.11,0.56
2017-12-21,SPX,标普500,2685.48,2684.57,2692.64,2679.25,0.5
2017-12-22,SPX,标普500,2684.53,2683.34,2685.35,2678.13,0.27
2017-12-26,SPX,标普500,2678.55,2680.5,2683.34,2677.96,0.2
2017-12-27,SPX,标普500,2682.18,2682.62,2685.64,2678.91,0.25
2017-12-28,SPX,标普500,2686.42,2687.54,2687.66,2682.62,0.19
2017-12-29,SPX,标普500,2690.54,2673.61,2692.12,2673.61,0.69
2018-01-02,SPX,标普500,2684.79,2695.81,2695.89,2673.61,0.83
2018-01-03,SPX,标普500,2697.22,2713.06,2714.37,2695.81,0.69
2018-01-04,SPX,标普500,2718.42,2723.99,2729.29,2713.06,0.6
2018-01-05,SPX,标普500,2732.18,2743.15,2743.45,2723.99,0.71
2018-01-08,SPX,标普500,2742.67,2747.71,2748.51,2737.6,0.4
2018-01-09,SPX,标普500,2751.4,2751.29,2759.14,2747.71,0.42
2018-01-10,SPX,标普500,2744.46,2748.23,2751.29,2736.06,0.55
2018-01-11,SPX,标普500,2753.43,2767.56,2767.56,2748.23,0.7
2018-01-12,SPX,标普500,2770.57,2786.24,2787.85,2767.56,0.73
2018-01-16,SPX,标普500,2799.68,2776.42,2807.54,2768.64,1.4
2018-01-17,SPX,标普500,2787.82,2802.56,2807.04,2776.42,1.1
2018-01-18,SPX,标普500,2799.82,2798.03,2805.83,2792.56,0.47
2018-01-19,SPX,标普500,2805.08,2810.3,2810.33,2798.03,0.44
2018-01-22,SPX,标普500,2808.18,2832.97,2833.03,2808.12,0.89
2018-01-23,SPX,标普500,2833.58,2839.13,2842.24,2830.59,0.41
2018-01-24,SPX,标普500,2846.88,2837.54,2852.97,2824.81,0.99
2018-01-25,SPX,标普500,2847.58,2839.25,2848.56,2830.94,0.62
2018-01-26,SPX,标普500,2849.68,2872.87,2872.87,2839.25,1.18
2018-01-29,SPX,标普500,2865.08,2853.53,2872.87,2851.48,0.74
2018-01-30,SPX,标普500,2830.02,2822.43,2853.53,2818.27,1.24
2018-01-31,SPX,标普500,2833.98,2823.81,2839.26,2813.04,0.93
2018-02-01,SPX,标普500,2814.68,2821.98,2835.96,2812.7,0.82
2018-02-02,SPX,标普500,2804.18,2762.13,2821.98,2759.97,2.2
2018-02-05,SPX,标普500,2738.52,2648.94,2763.39,2638.17,4.53
2018-02-06,SPX,标普500,2597.92,2695.14,2701.04,2593.07,4.08
2018-02-07,SPX,标普500,2687.78,2681.66,2727.67,2681.33,1.72
2018-02-08,SPX,标普500,2683.48,2581.0,2685.27,2580.56,3.9
2018-02-09,SPX,标普500,2611.85,2619.55,2638.67,2532.69,4.11
2018-02-12,SPX,标普500,2641.58,2656.0,2672.61,2619.55,2.03
2018-02-13,SPX,标普500,2641.92,2662.94,2668.84,2637.08,1.2
2018-02-14,SPX,标普500,2647.12,2698.63,2702.1,2647.12,2.06
2018-02-15,SPX,标普500,2717.48,2731.2,2731.51,2689.82,1.54
2018-02-16,SPX,标普500,2725.18,2732.22,2754.42,2725.11,1.07
2018-02-20,SPX,标普500,2721.68,2716.26,2737.6,2706.76,1.13
2018-02-21,SPX,标普500,2719.62,2701.33,2747.75,2701.29,1.71
2018-02-22,SPX,标普500,2712.42,2703.96,2731.26,2697.77,1.24
2018-02-23,SPX,标普500,2719.52,2747.3,2747.76,2703.96,1.62
2018-02-26,SPX,标普500,2760.38,2779.6,2780.64,2747.3,1.21
2018-02-27,SPX,标普500,2781.98,2744.28,2789.15,2744.22,1.62
2018-02-28,SPX,标普500,2756.98,2713.83,2761.52,2713.54,1.75
2018-03-01,SPX,标普500,2713.08,2677.67,2730.89,2659.65,2.63
2018-03-02,SPX,标普500,2656.48,2691.25,2696.25,2647.32,1.83
2018-03-05,SPX,标普500,2675.42,2720.94,2728.09,2675.42,1.96
2018-03-06,SPX,标普500,2732.58,2728.12,2732.58,2711.26,0.78
2018-03-07,SPX,标普500,2702.18,2726.8,2730.6,2701.74,1.06
2018-03-08,SPX,标普500,2733.82,2738.97,2740.45,2722.65,0.65
2018-03-09,SPX,标普500,2756.38,2786.57,2786.57,2738.97,1.74
2018-03-12,SPX,标普500,2789.98,2783.02,2796.98,2779.26,0.64
2018-03-13,SPX,标普500,2795.88,2765.31,2801.9,2758.68,1.55
2018-03-14,SPX,标普500,2775.38,2749.48,2777.11,2744.38,1.18
2018-03-15,SPX,标普500,2756.12,2747.33,2763.03,2741.47,0.78
2018-03-16,SPX,标普500,2753.92,2752.01,2761.85,2747.33,0.53
2018-03-19,SPX,标普500,2739.18,2712.92,2752.01,2694.59,2.09
2018-03-20,SPX,标普500,2717.58,2716.94,2724.22,2710.05,0.52
2018-03-21,SPX,标普500,2715.58,2711.93,2739.14,2709.79,1.08
2018-03-22,SPX,标普500,2684.45,2643.69,2711.93,2641.59,2.59
2018-03-23,SPX,标普500,2648.48,2588.26,2657.67,2585.89,2.72
2018-03-26,SPX,标普500,2630.35,2658.55,2661.36,2588.26,2.82
2018-03-27,SPX,标普500,2669.88,2612.62,2674.78,2596.12,2.96
2018-03-28,SPX,标普500,2614.35,2605.0,2632.65,2593.06,1.52
2018-03-29,SPX,标普500,2616.52,2640.87,2659.07,2605.0,2.08
2018-04-02,SPX,标普500,2632.37,2581.88,2640.87,2553.8,3.3
2018-04-03,SPX,标普500,2594.12,2614.45,2619.14,2575.49,1.69
2018-04-04,SPX,标普500,2572.38,2644.69,2649.86,2572.38,2.96
2018-04-05,SPX,标普500,2659.78,2662.84,2672.08,2644.69,1.04
2018-04-06,SPX,标普500,2639.88,2604.47,2662.84,2586.27,2.88
2018-04-09,SPX,标普500,2619.4,2613.16,2653.55,2604.47,1.88
2018-04-10,SPX,标普500,2638.41,2656.87,2665.45,2635.78,1.14
2018-04-11,SPX,标普500,2638.63,2642.19,2661.43,2638.63,0.86
2018-04-12,SPX,标普500,2657.48,2663.99,2674.72,2642.19,1.23
2018-04-13,SPX,标普500,2678.65,2656.3,2680.26,2645.05,1.32
2018-04-16,SPX,标普500,2675.69,2677.84,2686.49,2656.3,1.14
2018-04-17,SPX,标普500,2695.53,2706.39,2713.34,2677.84,1.33
2018-04-18,SPX,标普500,2709.99,2708.64,2717.49,2703.63,0.51
2018-04-19,SPX,标普500,2700.5,2693.13,2708.64,2681.9,0.99
2018-04-20,SPX,标普500,2692.78,2670.14,2693.94,2660.61,1.24
2018-04-23,SPX,标普500,2677.38,2670.29,2682.86,2657.99,0.93
2018-04-24,SPX,标普500,2680.98,2634.56,2683.55,2617.32,2.48
2018-04-25,SPX,标普500,2633.33,2639.4,2645.3,2612.67,1.24
2018-04-26,SPX,标普500,2651.99,2666.94,2676.48,2639.4,1.4
2018-04-27,SPX,标普500,2675.23,2669.91,2677.35,2659.01,0.69
2018-04-30,SPX,标普500,2676.53,2648.05,2682.92,2648.04,1.31
2018-05-01,SPX,标普500,2642.78,2654.8,2655.27,2625.41,1.13
2018-05-02,SPX,标普500,2652.01,2635.67,2660.87,2631.7,1.1
2018-05-03,SPX,标普500,2625.16,2629.73,2637.14,2594.62,1.61
2018-05-04,SPX,标普500,2618.98,2663.42,2670.93,2615.32,2.11
2018-05-07,SPX,标普500,2670.31,2672.63,2683.35,2663.42,0.75
2018-05-08,SPX,标普500,2668.68,2671.92,2676.34,2655.2,0.79
2018-05-09,SPX,标普500,2678.85,2697.79,2701.27,2671.92,1.1
2018-05-10,SPX,标普500,2705.02,2723.07,2726.11,2697.79,1.05
2018-05-11,SPX,标普500,2722.48,2727.72,2732.86,2717.45,0.57
2018-05-14,SPX,标普500,2734.14,2730.13,2742.1,2725.47,0.61
2018-05-15,SPX,标普500,2716.9,2711.45,2730.13,2701.91,1.03
2018-05-16,SPX,标普500,2712.64,2722.46,2727.76,2711.45,0.6
2018-05-17,SPX,标普500,2719.44,2720.13,2731.96,2711.36,0.76
2018-05-18,SPX,标普500,2717.08,2712.97,2720.13,2709.18,0.4
2018-05-21,SPX,标普500,2729.32,2733.01,2739.19,2712.97,0.97
2018-05-22,SPX,标普500,2739.68,2724.44,2742.24,2721.88,0.74
2018-05-23,SPX,标普500,2711.79,2733.29,2733.33,2709.54,0.87
2018-05-24,SPX,标普500,2727.38,2727.76,2733.29,2707.38,0.95
2018-05-25,SPX,标普500,2721.18,2721.33,2727.76,2714.99,0.47
2018-05-29,SPX,标普500,2701.38,2689.86,2721.33,2676.81,1.64
2018-05-30,SPX,标普500,2704.67,2724.01,2729.34,2689.86,1.47
2018-05-31,SPX,标普500,2717.22,2705.27,2724.01,2700.68,0.86
2018-06-01,SPX,标普500,2721.68,2734.62,2736.93,2705.27,1.17
2018-06-04,SPX,标普500,2742.17,2746.87,2749.16,2734.62,0.53
2018-06-05,SPX,标普500,2748.01,2748.8,2752.61,2739.51,0.48
2018-06-06,SPX,标普500,2755.71,2772.35,2772.39,2748.46,0.87
2018-06-07,SPX,标普500,2776.62,2770.37,2779.9,2760.16,0.71
2018-06-08,SPX,标普500,2765.92,2779.03,2779.39,2763.59,0.57
2018-06-11,SPX,标普500,2781.51,2782.0,2790.21,2779.03,0.4
2018-06-12,SPX,标普500,2786.92,2786.85,2789.8,2778.78,0.4
2018-06-13,SPX,标普500,2788.35,2775.63,2791.47,2774.65,0.6
2018-06-14,SPX,标普500,2784.71,2782.49,2789.06,2775.63,0.48
2018-06-15,SPX,标普500,2774.15,2779.66,2782.81,2761.73,0.76
2018-06-18,SPX,标普500,2761.68,2773.75,2779.66,2757.12,0.81
2018-06-19,SPX,标普500,2747.58,2762.59,2773.75,2743.19,1.1
2018-06-20,SPX,标普500,2771.12,2767.32,2774.86,2762.59,0.44
2018-06-21,SPX,标普500,2766.32,2749.76,2769.28,2744.39,0.9
2018-06-22,SPX,标普500,2764.78,2754.88,2764.78,2749.76,0.55
2018-06-25,SPX,标普500,2741.33,2717.07,2754.88,2698.67,2.04
2018-06-26,SPX,标普500,2723.69,2723.06,2732.91,2715.6,0.64
2018-06-27,SPX,标普500,2730.25,2699.63,2746.09,2699.38,1.72
2018-06-28,SPX,标普500,2699.43,2716.31,2724.34,2691.99,1.2
2018-06-29,SPX,标普500,2728.23,2718.37,2743.26,2716.31,0.99
2018-07-02,SPX,标普500,2701.54,2726.71,2727.26,2698.95,1.04
2018-07-03,SPX,标普500,2733.27,2713.22,2736.58,2711.16,0.93
2018-07-05,SPX,标普500,2729.07,2736.61,2737.83,2713.22,0.91
2018-07-06,SPX,标普500,2736.98,2759.82,2764.41,2733.52,1.13
2018-07-09,SPX,标普500,2771.88,2784.17,2784.65,2759.82,0.9
2018-07-10,SPX,标普500,2790.28,2793.84,2795.58,2784.17,0.41
2018-07-11,SPX,标普500,2775.88,2774.02,2793.84,2770.77,0.83
2018-07-12,SPX,标普500,2787.88,2798.29,2799.22,2774.02,0.91
2018-07-13,SPX,标普500,2796.88,2801.31,2804.53,2791.69,0.46
2018-07-16,SPX,标普500,2801.92,2798.43,2803.71,2793.39,0.37
2018-07-17,SPX,标普500,2789.82,2809.55,2814.19,2789.24,0.89
2018-07-18,SPX,标普500,2810.42,2815.62,2816.76,2805.89,0.39
2018-07-19,SPX,标普500,2806.52,2804.49,2815.62,2799.77,0.56
2018-07-20,SPX,标普500,2802.26,2801.83,2809.7,2800.01,0.35
2018-07-23,SPX,标普500,2800.06,2806.98,2808.61,2795.14,0.48
2018-07-24,SPX,标普500,2822.72,2820.4,2829.99,2806.98,0.82
2018-07-25,SPX,标普500,2818.12,2846.07,2848.03,2817.73,1.07
2018-07-26,SPX,标普500,2835.38,2837.44,2846.07,2835.26,0.38
2018-07-27,SPX,标普500,2842.01,2818.82,2843.17,2808.34,1.23
2018-07-30,SPX,标普500,2819.12,2802.6,2821.74,2798.11,0.84
2018-07-31,SPX,标普500,2812.78,2816.29,2824.46,2802.6,0.78
2018-08-01,SPX,标普500,2819.48,2813.36,2825.83,2805.85,0.71
2018-08-02,SPX,标普500,2796.58,2827.22,2829.91,2796.34,1.19
2018-08-03,SPX,标普500,2830.12,2840.35,2840.38,2827.22,0.47
2018-08-06,SPX,标普500,2838.88,2850.4,2853.29,2835.98,0.61
2018-08-07,SPX,标普500,2857.18,2858.45,2863.43,2850.4,0.46
2018-08-08,SPX,标普500,2857.08,2857.7,2862.44,2853.09,0.33
2018-08-09,SPX,标普500,2857.3,2853.58,2862.48,2851.98,0.37
2018-08-10,SPX,标普500,2835.49,2833.28,2853.58,2825.81,0.97
2018-08-13,SPX,标普500,2836.53,2821.93,2843.4,2819.88,0.83
2018-08-14,SPX,标普500,2831.12,2839.96,2843.11,2821.93,0.75
2018-08-15,SPX,标普500,2824.08,2818.37,2839.96,2802.49,1.32
2018-08-16,SPX,标普500,2834.68,2840.69,2850.49,2818.37,1.14
2018-08-17,SPX,标普500,2838.52,2850.13,2855.63,2833.73,0.77
2018-08-20,SPX,标普500,2855.14,2857.05,2859.76,2850.13,0.34
2018-08-21,SPX,标普500,2862.71,2862.96,2873.23,2857.05,0.57
2018-08-22,SPX,标普500,2859.58,2861.82,2867.54,2856.05,0.4
2018-08-23,SPX,标普500,2858.82,2856.98,2868.78,2854.03,0.52
2018-08-24,SPX,标普500,2864.38,2874.69,2876.16,2856.98,0.67
2018-08-27,SPX,标普500,2887.89,2896.74,2898.25,2874.69,0.82
2018-08-28,SPX,标普500,2902.35,2897.52,2903.77,2893.5,0.35
2018-08-29,SPX,标普500,2901.48,2914.04,2916.5,2897.52,0.66
2018-08-30,SPX,标普500,2907.38,2901.13,2914.04,2895.22,0.65
2018-08-31,SPX,标普500,2897.29,2901.52,2906.32,2891.73,0.5
2018-09-04,SPX,标普500,2896.61,2896.72,2901.52,2885.13,0.56
2018-09-05,SPX,标普500,2891.64,2888.6,2896.72,2876.92,0.68
2018-09-06,SPX,标普500,2887.82,2878.05,2892.05,2867.29,0.86
2018-09-07,SPX,标普500,2866.66,2871.68,2883.81,2864.12,0.68
2018-09-10,SPX,标普500,2884.15,2877.13,2886.93,2871.68,0.53
2018-09-11,SPX,标普500,2869.82,2887.89,2892.52,2866.78,0.89
2018-09-12,SPX,标普500,2886.85,2888.92,2894.65,2879.2,0.53
2018-09-13,SPX,标普500,2898.38,2904.18,2906.76,2888.92,0.62
2018-09-14,SPX,标普500,2906.31,2904.98,2908.3,2895.77,0.43
2018-09-17,SPX,标普500,2903.02,2888.8,2904.98,2886.16,0.65
2018-09-18,SPX,标普500,2891.42,2904.31,2911.17,2888.8,0.77
2018-09-19,SPX,标普500,2905.2,2907.95,2912.36,2903.82,0.29
2018-09-20,SPX,标普500,2921.82,2930.75,2934.8,2907.95,0.92
2018-09-21,SPX,标普500,2938.92,2929.67,2940.91,2927.11,0.47
2018-09-24,SPX,标普500,2921.62,2919.37,2929.67,2912.63,0.58
2018-09-25,SPX,标普500,2923.98,2915.56,2923.98,2913.7,0.35
2018-09-26,SPX,标普500,2916.92,2905.97,2931.15,2903.28,0.96
2018-09-27,SPX,标普500,2912.63,2914.0,2927.22,2905.97,0.73
2018-09-28,SPX,标普500,2907.29,2913.98,2920.53,2907.29,0.45
2018-10-01,SPX,标普500,2930.06,2924.59,2937.06,2913.98,0.79
2018-10-02,SPX,标普500,2923.22,2923.43,2931.42,2919.37,0.41
2018-10-03,SPX,标普500,2934.88,2925.51,2939.86,2921.36,0.63
2018-10-04,SPX,标普500,2918.42,2901.61,2925.51,2883.92,1.42
2018-10-05,SPX,标普500,2903.22,2885.57,2909.64,2869.29,1.39
2018-10-08,SPX,标普500,2877.49,2884.43,2889.45,2862.08,0.95
2018-10-09,SPX,标普500,2879.69,2880.34,2894.83,2874.27,0.71
2018-10-10,SPX,标普500,2873.99,2785.68,2880.34,2784.86,3.31
2018-10-11,SPX,标普500,2774.02,2728.37,2795.14,2710.51,3.04
2018-10-12,SPX,标普500,2774.18,2767.13,2775.77,2728.37,1.74
2018-10-15,SPX,标普500,2762.77,2750.79,2775.99,2749.03,0.97
2018-10-16,SPX,标普500,2771.42,2809.92,2813.46,2750.79,2.28
2018-10-17,SPX,标普500,2809.6,2809.21,2816.94,2781.81,1.25
2018-10-18,SPX,标普500,2798.55,2768.78,2809.21,2755.18,1.92
2018-10-19,SPX,标普500,2777.01,2767.78,2797.77,2760.27,1.35
2018-10-22,SPX,标普500,2775.62,2755.88,2778.94,2749.22,1.07
2018-10-23,SPX,标普500,2713.17,2740.69,2755.88,2691.43,2.34
2018-10-24,SPX,标普500,2736.77,2656.1,2742.59,2651.89,3.31
2018-10-25,SPX,标普500,2677.62,2705.57,2722.7,2656.1,2.51
2018-10-26,SPX,标普500,2662.73,2658.69,2705.57,2628.16,2.86
2018-10-29,SPX,标普500,2692.87,2641.25,2706.85,2603.54,3.89
2018-10-30,SPX,标普500,2640.72,2682.63,2685.43,2635.34,1.9
2018-10-31,SPX,标普500,2711.27,2711.74,2736.69,2682.63,2.02
2018-11-01,SPX,标普500,2721.12,2740.37,2741.67,2708.85,1.21
2018-11-02,SPX,标普500,2751.31,2723.06,2756.55,2700.44,2.05
2018-11-05,SPX,标普500,2728.61,2738.31,2744.27,2717.94,0.97
2018-11-06,SPX,标普500,2737.68,2755.45,2756.82,2737.08,0.72
2018-11-07,SPX,标普500,2779.67,2813.89,2815.15,2755.45,2.17
2018-11-08,SPX,标普500,2804.67,2806.83,2814.75,2794.99,0.7
2018-11-09,SPX,标普500,2792.07,2781.01,2806.83,2764.24,1.52
2018-11-12,SPX,标普500,2774.08,2726.22,2781.01,2722.0,2.12
2018-11-13,SPX,标普500,2732.08,2722.18,2754.6,2714.98,1.45
2018-11-14,SPX,标普500,2743.34,2701.58,2746.8,2685.75,2.24
2018-11-15,SPX,标普500,2688.31,2730.2,2735.38,2670.75,2.39
2018-11-16,SPX,标普500,2717.88,2736.27,2746.75,2712.16,1.27
2018-11-19,SPX,标普500,2729.25,2690.73,2736.27,2681.09,2.02
2018-11-20,SPX,标普500,2650.52,2641.89,2690.73,2631.52,2.2
2018-11-21,SPX,标普500,2656.62,2649.93,2670.73,2641.89,1.09
2018-11-23,SPX,标普500,2633.36,2632.56,2649.93,2631.09,0.71
2018-11-26,SPX,标普500,2658.62,2673.45,2674.35,2632.56,1.59
2018-11-27,SPX,标普500,2661.63,2682.2,2682.53,2655.89,1.0
2018-11-28,SPX,标普500,2695.37,2743.78,2744.0,2682.17,2.31
2018-11-29,SPX,标普500,2735.37,2737.76,2753.75,2722.94,1.12
2018-11-30,SPX,标普500,2736.38,2760.17,2760.88,2732.76,1.03
2018-12-03,SPX,标普500,2801.52,2790.37,2801.52,2760.17,1.5
2018-12-04,SPX,标普500,2782.52,2700.06,2790.37,2697.18,3.34
2018-12-06,SPX,标普500,2655.08,2695.95,2700.06,2621.53,2.91
2018-12-07,SPX,标普500,2692.78,2633.08,2708.54,2623.14,3.17
2018-12-10,SPX,标普500,2630.86,2637.72,2647.51,2583.23,2.44
2018-12-11,SPX,标普500,2668.26,2636.78,2674.35,2621.3,2.01
2018-12-12,SPX,标普500,2662.53,2651.07,2685.44,2636.78,1.85
2018-12-13,SPX,标普500,2660.68,2650.54,2670.19,2637.27,1.24
2018-12-14,SPX,标普500,2624.45,2599.95,2650.54,2593.84,2.14
2018-12-17,SPX,标普500,2588.12,2545.94,2601.13,2530.54,2.72
2018-12-18,SPX,标普500,2566.62,2546.16,2573.99,2528.71,1.78
2018-12-19,SPX,标普500,2546.03,2506.96,2585.29,2488.96,3.78
2018-12-20,SPX,标普500,2492.47,2467.42,2509.63,2441.18,2.73
2018-12-21,SPX,标普500,2475.91,2416.62,2504.41,2408.55,3.89
2018-12-24,SPX,标普500,2400.56,2351.1,2416.62,2351.1,2.71
2018-12-26,SPX,标普500,2369.0,2467.7,2467.76,2346.58,5.15
2018-12-27,SPX,标普500,2434.2,2488.83,2489.1,2397.94,3.69
2018-12-28,SPX,标普500,2504.58,2485.74,2520.27,2472.89,1.9
2018-12-31,SPX,标普500,2501.72,2506.85,2509.24,2482.82,1.06
2019-01-02,SPX,标普500,2467.68,2510.03,2519.49,2467.47,2.08
2019-01-03,SPX,标普500,2489.62,2447.89,2510.03,2443.96,2.63
2019-01-04,SPX,标普500,2474.33,2531.94,2538.07,2474.33,2.6
2019-01-07,SPX,标普500,2535.16,2549.69,2566.16,2524.56,1.64
2019-01-08,SPX,标普500,2575.78,2574.41,2579.82,2547.56,1.27
2019-01-09,SPX,标普500,2583.68,2584.96,2595.32,2568.89,1.03
2019-01-10,SPX,标普500,2569.45,2596.64,2597.82,2562.02,1.38
2019-01-11,SPX,标普500,2584.02,2596.26,2596.64,2577.4,0.74
2019-01-14,SPX,标普500,2574.29,2582.61,2596.26,2570.41,1.0
2019-01-15,SPX,标普500,2584.52,2609.98,2613.52,2584.52,1.12
2019-01-16,SPX,标普500,2614.75,2616.1,2625.76,2612.68,0.5
2019-01-17,SPX,标普500,2606.12,2635.96,2645.06,2606.12,1.49
2019-01-18,SPX,标普500,2656.38,2670.71,2675.47,2635.96,1.5
2019-01-22,SPX,标普500,2653.91,2632.9,2670.71,2617.27,2.0
2019-01-23,SPX,标普500,2646.38,2638.7,2653.19,2612.86,1.53
2019-01-24,SPX,标普500,2637.52,2642.33,2647.2,2627.01,0.77
2019-01-25,SPX,标普500,2661.92,2664.76,2672.38,2642.33,1.14
2019-01-28,SPX,标普500,2644.97,2643.85,2664.76,2624.06,1.53
2019-01-29,SPX,标普500,2644.97,2640.0,2650.93,2631.05,0.75
2019-01-30,SPX,标普500,2655.34,2681.05,2690.44,2648.34,1.59
2019-01-31,SPX,标普500,2684.26,2704.1,2708.95,2678.65,1.13
2019-02-01,SPX,标普500,2703.97,2706.53,2716.66,2696.88,0.73
2019-02-04,SPX,标普500,2706.18,2724.87,2724.99,2698.75,0.97
2019-02-05,SPX,标普500,2727.69,2737.7,2738.98,2724.03,0.55
2019-02-06,SPX,标普500,2735.05,2731.61,2738.08,2724.15,0.51
2019-02-07,SPX,标普500,2717.53,2706.05,2731.61,2687.26,1.62
2019-02-08,SPX,标普500,2691.65,2707.88,2708.07,2681.83,0.97
2019-02-11,SPX,标普500,2713.57,2709.8,2718.05,2703.79,0.53
2019-02-12,SPX,标普500,2724.44,2744.73,2748.19,2709.8,1.42
2019-02-13,SPX,标普500,2751.12,2753.03,2761.85,2744.73,0.62
2019-02-14,SPX,标普500,2743.04,2745.73,2757.9,2731.23,0.97
2019-02-15,SPX,标普500,2760.24,2775.6,2775.66,2745.73,1.09
2019-02-19,SPX,标普500,2769.28,2779.76,2787.33,2767.29,0.72
2019-02-20,SPX,标普500,2779.05,2784.7,2789.88,2774.06,0.57
2019-02-21,SPX,标普500,2780.15,2774.88,2784.7,2764.55,0.72
2019-02-22,SPX,标普500,2780.67,2792.67,2794.2,2774.88,0.7
2019-02-25,SPX,标普500,2805.95,2796.11,2813.49,2792.67,0.75
2019-02-26,SPX,标普500,2792.36,2793.9,2803.12,2789.47,0.49
2019-02-27,SPX,标普500,2787.78,2792.38,2795.76,2775.13,0.74
2019-02-28,SPX,标普500,2787.49,2784.49,2793.73,2782.51,0.4
2019-03-01,SPX,标普500,2800.17,2803.69,2808.02,2784.49,0.85
2019-03-04,SPX,标普500,2814.37,2792.81,2816.88,2767.66,1.76
2019-03-05,SPX,标普500,2794.5,2789.65,2796.44,2782.97,0.48
2019-03-06,SPX,标普500,2789.66,2771.45,2790.27,2768.69,0.77
2019-03-07,SPX,标普500,2766.53,2748.93,2771.45,2739.09,1.17
2019-03-08,SPX,标普500,2727.66,2743.07,2748.93,2722.27,0.97
2019-03-11,SPX,标普500,2748.59,2783.3,2784.0,2743.07,1.49
2019-03-12,SPX,标普500,2786.73,2791.52,2798.32,2783.3,0.54
2019-03-13,SPX,标普500,2791.52,2810.92,2821.24,2791.52,1.06
2019-03-14,SPX,标普500,2810.38,2808.48,2815.0,2803.46,0.41
2019-03-15,SPX,标普500,2812.72,2822.48,2830.73,2808.48,0.79
2019-03-18,SPX,标普500,2822.61,2832.94,2835.41,2821.99,0.48
2019-03-19,SPX,标普500,2841.72,2832.57,2852.42,2823.27,1.03
2019-03-20,SPX,标普500,2831.34,2824.23,2843.54,2812.43,1.1
2019-03-21,SPX,标普500,2818.56,2854.88,2860.31,2817.38,1.52
2019-03-22,SPX,标普500,2842.2,2800.71,2854.88,2800.47,1.91
2019-03-25,SPX,标普500,2796.05,2798.36,2809.79,2785.02,0.88
2019-03-26,SPX,标普500,2791.52,2818.46,2829.87,2791.52,1.37
2019-03-27,SPX,标普500,2819.69,2805.37,2825.56,2787.72,1.34
2019-03-28,SPX,标普500,2809.82,2815.44,2819.71,2798.77,0.75
2019-03-29,SPX,标普500,2830.94,2834.4,2836.03,2815.44,0.73
2019-04-01,SPX,标普500,2848.63,2867.19,2869.4,2834.4,1.23
2019-04-02,SPX,标普500,2868.09,2867.24,2872.9,2858.75,0.49
2019-04-03,SPX,标普500,2876.81,2873.4,2885.25,2865.17,0.7
2019-04-04,SPX,标普500,2874.56,2879.39,2881.28,2867.14,0.49
2019-04-05,SPX,标普500,2884.08,2892.74,2893.24,2879.39,0.48
2019-04-08,SPX,标普500,2888.26,2895.77,2895.95,2880.78,0.52
2019-04-09,SPX,标普500,2886.58,2878.2,2895.77,2873.33,0.77
2019-04-10,SPX,标普500,2882.32,2888.21,2889.71,2878.2,0.4
2019-04-11,SPX,标普500,2891.86,2888.32,2893.42,2881.99,0.4
2019-04-12,SPX,标普500,2903.11,2907.41,2910.54,2888.32,0.77
2019-04-15,SPX,标普500,2908.91,2905.58,2909.6,2896.48,0.45
2019-04-16,SPX,标普500,2911.98,2907.06,2916.06,2900.71,0.53
2019-04-17,SPX,标普500,2917.42,2900.45,2918.0,2895.45,0.78
2019-04-18,SPX,标普500,2904.77,2905.03,2908.4,2891.9,0.57
2019-04-22,SPX,标普500,2898.82,2907.97,2909.51,2896.35,0.45
2019-04-23,SPX,标普500,2910.18,2933.68,2936.31,2907.97,0.97
2019-04-24,SPX,标普500,2933.6,2927.25,2936.83,2926.05,0.37
2019-04-25,SPX,标普500,2928.24,2926.17,2933.1,2912.84,0.69
2019-04-26,SPX,标普500,2925.09,2939.88,2939.88,2917.56,0.76
2019-04-29,SPX,标普500,2940.3,2943.03,2949.52,2939.35,0.35
2019-04-30,SPX,标普500,2938.07,2945.83,2948.22,2924.11,0.82
2019-05-01,SPX,标普500,2952.07,2923.73,2954.13,2923.36,1.04
2019-05-02,SPX,标普500,2921.92,2917.52,2931.68,2900.5,1.07
2019-05-03,SPX,标普500,2929.21,2945.64,2947.85,2917.52,1.04
2019-05-06,SPX,标普500,2901.65,2932.47,2945.64,2898.21,1.61
2019-05-07,SPX,标普500,2909.91,2884.05,2932.47,2862.6,2.38
2019-05-08,SPX,标普500,2879.94,2879.42,2897.96,2873.28,0.86
2019-05-09,SPX,标普500,2855.41,2870.72,2879.42,2836.4,1.49
2019-05-10,SPX,标普500,2862.35,2881.4,2891.31,2825.39,2.3
2019-05-13,SPX,标普500,2835.95,2811.87,2881.4,2801.43,2.78
2019-05-14,SPX,标普500,2820.96,2834.41,2852.54,2811.87,1.45
2019-05-15,SPX,标普500,2819.02,2850.96,2858.68,2815.08,1.54
2019-05-16,SPX,标普500,2857.17,2876.32,2892.15,2850.96,1.44
2019-05-17,SPX,标普500,2876.32,2859.53,2885.48,2854.23,1.09
2019-05-20,SPX,标普500,2841.94,2840.23,2859.53,2831.29,0.99
2019-05-21,SPX,标普500,2855.65,2864.36,2868.88,2840.23,1.01
2019-05-22,SPX,标普500,2854.88,2856.27,2865.47,2851.11,0.5
2019-05-23,SPX,标普500,2836.7,2822.24,2856.27,2805.49,1.78
2019-05-24,SPX,标普500,2835.21,2826.06,2841.36,2820.19,0.75
2019-05-28,SPX,标普500,2832.7,2802.39,2840.51,2801.58,1.38
2019-05-29,SPX,标普500,2787.23,2783.02,2802.39,2766.06,1.3
2019-05-30,SPX,标普500,2787.15,2788.86,2799.0,2776.74,0.8
2019-05-31,SPX,标普500,2762.29,2752.06,2788.86,2750.52,1.37
2019-06-03,SPX,标普500,2751.12,2744.45,2763.07,2728.81,1.24
2019-06-04,SPX,标普500,2770.22,2803.27,2804.49,2744.45,2.19
2019-06-05,SPX,标普500,2818.09,2826.15,2827.28,2800.92,0.94
2019-06-06,SPX,标普500,2828.8,2843.49,2852.1,2822.45,1.05
2019-06-07,SPX,标普500,2853.04,2873.34,2884.97,2843.49,1.46
2019-06-10,SPX,标普500,2887.25,2886.73,2904.77,2873.34,1.09
2019-06-11,SPX,标普500,2904.16,2885.72,2910.61,2878.53,1.11
2019-06-12,SPX,标普500,2882.73,2879.84,2888.57,2874.68,0.48
2019-06-13,SPX,标普500,2886.71,2891.64,2895.24,2879.84,0.53
2019-06-14,SPX,标普500,2886.82,2886.98,2894.45,2879.62,0.51
2019-06-17,SPX,标普500,2889.67,2889.67,2897.27,2886.98,0.36
2019-06-18,SPX,标普500,2907.21,2917.75,2930.79,2889.67,1.42
2019-06-19,SPX,标普500,2921.74,2926.46,2931.74,2911.43,0.7
2019-06-20,SPX,标普500,2951.43,2954.18,2958.06,2926.46,1.08
2019-06-21,SPX,标普500,2952.35,2950.46,2964.15,2946.87,0.58
2019-06-24,SPX,标普500,2951.86,2945.35,2954.92,2944.05,0.37
2019-06-25,SPX,标普500,2945.98,2917.38,2946.52,2916.01,1.04
2019-06-26,SPX,标普500,2927.24,2913.78,2932.59,2912.99,0.67
2019-06-27,SPX,标普500,2921.27,2924.92,2929.3,2913.78,0.53
2019-06-28,SPX,标普500,2933.08,2941.76,2943.98,2924.92,0.65
2019-07-01,SPX,标普500,2974.37,2964.33,2977.93,2941.76,1.23
2019-07-02,SPX,标普500,2964.24,2973.01,2973.21,2955.92,0.58
2019-07-03,SPX,标普500,2978.63,2995.82,2995.84,2973.01,0.77
2019-07-05,SPX,标普500,2984.25,2990.41,2995.82,2967.97,0.93
2019-07-08,SPX,标普500,2979.01,2975.95,2990.41,2970.09,0.68
2019-07-09,SPX,标普500,2964.69,2979.63,2981.9,2963.44,0.62
2019-07-10,SPX,标普500,2989.62,2993.07,3002.98,2979.63,0.78
2019-07-11,SPX,标普500,3000.18,2999.91,3002.33,2988.8,0.45
2019-07-12,SPX,标普500,3003.21,3013.77,3013.92,2999.91,0.47
2019-07-15,SPX,标普500,3017.57,3014.3,3017.8,3008.77,0.3
2019-07-16,SPX,标普500,3012.27,3004.04,3015.02,3001.15,0.46
2019-07-17,SPX,标普500,3003.95,2984.42,3005.26,2984.25,0.7
2019-07-18,SPX,标普500,2978.35,2995.11,2998.28,2973.09,0.84
2019-07-19,SPX,标普500,3004.46,2976.61,3006.02,2975.86,1.01
2019-07-22,SPX,标普500,2981.79,2985.03,2990.71,2976.61,0.47
2019-07-23,SPX,标普500,2994.74,3005.47,3005.9,2985.03,0.7
2019-07-24,SPX,标普500,2997.72,3019.56,3019.59,2996.82,0.76
2019-07-25,SPX,标普500,3015.4,3003.67,3019.56,2997.24,0.74
2019-07-26,SPX,标普500,3013.47,3025.86,3027.98,3003.67,0.81
2019-07-29,SPX,标普500,3024.52,3020.97,3025.86,3014.3,0.38
2019-07-30,SPX,标普500,3004.61,3013.18,3020.97,3000.94,0.66
2019-07-31,SPX,标普500,3016.36,2980.38,3017.4,2958.08,1.97
2019-08-01,SPX,标普500,2980.79,2953.56,3013.59,2945.23,2.29
2019-08-02,SPX,标普500,2943.9,2932.05,2953.56,2914.11,1.34
2019-08-05,SPX,标普500,2898.07,2844.74,2898.07,2822.12,2.59
2019-08-06,SPX,标普500,2863.81,2881.77,2884.4,2844.74,1.39
2019-08-07,SPX,标普500,2852.5,2883.98,2892.17,2825.71,2.31
2019-08-08,SPX,标普500,2899.72,2938.09,2938.72,2883.98,1.9
2019-08-09,SPX,标普500,2930.51,2918.65,2938.09,2900.15,1.29
2019-08-12,SPX,标普500,2907.07,2883.09,2907.58,2873.14,1.18
2019-08-13,SPX,标普500,2878.27,2926.32,2943.31,2877.05,2.3
2019-08-14,SPX,标普500,2894.15,2840.6,2894.15,2839.64,1.86
2019-08-15,SPX,标普500,2845.2,2847.6,2856.67,2825.51,1.1
2019-08-16,SPX,标普500,2865.41,2888.68,2893.63,2847.6,1.62
2019-08-19,SPX,标普500,2913.48,2923.65,2931.0,2888.68,1.47
2019-08-20,SPX,标普500,2918.31,2900.51,2923.65,2899.6,0.82
2019-08-21,SPX,标普500,2922.04,2924.43,2928.73,2900.51,0.97
2019-08-22,SPX,标普500,2931.19,2922.95,2939.08,2904.51,1.18
2019-08-23,SPX,标普500,2911.07,2847.11,2927.01,2834.97,3.15
2019-08-26,SPX,标普500,2870.06,2878.38,2879.27,2847.11,1.13
2019-08-27,SPX,标普500,2894.09,2869.16,2898.79,2860.59,1.33
2019-08-28,SPX,标普500,2861.28,2887.94,2890.03,2853.05,1.29
2019-08-29,SPX,标普500,2914.04,2924.58,2930.5,2905.67,0.86
2019-08-30,SPX,标普500,2939.15,2926.46,2940.43,2913.32,0.93
2019-09-03,SPX,标普500,2907.45,2906.27,2914.39,2891.85,0.77
2019-09-04,SPX,标普500,2926.09,2937.78,2938.84,2921.86,0.58
2019-09-05,SPX,标普500,2960.6,2976.0,2985.86,2960.6,0.86
2019-09-06,SPX,标普500,2979.73,2978.71,2985.03,2972.51,0.42
2019-09-09,SPX,标普500,2988.98,2978.43,2989.43,2969.39,0.67
2019-09-10,SPX,标普500,2971.01,2979.39,2979.39,2957.01,0.75
2019-09-11,SPX,标普500,2981.41,3000.93,3000.93,2975.31,0.86
2019-09-12,SPX,标普500,3008.6,3009.57,3020.74,3000.92,0.66
2019-09-13,SPX,标普500,3013.24,3007.39,3017.31,3002.9,0.48
2019-09-16,SPX,标普500,2996.41,2997.96,3002.19,2990.67,0.38
2019-09-17,SPX,标普500,2995.67,3005.7,3006.21,2993.73,0.42
2019-09-18,SPX,标普500,3001.5,3006.73,3007.83,2978.57,0.97
2019-09-19,SPX,标普500,3010.36,3006.79,3021.99,3003.16,0.63
2019-09-20,SPX,标普500,3008.42,2992.07,3016.37,2984.68,1.05
2019-09-23,SPX,标普500,2983.5,2991.78,2999.15,2982.23,0.57
2019-09-24,SPX,标普500,3002.43,2966.6,3007.98,2957.73,1.68
2019-09-25,SPX,标普500,2968.35,2984.87,2989.82,2952.86,1.25
2019-09-26,SPX,标普500,2985.73,2977.62,2987.28,2963.71,0.79
2019-09-27,SPX,标普500,2985.47,2961.79,2987.31,2945.53,1.4
2019-09-30,SPX,标普500,2967.07,2976.74,2983.85,2967.07,0.57
2019-10-01,SPX,标普500,2983.69,2940.25,2992.53,2938.7,1.81
2019-10-02,SPX,标普500,2924.78,2887.61,2924.78,2874.93,1.7
2019-10-03,SPX,标普500,2885.38,2910.63,2911.13,2855.94,1.91
2019-10-04,SPX,标普500,2918.56,2952.01,2953.74,2918.56,1.21
2019-10-07,SPX,标普500,2944.23,2938.79,2959.75,2935.68,0.82
2019-10-08,SPX,标普500,2920.4,2893.06,2925.47,2892.66,1.12
2019-10-09,SPX,标普500,2911.1,2919.4,2929.32,2907.41,0.76
2019-10-10,SPX,标普500,2918.55,2938.13,2948.46,2917.12,1.07
2019-10-11,SPX,标普500,2963.07,2970.27,2993.28,2963.07,1.03
2019-10-14,SPX,标普500,2965.81,2966.15,2972.84,2962.94,0.33
2019-10-15,SPX,标普500,2973.61,2995.68,3003.28,2973.61,1.0
2019-10-16,SPX,标普500,2989.68,2989.69,2997.54,2985.2,0.41
2019-10-17,SPX,标普500,3000.77,2997.95,3008.29,2991.79,0.55
2019-10-18,SPX,标普500,2996.84,2986.2,3000.0,2976.31,0.79
2019-10-21,SPX,标普500,2996.48,3006.72,3007.33,2995.35,0.4
2019-10-22,SPX,标普500,3010.73,2995.99,3014.57,2995.04,0.65
2019-10-23,SPX,标普500,2994.01,3004.52,3004.78,2991.21,0.45
2019-10-24,SPX,标普500,3014.78,3010.29,3016.07,3000.42,0.52
2019-10-25,SPX,标普500,3003.32,3022.55,3027.39,3001.94,0.85
2019-10-28,SPX,标普500,3032.12,3039.42,3044.08,3032.12,0.4
2019-10-29,SPX,标普500,3035.39,3036.89,3047.87,3034.81,0.43
2019-10-30,SPX,标普500,3039.74,3046.77,3050.1,3025.96,0.79
2019-10-31,SPX,标普500,3046.9,3037.56,3046.9,3023.19,0.78
2019-11-01,SPX,标普500,3050.72,3066.91,3066.95,3050.72,0.53
2019-11-04,SPX,标普500,3078.96,3078.27,3085.2,3074.87,0.34
2019-11-05,SPX,标普500,3080.8,3074.62,3083.95,3072.15,0.38
2019-11-06,SPX,标普500,3075.1,3076.78,3078.34,3065.89,0.4
2019-11-07,SPX,标普500,3087.02,3085.18,3097.77,3080.23,0.57
2019-11-08,SPX,标普500,3081.25,3093.08,3093.09,3073.58,0.63
2019-11-11,SPX,标普500,3080.33,3087.01,3088.33,3075.82,0.4
2019-11-12,SPX,标普500,3089.28,3091.84,3102.61,3084.73,0.58
2019-11-13,SPX,标普500,3084.18,3094.04,3098.06,3078.8,0.62
2019-11-14,SPX,标普500,3090.75,3096.63,3098.2,3083.26,0.48
2019-11-15,SPX,标普500,3107.92,3120.46,3120.46,3104.6,0.51
2019-11-18,SPX,标普500,3117.91,3122.03,3124.17,3112.06,0.39
2019-11-19,SPX,标普500,3127.45,3120.18,3127.64,3113.47,0.45
2019-11-20,SPX,标普500,3114.66,3108.46,3118.97,3091.41,0.88
2019-11-21,SPX,标普500,3108.49,3103.54,3110.11,3094.55,0.5
2019-11-22,SPX,标普500,3111.41,3110.29,3112.87,3099.26,0.44
2019-11-25,SPX,标普500,3117.44,3133.64,3133.83,3117.44,0.53
2019-11-26,SPX,标普500,3134.85,3140.52,3142.69,3131.0,0.37
2019-11-27,SPX,标普500,3145.49,3153.63,3154.26,3143.41,0.35
2019-11-29,SPX,标普500,3147.18,3140.98,3150.3,3139.34,0.35
2019-12-02,SPX,标普500,3143.85,3113.87,3144.31,3110.78,1.07
2019-12-03,SPX,标普500,3087.41,3093.2,3094.97,3070.33,0.79
2019-12-04,SPX,标普500,3103.5,3112.76,3119.38,3102.53,0.54
2019-12-05,SPX,标普500,3119.21,3117.43,3119.45,3103.76,0.5
2019-12-06,SPX,标普500,3134.62,3145.91,3150.6,3134.62,0.51
2019-12-09,SPX,标普500,3141.86,3135.96,3148.87,3135.46,0.43
2019-12-10,SPX,标普500,3135.36,3132.52,3142.12,3126.09,0.51
2019-12-11,SPX,标普500,3135.75,3141.63,3143.98,3133.21,0.34
2019-12-12,SPX,标普500,3141.23,3168.57,3176.28,3138.47,1.2
2019-12-13,SPX,标普500,3166.65,3168.8,3182.68,3156.51,0.83
2019-12-16,SPX,标普500,3183.63,3191.45,3197.71,3183.63,0.44
2019-12-17,SPX,标普500,3195.4,3192.52,3198.22,3191.03,0.23
2019-12-18,SPX,标普500,3195.21,3191.14,3198.48,3191.14,0.23
2019-12-19,SPX,标普500,3192.32,3205.37,3205.48,3192.32,0.41
2019-12-20,SPX,标普500,3223.33,3221.22,3225.65,3216.03,0.3
2019-12-23,SPX,标普500,3226.05,3224.01,3227.78,3222.3,0.17
2019-12-24,SPX,标普500,3225.45,3223.38,3226.43,3220.51,0.18
2019-12-26,SPX,标普500,3227.2,3239.91,3240.08,3227.2,0.4
2019-12-27,SPX,标普500,3247.23,3240.02,3247.93,3234.37,0.42
2019-12-30,SPX,标普500,3240.09,3221.29,3240.92,3216.57,0.75
2019-12-31,SPX,标普500,3215.18,3230.78,3231.72,3212.03,0.61
2020-01-02,SPX,标普500,3244.67,3257.85,3258.14,3235.53,0.7
2020-01-03,SPX,标普500,3226.36,3234.85,3246.15,3222.34,0.73
2020-01-06,SPX,标普500,3217.55,3246.28,3246.84,3214.64,1.0
2020-01-07,SPX,标普500,3241.86,3237.18,3244.91,3232.43,0.38
2020-01-08,SPX,标普500,3238.59,3253.05,3267.07,3236.67,0.94
2020-01-09,SPX,标普500,3266.03,3274.7,3275.58,3263.67,0.37
2020-01-10,SPX,标普500,3281.81,3265.35,3282.99,3260.86,0.68
2020-01-13,SPX,标普500,3271.13,3288.13,3288.13,3268.43,0.6
2020-01-14,SPX,标普500,3285.35,3283.15,3294.25,3277.19,0.52
2020-01-15,SPX,标普500,3282.27,3289.29,3298.66,3280.69,0.55
2020-01-16,SPX,标普500,3302.97,3316.81,3317.11,3302.82,0.43
2020-01-17,SPX,标普500,3323.66,3329.62,3329.88,3318.86,0.33
2020-01-21,SPX,标普500,3321.03,3320.79,3329.79,3316.61,0.4
2020-01-22,SPX,标普500,3330.02,3321.75,3337.77,3320.04,0.53
2020-01-23,SPX,标普500,3315.77,3325.54,3326.88,3301.87,0.75
2020-01-24,SPX,标普500,3333.1,3295.47,3333.18,3281.53,1.55
2020-01-27,SPX,标普500,3247.16,3243.63,3258.85,3234.5,0.74
2020-01-28,SPX,标普500,3255.35,3276.24,3285.78,3253.22,1.0
2020-01-29,SPX,标普500,3289.46,3273.4,3293.47,3271.89,0.66
2020-01-30,SPX,标普500,3256.45,3283.66,3285.91,3242.8,1.32
2020-01-31,SPX,标普500,3282.33,3225.52,3282.33,3214.68,2.06
2020-02-03,SPX,标普500,3235.66,3248.92,3268.44,3235.66,1.02
2020-02-04,SPX,标普500,3280.61,3297.59,3306.92,3280.61,0.81
2020-02-05,SPX,标普500,3324.91,3334.69,3337.58,3313.75,0.72
2020-02-06,SPX,标普500,3344.92,3345.78,3347.96,3334.39,0.41
2020-02-07,SPX,标普500,3335.54,3327.71,3341.42,3322.12,0.58
2020-02-10,SPX,标普500,3318.28,3352.09,3352.26,3317.77,1.04
2020-02-11,SPX,标普500,3365.87,3357.75,3375.63,3352.72,0.68
2020-02-12,SPX,标普500,3370.5,3379.45,3381.47,3369.72,0.35
2020-02-13,SPX,标普500,3365.9,3373.94,3385.09,3360.52,0.73
2020-02-14,SPX,标普500,3378.08,3380.16,3380.69,3366.15,0.43
2020-02-18,SPX,标普500,3369.04,3370.29,3375.01,3355.61,0.57
2020-02-19,SPX,标普500,3380.39,3386.15,3393.52,3378.83,0.44
2020-02-20,SPX,标普500,3380.45,3373.23,3389.15,3341.02,1.42
2020-02-21,SPX,标普500,3360.5,3337.75,3360.76,3328.45,0.96
2020-02-24,SPX,标普500,3257.61,3225.89,3259.81,3214.65,1.35
2020-02-25,SPX,标普500,3238.94,3128.21,3246.99,3118.77,3.97
2020-02-26,SPX,标普500,3139.9,3116.39,3182.51,3108.99,2.35
2020-02-27,SPX,标普500,3062.54,2978.76,3097.07,2977.39,3.84
2020-02-28,SPX,标普500,2916.9,2954.22,2959.72,2855.84,3.49
2020-03-02,SPX,标普500,2974.28,3090.23,3090.96,2945.19,4.93
2020-03-03,SPX,标普500,3096.46,3003.37,3136.72,2976.63,5.18
2020-03-04,SPX,标普500,3045.75,3130.12,3130.97,3034.38,3.22
2020-03-05,SPX,标普500,3075.7,3023.94,3083.04,2999.83,2.66
2020-03-06,SPX,标普500,2954.2,2972.37,2985.93,2901.54,2.79
2020-03-09,SPX,标普500,2863.89,2746.56,2863.89,2734.43,4.36
2020-03-10,SPX,标普500,2813.48,2882.23,2882.59,2734.0,5.41
2020-03-11,SPX,标普500,2825.6,2741.38,2825.6,2707.22,4.11
2020-03-12,SPX,标普500,2630.86,2480.64,2660.95,2478.86,6.64
2020-03-13,SPX,标普500,2569.99,2711.02,2711.33,2492.37,8.83
2020-03-16,SPX,标普500,2508.59,2386.13,2562.98,2380.94,6.71
2020-03-17,SPX,标普500,2425.66,2529.19,2553.93,2367.04,7.83
2020-03-18,SPX,标普500,2436.5,2398.1,2453.57,2280.52,6.84
2020-03-19,SPX,标普500,2393.48,2409.39,2466.97,2319.78,6.14
2020-03-20,SPX,标普500,2431.94,2304.92,2453.01,2295.56,6.53
2020-03-23,SPX,标普500,2290.71,2237.4,2300.73,2191.86,4.72
2020-03-24,SPX,标普500,2344.44,2447.33,2449.71,2344.44,4.71
2020-03-25,SPX,标普500,2457.77,2475.56,2571.42,2407.53,6.7
2020-03-26,SPX,标普500,2501.29,2630.07,2637.01,2500.72,5.51
2020-03-27,SPX,标普500,2555.87,2541.47,2615.91,2520.02,3.65
2020-03-30,SPX,标普500,2558.98,2626.65,2631.8,2545.28,3.4
2020-03-31,SPX,标普500,2614.69,2584.59,2641.39,2571.15,2.67
2020-04-01,SPX,标普500,2498.08,2470.5,2522.75,2447.49,2.91
2020-04-02,SPX,标普500,2458.54,2526.9,2533.22,2455.79,3.13
2020-04-03,SPX,标普500,2514.92,2488.65,2538.18,2459.96,3.1
2020-04-06,SPX,标普500,2578.28,2663.68,2676.85,2574.57,4.11
2020-04-07,SPX,标普500,2738.65,2659.41,2756.89,2657.67,3.72
2020-04-08,SPX,标普500,2685.0,2749.98,2760.75,2663.3,3.66
2020-04-09,SPX,标普500,2776.99,2789.82,2818.57,2762.36,2.04
2020-04-13,SPX,标普500,2782.46,2761.63,2782.46,2721.17,2.2
2020-04-14,SPX,标普500,2805.1,2846.06,2851.85,2805.1,1.69
2020-04-15,SPX,标普500,2795.64,2783.36,2801.88,2761.54,1.42
2020-04-16,SPX,标普500,2799.34,2799.55,2806.51,2764.32,1.52
2020-04-17,SPX,标普500,2842.43,2874.56,2879.22,2830.88,1.73
2020-04-20,SPX,标普500,2845.62,2823.16,2868.98,2820.43,1.69
2020-04-21,SPX,标普500,2784.81,2736.56,2785.54,2727.1,2.07
2020-04-22,SPX,标普500,2787.89,2799.31,2815.1,2775.95,1.43
2020-04-23,SPX,标普500,2810.42,2797.8,2844.9,2794.26,1.81
2020-04-24,SPX,标普500,2812.64,2836.74,2842.71,2791.76,1.82
2020-04-27,SPX,标普500,2854.65,2878.48,2887.72,2852.89,1.23
2020-04-28,SPX,标普500,2909.96,2863.39,2921.15,2860.71,2.1
2020-04-29,SPX,标普500,2918.46,2939.51,2954.86,2912.16,1.49
2020-04-30,SPX,标普500,2930.91,2912.43,2930.91,2892.47,1.31
2020-05-01,SPX,标普500,2869.09,2830.71,2869.09,2821.61,1.63
2020-05-04,SPX,标普500,2815.01,2842.74,2844.24,2797.85,1.64
2020-05-05,SPX,标普500,2868.88,2868.44,2898.23,2863.55,1.22
2020-05-06,SPX,标普500,2883.14,2848.42,2891.11,2847.65,1.52
2020-05-07,SPX,标普500,2878.26,2881.19,2901.92,2876.48,0.89
2020-05-08,SPX,标普500,2908.83,2929.8,2932.16,2902.88,1.02
2020-05-11,SPX,标普500,2915.46,2930.32,2944.25,2903.44,1.39
2020-05-12,SPX,标普500,2939.5,2870.12,2945.82,2869.59,2.6
2020-05-13,SPX,标普500,2865.86,2820.0,2874.14,2793.15,2.82
2020-05-14,SPX,标普500,2794.54,2852.5,2852.8,2766.64,3.06
2020-05-15,SPX,标普500,2829.95,2863.7,2865.01,2816.78,1.69
2020-05-18,SPX,标普500,2913.86,2953.91,2968.09,2913.86,1.89
2020-05-19,SPX,标普500,2948.59,2922.94,2964.21,2922.35,1.42
2020-05-20,SPX,标普500,2953.63,2971.61,2980.29,2953.63,0.91
2020-05-21,SPX,标普500,2969.95,2948.51,2978.5,2938.57,1.34
2020-05-22,SPX,标普500,2948.05,2955.45,2956.76,2933.59,0.79
2020-05-26,SPX,标普500,3004.08,2991.77,3021.72,2988.17,1.14
2020-05-27,SPX,标普500,3015.65,3036.13,3036.25,2969.75,2.22
2020-05-28,SPX,标普500,3046.61,3029.73,3068.67,3023.4,1.49
2020-05-29,SPX,标普500,3025.17,3044.31,3049.17,2998.61,1.67
2020-06-01,SPX,标普500,3038.78,3055.73,3062.18,3031.54,1.01
2020-06-02,SPX,标普500,3064.78,3080.82,3081.07,3051.64,0.96
2020-06-03,SPX,标普500,3098.9,3122.87,3130.94,3098.9,1.04
2020-06-04,SPX,标普500,3111.56,3112.35,3128.91,3090.41,1.23
2020-06-05,SPX,标普500,3163.84,3193.93,3211.72,3163.84,1.54
2020-06-08,SPX,标普500,3199.92,3232.39,3233.13,3196.0,1.16
2020-06-09,SPX,标普500,3213.32,3207.18,3222.71,3193.11,0.92
2020-06-10,SPX,标普500,3213.42,3190.14,3223.27,3181.49,1.3
2020-06-11,SPX,标普500,3123.53,3002.1,3123.53,2999.49,3.89
2020-06-12,SPX,标普500,3071.04,3041.31,3088.42,2984.47,3.46
2020-06-15,SPX,标普500,2993.76,3066.59,3079.76,2965.66,3.75
2020-06-16,SPX,标普500,3131.0,3124.74,3153.45,3076.06,2.52
2020-06-17,SPX,标普500,3136.13,3113.49,3141.16,3108.03,1.06
2020-06-18,SPX,标普500,3101.64,3115.34,3120.0,3093.51,0.85
2020-06-19,SPX,标普500,3140.29,3097.74,3155.53,3083.11,2.32
2020-06-22,SPX,标普500,3094.42,3117.86,3120.92,3079.39,1.34
2020-06-23,SPX,标普500,3138.7,3131.29,3154.9,3127.12,0.89
2020-06-24,SPX,标普500,3114.4,3050.33,3115.01,3032.13,2.65
2020-06-25,SPX,标普500,3046.6,3083.76,3086.25,3024.01,2.04
2020-06-26,SPX,标普500,3073.2,3009.05,3073.73,3004.63,2.24
2020-06-29,SPX,标普500,3018.59,3053.24,3053.89,2999.74,1.8
2020-06-30,SPX,标普500,3050.2,3100.29,3111.51,3047.83,2.09
2020-07-01,SPX,标普500,3105.92,3115.86,3128.44,3101.17,0.88
2020-07-02,SPX,标普500,3143.64,3130.01,3165.81,3124.52,1.33
2020-07-06,SPX,标普500,3155.29,3179.72,3182.59,3155.29,0.87
2020-07-07,SPX,标普500,3166.44,3145.32,3184.15,3142.93,1.3
2020-07-08,SPX,标普500,3153.07,3169.94,3171.8,3136.53,1.12
2020-07-09,SPX,标普500,3176.17,3152.05,3179.78,3115.7,2.02
2020-07-10,SPX,标普500,3152.47,3185.04,3186.82,3136.22,1.61
2020-07-13,SPX,标普500,3205.08,3155.22,3235.32,3149.43,2.7
2020-07-14,SPX,标普500,3141.11,3197.52,3200.95,3127.66,2.32
2020-07-15,SPX,标普500,3225.98,3226.56,3238.28,3200.76,1.17
2020-07-16,SPX,标普500,3208.36,3215.57,3220.39,3198.59,0.68
2020-07-17,SPX,标普500,3224.21,3224.73,3233.52,3205.65,0.87
2020-07-20,SPX,标普500,3224.29,3251.84,3258.61,3215.16,1.35
2020-07-21,SPX,标普500,3268.52,3257.3,3277.29,3247.77,0.91
2020-07-22,SPX,标普500,3254.86,3276.02,3279.32,3253.1,0.8
2020-07-23,SPX,标普500,3271.64,3235.66,3279.99,3222.66,1.75
2020-07-24,SPX,标普500,3218.58,3215.63,3227.26,3200.05,0.84
2020-07-27,SPX,标普500,3219.84,3239.41,3241.43,3214.25,0.85
2020-07-28,SPX,标普500,3234.27,3218.44,3243.72,3216.17,0.85
2020-07-29,SPX,标普500,3227.22,3258.44,3264.74,3227.22,1.17
2020-07-30,SPX,标普500,3231.76,3246.22,3250.92,3204.13,1.44
2020-07-31,SPX,标普500,3270.45,3271.12,3272.17,3220.26,1.6
2020-08-03,SPX,标普500,3288.26,3294.61,3302.73,3284.53,0.56
2020-08-04,SPX,标普500,3289.92,3306.51,3306.84,3286.37,0.62
2020-08-05,SPX,标普500,3317.37,3327.77,3330.77,3317.37,0.41
2020-08-06,SPX,标普500,3323.17,3349.16,3351.03,3318.14,0.99
2020-08-07,SPX,标普500,3340.05,3351.28,3352.54,3328.72,0.71
2020-08-10,SPX,标普500,3356.04,3360.47,3363.29,3335.44,0.83
2020-08-11,SPX,标普500,3370.34,3333.69,3381.01,3326.44,1.62
2020-08-12,SPX,标普500,3355.46,3380.35,3387.89,3355.46,0.97
2020-08-13,SPX,标普500,3372.95,3373.43,3387.24,3363.35,0.71
2020-08-14,SPX,标普500,3368.66,3372.85,3378.51,3361.64,0.5
2020-08-17,SPX,标普500,3380.86,3381.99,3387.59,3379.22,0.25
2020-08-18,SPX,标普500,3387.04,3389.78,3395.06,3370.15,0.74
2020-08-19,SPX,标普500,3392.51,3374.85,3399.54,3369.66,0.88
2020-08-20,SPX,标普500,3360.48,3385.51,3390.8,3354.69,1.07
2020-08-21,SPX,标普500,3386.01,3397.16,3399.96,3379.31,0.61
2020-08-24,SPX,标普500,3418.09,3431.28,3432.09,3413.13,0.56
2020-08-25,SPX,标普500,3435.95,3443.62,3444.21,3425.84,0.54
2020-08-26,SPX,标普500,3449.97,3478.73,3481.07,3444.15,1.07
2020-08-27,SPX,标普500,3485.14,3484.55,3501.38,3468.35,0.95
2020-08-28,SPX,标普500,3494.69,3508.01,3509.23,3484.32,0.71
2020-08-31,SPX,标普500,3509.73,3500.31,3514.77,3493.25,0.61
2020-09-01,SPX,标普500,3507.44,3526.65,3528.03,3494.6,0.96
2020-09-02,SPX,标普500,3543.76,3580.84,3588.11,3535.23,1.5
2020-09-03,SPX,标普500,3564.74,3455.06,3564.85,3427.41,3.84
2020-09-04,SPX,标普500,3453.6,3426.96,3479.15,3349.63,3.75
2020-09-08,SPX,标普500,3371.88,3331.84,3379.97,3329.27,1.48
2020-09-09,SPX,标普500,3369.82,3398.96,3424.77,3366.84,1.74
2020-09-10,SPX,标普500,3412.56,3339.19,3425.55,3329.25,2.83
2020-09-11,SPX,标普500,3352.7,3340.97,3368.95,3310.47,1.75
2020-09-14,SPX,标普500,3363.56,3383.54,3402.93,3363.56,1.18
2020-09-15,SPX,标普500,3407.73,3401.2,3419.48,3389.25,0.89
2020-09-16,SPX,标普500,3411.23,3385.49,3428.92,3384.45,1.31
2020-09-17,SPX,标普500,3346.86,3357.01,3375.17,3328.82,1.37
2020-09-18,SPX,标普500,3357.38,3319.47,3362.27,3292.4,2.08
2020-09-21,SPX,标普500,3285.57,3281.06,3285.57,3229.1,1.7
2020-09-22,SPX,标普500,3295.75,3315.57,3320.31,3270.95,1.5
2020-09-23,SPX,标普500,3320.11,3236.92,3323.35,3232.57,2.74
2020-09-24,SPX,标普500,3226.14,3246.59,3278.7,3209.45,2.14
2020-09-25,SPX,标普500,3236.66,3298.46,3306.88,3228.44,2.42
2020-09-28,SPX,标普500,3333.9,3351.6,3360.74,3332.91,0.84
2020-09-29,SPX,标普500,3350.92,3335.47,3357.92,3327.54,0.91
2020-09-30,SPX,标普500,3341.21,3363.0,3393.56,3340.47,1.59
2020-10-01,SPX,标普500,3385.87,3380.8,3397.18,3361.39,1.06
2020-10-02,SPX,标普500,3338.94,3348.44,3369.1,3323.69,1.34
2020-10-05,SPX,标普500,3367.27,3408.63,3409.57,3367.27,1.26
2020-10-06,SPX,标普500,3408.74,3360.95,3431.56,3354.54,2.26
2020-10-07,SPX,标普500,3384.56,3419.45,3426.26,3384.56,1.24
2020-10-08,SPX,标普500,3434.28,3446.83,3447.28,3428.15,0.56
2020-10-09,SPX,标普500,3459.67,3477.13,3482.34,3458.07,0.7
2020-10-12,SPX,标普500,3500.02,3534.22,3549.85,3499.61,1.44
2020-10-13,SPX,标普500,3534.01,3511.93,3534.01,3500.86,0.94
2020-10-14,SPX,标普500,3515.47,3488.67,3527.94,3480.55,1.35
2020-10-15,SPX,标普500,3453.72,3483.34,3489.08,3440.89,1.38
2020-10-16,SPX,标普500,3493.5,3483.81,3515.76,3480.45,1.01
2020-10-19,SPX,标普500,3493.66,3426.92,3502.42,3419.93,2.37
2020-10-20,SPX,标普500,3439.38,3443.12,3476.93,3435.65,1.2
2020-10-21,SPX,标普500,3439.91,3435.56,3464.86,3433.06,0.92
2020-10-22,SPX,标普500,3438.5,3453.49,3460.53,3415.34,1.32
2020-10-23,SPX,标普500,3464.9,3465.39,3466.46,3440.45,0.75
2020-10-26,SPX,标普500,3441.42,3400.97,3441.42,3364.86,2.21
2020-10-27,SPX,标普500,3403.15,3390.68,3409.51,3388.71,0.61
2020-10-28,SPX,标普500,3342.48,3271.03,3342.48,3268.89,2.17
2020-10-29,SPX,标普500,3277.17,3310.11,3341.05,3259.82,2.48
2020-10-30,SPX,标普500,3293.59,3269.96,3304.93,3233.94,2.14
2020-11-02,SPX,标普500,3296.2,3310.24,3330.14,3279.74,1.54
2020-11-03,SPX,标普500,3336.25,3369.16,3389.49,3336.25,1.61
2020-11-04,SPX,标普500,3406.46,3443.44,3486.25,3405.17,2.41
2020-11-05,SPX,标普500,3485.74,3510.45,3529.05,3485.74,1.26
2020-11-06,SPX,标普500,3508.34,3509.44,3521.58,3484.34,1.06
2020-11-09,SPX,标普500,3583.04,3550.5,3645.99,3547.48,2.81
2020-11-10,SPX,标普500,3543.26,3545.53,3557.22,3511.91,1.28
2020-11-11,SPX,标普500,3563.22,3572.66,3581.16,3557.0,0.68
2020-11-12,SPX,标普500,3562.67,3537.01,3569.02,3518.58,1.41
2020-11-13,SPX,标普500,3552.57,3585.15,3593.66,3552.57,1.16
2020-11-16,SPX,标普500,3600.16,3626.91,3628.51,3600.16,0.79
2020-11-17,SPX,标普500,3610.31,3609.53,3623.11,3588.68,0.95
2020-11-18,SPX,标普500,3612.09,3567.79,3619.09,3567.33,1.43
2020-11-19,SPX,标普500,3559.41,3581.87,3585.22,3543.84,1.16
2020-11-20,SPX,标普500,3579.31,3557.54,3581.23,3556.85,0.68
2020-11-23,SPX,标普500,3566.82,3577.59,3589.81,3552.77,1.04
2020-11-24,SPX,标普500,3594.52,3635.41,3642.31,3594.52,1.34
2020-11-25,SPX,标普500,3635.5,3629.65,3635.5,3617.76,0.49
2020-11-27,SPX,标普500,3638.55,3638.35,3644.31,3629.33,0.41
2020-11-30,SPX,标普500,3634.18,3621.63,3634.18,3594.39,1.09
2020-12-01,SPX,标普500,3645.87,3662.45,3678.45,3645.87,0.9
2020-12-02,SPX,标普500,3653.78,3669.01,3670.96,3644.84,0.71
2020-12-03,SPX,标普500,3668.28,3666.72,3682.73,3657.17,0.7
2020-12-04,SPX,标普500,3670.94,3699.12,3699.2,3670.94,0.77
2020-12-07,SPX,标普500,3694.73,3691.96,3697.41,3678.88,0.5
2020-12-08,SPX,标普500,3683.05,3702.25,3708.45,3678.83,0.8
2020-12-09,SPX,标普500,3705.98,3672.82,3712.39,3660.54,1.4
2020-12-10,SPX,标普500,3659.13,3668.1,3678.49,3645.18,0.91
2020-12-11,SPX,标普500,3656.08,3663.46,3665.91,3633.4,0.89
2020-12-14,SPX,标普500,3675.27,3647.49,3697.61,3645.84,1.41
2020-12-15,SPX,标普500,3666.41,3694.62,3695.29,3659.62,0.98
2020-12-16,SPX,标普500,3696.25,3701.17,3711.27,3688.57,0.61
2020-12-17,SPX,标普500,3713.65,3722.48,3725.12,3710.87,0.39
2020-12-18,SPX,标普500,3722.39,3709.41,3726.7,3685.84,1.1
2020-12-21,SPX,标普500,3684.28,3694.92,3702.9,3636.48,1.79
2020-12-22,SPX,标普500,3698.08,3687.26,3698.26,3676.16,0.6
2020-12-23,SPX,标普500,3693.42,3690.01,3711.24,3689.28,0.6
2020-12-24,SPX,标普500,3694.03,3703.06,3703.82,3689.32,0.39
2020-12-28,SPX,标普500,3723.03,3735.36,3740.51,3723.03,0.47
2020-12-29,SPX,标普500,3750.01,3727.04,3756.12,3723.31,0.88
2020-12-30,SPX,标普500,3736.19,3732.04,3744.63,3730.21,0.39
2020-12-31,SPX,标普500,3733.27,3756.07,3760.2,3726.88,0.89
2021-01-04,SPX,标普500,3764.61,3700.65,3769.99,3662.71,2.86
2021-01-05,SPX,标普500,3698.02,3726.86,3737.83,3695.07,1.16
2021-01-06,SPX,标普500,3712.2,3748.14,3783.04,3705.34,2.08
2021-01-07,SPX,标普500,3764.71,3803.79,3811.55,3764.71,1.25
2021-01-08,SPX,标普500,3815.05,3824.68,3826.69,3783.6,1.13
2021-01-11,SPX,标普500,3803.14,3799.61,3817.86,3789.02,0.75
2021-01-12,SPX,标普500,3801.62,3801.19,3810.78,3776.51,0.9
2021-01-13,SPX,标普500,3802.23,3809.84,3820.96,3791.5,0.78
2021-01-14,SPX,标普500,3814.98,3795.54,3823.6,3792.86,0.81
2021-01-15,SPX,标普500,3788.73,3768.25,3788.73,3749.62,1.03
2021-01-19,SPX,标普500,3781.88,3798.91,3804.53,3780.37,0.64
2021-01-20,SPX,标普500,3816.22,3851.85,3859.75,3816.22,1.15
2021-01-21,SPX,标普500,3857.46,3853.07,3861.45,3845.05,0.43
2021-01-22,SPX,标普500,3844.24,3841.47,3852.31,3830.41,0.57
2021-01-25,SPX,标普500,3851.68,3855.36,3859.23,3797.16,1.62
2021-01-26,SPX,标普500,3862.96,3849.62,3870.9,3847.78,0.6
2021-01-27,SPX,标普500,3836.83,3750.77,3836.83,3732.48,2.71
2021-01-28,SPX,标普500,3755.75,3787.38,3830.5,3755.75,1.99
2021-01-29,SPX,标普500,3778.05,3714.24,3778.05,3694.12,2.22
2021-02-01,SPX,标普500,3731.17,3773.86,3784.32,3725.62,1.58
2021-02-02,SPX,标普500,3791.84,3826.31,3843.09,3791.84,1.36
2021-02-03,SPX,标普500,3840.27,3830.17,3847.51,3816.68,0.81
2021-02-04,SPX,标普500,3836.66,3871.74,3872.42,3836.66,0.93
2021-02-05,SPX,标普500,3878.3,3886.83,3894.56,3874.93,0.51
2021-02-08,SPX,标普500,3892.59,3915.59,3915.77,3892.59,0.6
2021-02-09,SPX,标普500,3910.49,3911.23,3918.35,3902.64,0.4
2021-02-10,SPX,标普500,3920.78,3909.88,3931.5,3884.94,1.19
2021-02-11,SPX,标普500,3916.4,3916.38,3925.99,3890.39,0.91
2021-02-12,SPX,标普500,3911.65,3934.83,3937.23,3905.78,0.8
2021-02-16,SPX,标普500,3939.61,3932.59,3950.43,3923.85,0.68
2021-02-17,SPX,标普500,3918.5,3931.33,3933.61,3900.43,0.84
2021-02-18,SPX,标普500,3915.86,3913.97,3921.98,3885.03,0.94
2021-02-19,SPX,标普500,3921.16,3906.71,3930.41,3903.07,0.7
2021-02-22,SPX,标普500,3885.55,3876.5,3902.92,3874.71,0.72
2021-02-23,SPX,标普500,3857.07,3881.37,3895.98,3805.59,2.33
2021-02-24,SPX,标普500,3873.71,3925.43,3928.65,3859.6,1.78
2021-02-25,SPX,标普500,3915.8,3829.34,3925.02,3814.04,2.83
2021-02-26,SPX,标普500,3839.66,3811.15,3861.08,3789.54,1.87
2021-03-01,SPX,标普500,3842.51,3901.82,3914.5,3842.51,1.89
2021-03-02,SPX,标普500,3903.64,3870.29,3906.41,3868.57,0.97
2021-03-03,SPX,标普500,3863.99,3819.72,3874.47,3818.86,1.44
2021-03-04,SPX,标普500,3818.53,3768.47,3843.67,3723.34,3.15
2021-03-05,SPX,标普500,3793.58,3841.94,3851.69,3730.19,3.22
2021-03-08,SPX,标普500,3844.39,3821.35,3881.06,3819.25,1.61
2021-03-09,SPX,标普500,3851.93,3875.44,3903.76,3851.93,1.36
2021-03-10,SPX,标普500,3891.99,3898.81,3917.35,3885.73,0.82
2021-03-11,SPX,标普500,3915.54,3939.34,3960.27,3915.54,1.15
2021-03-12,SPX,标普500,3924.52,3943.34,3944.99,3915.21,0.76
2021-03-15,SPX,标普500,3942.96,3968.94,3970.08,3923.54,1.18
2021-03-16,SPX,标普500,3973.59,3962.71,3981.04,3953.44,0.7
2021-03-17,SPX,标普500,3949.57,3974.12,3983.87,3935.74,1.21
2021-03-18,SPX,标普500,3953.5,3915.46,3969.62,3910.86,1.48
2021-03-19,SPX,标普500,3913.14,3913.1,3930.12,3886.75,1.11
2021-03-22,SPX,标普500,3916.48,3940.59,3955.31,3914.16,1.05
2021-03-23,SPX,标普500,3937.6,3910.52,3949.13,3901.57,1.21
2021-03-24,SPX,标普500,3919.93,3889.14,3942.08,3889.07,1.36
2021-03-25,SPX,标普500,3879.34,3909.52,3919.54,3853.5,1.7
2021-03-26,SPX,标普500,3917.12,3974.54,3978.19,3917.12,1.56
2021-03-29,SPX,标普500,3969.31,3971.09,3981.83,3943.25,0.97
2021-03-30,SPX,标普500,3963.34,3958.55,3968.01,3944.35,0.6
2021-03-31,SPX,标普500,3967.25,3972.89,3994.41,3966.98,0.69
2021-04-01,SPX,标普500,3992.78,4019.87,4020.63,3992.78,0.7
2021-04-05,SPX,标普500,4034.44,4077.91,4083.42,4034.44,1.22
2021-04-06,SPX,标普500,4075.57,4073.94,4086.23,4068.14,0.44
2021-04-07,SPX,标普500,4074.29,4079.95,4083.13,4068.31,0.36
2021-04-08,SPX,标普500,4089.95,4097.17,4098.19,4082.54,0.38
2021-04-09,SPX,标普500,4096.11,4128.8,4129.48,4095.51,0.83
2021-04-12,SPX,标普500,4124.71,4127.99,4131.76,4114.82,0.41
2021-04-13,SPX,标普500,4130.1,4141.17,4148.2,4124.0,0.59
2021-04-14,SPX,标普500,4141.58,4124.66,4151.69,4120.87,0.74
2021-04-15,SPX,标普500,4139.76,4170.42,4173.49,4139.76,0.82
2021-04-16,SPX,标普500,4174.14,4185.47,4191.31,4170.75,0.49
2021-04-19,SPX,标普500,4179.8,4163.28,4180.81,4150.47,0.72
2021-04-20,SPX,标普500,4159.18,4134.94,4159.18,4118.38,0.98
2021-04-21,SPX,标普500,4128.42,4173.42,4175.02,4126.35,1.18
2021-04-22,SPX,标普500,4170.46,4134.98,4179.57,4123.69,1.34
2021-04-23,SPX,标普500,4138.78,4180.17,4194.17,4138.78,1.34
2021-04-26,SPX,标普500,4185.03,4187.62,4194.19,4182.36,0.28
2021-04-27,SPX,标普500,4188.25,4186.72,4193.35,4176.22,0.41
2021-04-28,SPX,标普500,4185.14,4183.18,4201.53,4181.78,0.47
2021-04-29,SPX,标普500,4206.14,4211.47,4218.78,4176.81,1.0
2021-04-30,SPX,标普500,4198.1,4181.17,4198.1,4174.85,0.55
2021-05-03,SPX,标普500,4191.98,4192.66,4209.39,4188.03,0.51
2021-05-04,SPX,标普500,4179.04,4164.66,4179.04,4128.59,1.2
2021-05-05,SPX,标普500,4177.06,4167.59,4187.72,4160.94,0.64
2021-05-06,SPX,标普500,4169.14,4201.62,4202.7,4147.33,1.33
2021-05-07,SPX,标普500,4210.34,4232.6,4238.04,4201.64,0.87
2021-05-10,SPX,标普500,4228.29,4188.43,4236.39,4188.13,1.14
2021-05-11,SPX,标普500,4150.34,4152.1,4162.04,4111.53,1.21
2021-05-12,SPX,标普500,4130.55,4063.04,4134.73,4056.88,1.87
2021-05-13,SPX,标普500,4074.99,4112.5,4131.58,4074.99,1.39
2021-05-14,SPX,标普500,4129.58,4173.85,4183.13,4129.58,1.3
2021-05-17,SPX,标普500,4169.92,4163.29,4171.92,4142.69,0.7
2021-05-18,SPX,标普500,4165.94,4127.83,4169.15,4125.99,1.04
2021-05-19,SPX,标普500,4098.45,4115.68,4116.93,4061.41,1.35
2021-05-20,SPX,标普500,4121.97,4159.12,4172.8,4121.97,1.24
2021-05-21,SPX,标普500,4168.61,4155.86,4188.72,4151.72,0.89
2021-05-24,SPX,标普500,4170.16,4197.05,4209.52,4170.16,0.95
2021-05-25,SPX,标普500,4205.94,4188.13,4213.42,4182.52,0.74
2021-05-26,SPX,标普500,4191.59,4195.99,4202.61,4184.11,0.44
2021-05-27,SPX,标普500,4201.94,4200.88,4213.38,4197.78,0.37
2021-05-28,SPX,标普500,4210.77,4204.11,4218.36,4203.57,0.35
2021-06-01,SPX,标普500,4216.52,4202.04,4234.12,4197.59,0.87
2021-06-02,SPX,标普500,4206.82,4208.12,4217.37,4198.27,0.45
2021-06-03,SPX,标普500,4191.43,4192.85,4204.39,4167.93,0.87
2021-06-04,SPX,标普500,4206.05,4229.89,4233.45,4206.05,0.65
2021-06-07,SPX,标普500,4229.34,4226.52,4232.34,4215.66,0.39
2021-06-08,SPX,标普500,4233.81,4227.26,4236.74,4208.41,0.67
2021-06-09,SPX,标普500,4232.99,4219.55,4237.09,4218.74,0.43
2021-06-10,SPX,标普500,4228.56,4239.18,4249.74,4220.34,0.7
2021-06-11,SPX,标普500,4242.9,4247.44,4248.38,4232.25,0.38
2021-06-14,SPX,标普500,4248.31,4255.15,4255.59,4234.07,0.51
2021-06-15,SPX,标普500,4255.28,4246.59,4257.16,4238.35,0.44
2021-06-16,SPX,标普500,4248.87,4223.7,4251.89,4202.45,1.16
2021-06-17,SPX,标普500,4220.37,4221.86,4232.29,4196.05,0.86
2021-06-18,SPX,标普500,4204.78,4166.45,4204.78,4164.4,0.96
2021-06-21,SPX,标普500,4173.4,4224.79,4226.24,4173.4,1.27
2021-06-22,SPX,标普500,4224.61,4246.44,4255.84,4217.27,0.91
2021-06-23,SPX,标普500,4249.27,4241.84,4256.6,4241.43,0.36
2021-06-24,SPX,标普500,4256.97,4266.49,4271.28,4256.97,0.34
2021-06-25,SPX,标普500,4274.45,4280.7,4286.12,4271.16,0.35
2021-06-28,SPX,标普500,4284.9,4290.61,4292.14,4274.67,0.41
2021-06-29,SPX,标普500,4293.21,4291.8,4300.52,4287.04,0.31
2021-06-30,SPX,标普500,4290.65,4297.5,4302.43,4287.96,0.34
2021-07-01,SPX,标普500,4300.73,4319.94,4320.66,4300.73,0.46
2021-07-02,SPX,标普500,4326.6,4352.34,4355.43,4326.6,0.67
2021-07-06,SPX,标普500,4356.46,4343.54,4356.46,4314.37,0.97
2021-07-07,SPX,标普500,4351.01,4358.13,4361.88,4329.79,0.74
2021-07-08,SPX,标普500,4321.07,4320.82,4330.88,4289.37,0.95
2021-07-09,SPX,标普500,4329.38,4369.55,4371.6,4329.38,0.98
2021-07-12,SPX,标普500,4372.41,4384.63,4386.68,4364.03,0.52
2021-07-13,SPX,标普500,4381.07,4369.21,4392.37,4366.92,0.58
2021-07-14,SPX,标普500,4380.11,4374.3,4393.68,4362.36,0.72
2021-07-15,SPX,标普500,4369.02,4360.03,4369.02,4340.7,0.65
2021-07-16,SPX,标普500,4367.43,4327.16,4375.09,4322.53,1.21
2021-07-19,SPX,标普500,4296.4,4258.49,4296.4,4233.13,1.46
2021-07-20,SPX,标普500,4265.11,4323.06,4336.84,4262.05,1.76
2021-07-21,SPX,标普500,4331.13,4358.69,4359.7,4331.13,0.66
2021-07-22,SPX,标普500,4361.27,4367.48,4369.87,4350.06,0.45
2021-07-23,SPX,标普500,4381.2,4411.79,4415.18,4381.2,0.78
2021-07-26,SPX,标普500,4409.58,4422.3,4422.73,4405.45,0.39
2021-07-27,SPX,标普500,4416.38,4401.46,4416.38,4372.51,0.99
2021-07-28,SPX,标普500,4402.95,4400.64,4415.47,4387.01,0.65
2021-07-29,SPX,标普500,4403.59,4419.15,4429.97,4403.59,0.6
2021-07-30,SPX,标普500,4395.12,4395.26,4412.25,4389.65,0.51
2021-08-02,SPX,标普500,4406.86,4387.16,4422.18,4384.81,0.85
2021-08-03,SPX,标普500,4392.74,4423.15,4423.79,4373.0,1.16
2021-08-04,SPX,标普500,4415.95,4402.66,4416.17,4400.23,0.36
2021-08-05,SPX,标普500,4408.86,4429.1,4429.76,4408.86,0.47
2021-08-06,SPX,标普500,4429.07,4436.52,4440.82,4429.07,0.27
2021-08-09,SPX,标普500,4437.77,4432.35,4439.39,4424.74,0.33
2021-08-10,SPX,标普500,4435.79,4436.75,4445.21,4430.03,0.34
2021-08-11,SPX,标普500,4442.18,4447.7,4449.44,4436.42,0.29
2021-08-12,SPX,标普500,4446.08,4460.83,4461.77,4435.96,0.58
2021-08-13,SPX,标普500,4464.84,4468.0,4468.37,4460.82,0.17
2021-08-16,SPX,标普500,4461.65,4479.71,4480.26,4437.66,0.95
2021-08-17,SPX,标普500,4462.12,4448.08,4462.12,4417.83,0.99
2021-08-18,SPX,标普500,4440.94,4400.27,4454.32,4397.59,1.28
2021-08-19,SPX,标普500,4382.44,4405.8,4418.61,4367.73,1.16
2021-08-20,SPX,标普500,4410.56,4441.67,4444.35,4406.8,0.85
2021-08-23,SPX,标普500,4450.29,4479.53,4489.88,4450.29,0.89
2021-08-24,SPX,标普500,4484.4,4486.23,4492.81,4482.28,0.24
2021-08-25,SPX,标普500,4490.45,4496.19,4501.71,4485.66,0.36
2021-08-26,SPX,标普500,4493.75,4470.0,4495.9,4468.99,0.6
2021-08-27,SPX,标普500,4474.1,4509.37,4513.33,4474.1,0.88
2021-08-30,SPX,标普500,4513.76,4528.79,4537.36,4513.76,0.52
2021-08-31,SPX,标普500,4529.75,4522.68,4531.39,4515.8,0.34
2021-09-01,SPX,标普500,4528.8,4524.09,4537.11,4522.02,0.33
2021-09-02,SPX,标普500,4534.48,4536.95,4545.85,4524.66,0.47
2021-09-03,SPX,标普500,4532.42,4535.43,4541.45,4521.3,0.44
2021-09-07,SPX,标普500,4535.38,4520.03,4535.38,4513.0,0.49
2021-09-08,SPX,标普500,4518.09,4514.07,4521.79,4493.95,0.62
2021-09-09,SPX,标普500,4513.02,4493.28,4529.9,4492.07,0.84
2021-09-10,SPX,标普500,4506.92,4458.58,4520.47,4457.66,1.4
2021-09-13,SPX,标普500,4474.81,4468.73,4492.99,4445.7,1.06
2021-09-14,SPX,标普500,4479.33,4443.05,4485.68,4435.46,1.12
2021-09-15,SPX,标普500,4447.49,4480.7,4486.87,4438.37,1.09
2021-09-16,SPX,标普500,4477.09,4473.75,4485.87,4443.8,0.94
2021-09-17,SPX,标普500,4469.74,4432.99,4471.52,4427.76,0.98
2021-09-20,SPX,标普500,4402.95,4357.73,4402.95,4305.91,2.19
2021-09-21,SPX,标普500,4374.45,4354.19,4394.87,4347.96,1.08
2021-09-22,SPX,标普500,4367.43,4395.64,4416.75,4367.43,1.13
2021-09-23,SPX,标普500,4406.75,4448.98,4465.4,4406.75,1.33
2021-09-24,SPX,标普500,4438.04,4455.48,4463.12,4430.27,0.74
2021-09-27,SPX,标普500,4442.12,4443.11,4457.3,4436.19,0.47
2021-09-28,SPX,标普500,4419.54,4352.63,4419.54,4346.33,1.65
2021-09-29,SPX,标普500,4362.41,4359.46,4385.57,4355.08,0.7
2021-09-30,SPX,标普500,4370.67,4307.54,4382.55,4306.24,1.75
2021-10-01,SPX,标普500,4317.16,4357.04,4375.19,4288.52,2.01
2021-10-04,SPX,标普500,4348.84,4300.46,4355.51,4278.94,1.76
2021-10-05,SPX,标普500,4309.87,4345.72,4369.23,4309.87,1.38
2021-10-06,SPX,标普500,4319.57,4363.55,4365.57,4290.49,1.73
2021-10-07,SPX,标普500,4383.73,4399.76,4429.97,4383.73,1.06
2021-10-08,SPX,标普500,4406.51,4391.34,4412.02,4386.22,0.59
2021-10-11,SPX,标普500,4385.44,4361.19,4415.88,4360.59,1.26
2021-10-12,SPX,标普500,4368.31,4350.65,4374.89,4342.09,0.75
2021-10-13,SPX,标普500,4358.01,4363.8,4372.87,4329.92,0.99
2021-10-14,SPX,标普500,4386.75,4438.26,4439.73,4386.75,1.21
2021-10-15,SPX,标普500,4447.69,4471.37,4475.82,4447.69,0.63
2021-10-18,SPX,标普500,4463.72,4486.46,4488.75,4447.47,0.92
2021-10-19,SPX,标普500,4497.34,4519.63,4520.4,4496.41,0.53
2021-10-20,SPX,标普500,4524.42,4536.19,4540.87,4524.4,0.36
2021-10-21,SPX,标普500,4532.24,4549.78,4551.44,4526.89,0.54
2021-10-22,SPX,标普500,4546.12,4544.9,4559.67,4524.0,0.78
2021-10-25,SPX,标普500,4553.69,4566.48,4572.62,4537.36,0.78
2021-10-26,SPX,标普500,4578.69,4574.79,4598.53,4569.17,0.64
2021-10-27,SPX,标普500,4580.22,4551.68,4584.57,4551.66,0.72
2021-10-28,SPX,标普500,4562.84,4596.42,4597.55,4562.84,0.76
2021-10-29,SPX,标普500,4572.87,4605.38,4608.08,4567.59,0.88
2021-11-01,SPX,标普500,4610.62,4613.67,4620.34,4595.06,0.55
2021-11-02,SPX,标普500,4613.34,4630.65,4635.15,4613.34,0.47
2021-11-03,SPX,标普500,4630.65,4660.57,4663.46,4621.19,0.91
2021-11-04,SPX,标普500,4662.93,4680.06,4683.0,4662.59,0.44
2021-11-05,SPX,标普500,4699.26,4697.53,4718.5,4681.32,0.79
2021-11-08,SPX,标普500,4701.48,4701.7,4714.92,4694.39,0.44
2021-11-09,SPX,标普500,4707.25,4685.25,4708.53,4670.87,0.8
2021-11-10,SPX,标普500,4670.26,4646.71,4684.85,4630.86,1.15
2021-11-11,SPX,标普500,4659.39,4649.27,4664.55,4648.31,0.35
2021-11-12,SPX,标普500,4655.24,4682.85,4688.47,4650.77,0.81
2021-11-15,SPX,标普500,4689.3,4682.8,4697.42,4672.86,0.52
2021-11-16,SPX,标普500,4679.42,4700.9,4714.95,4679.42,0.76
2021-11-17,SPX,标普500,4701.5,4688.67,4701.5,4684.41,0.36
2021-11-18,SPX,标普500,4700.72,4704.54,4708.8,4672.78,0.77
2021-11-19,SPX,标普500,4708.44,4697.96,4717.75,4694.22,0.5
2021-11-22,SPX,标普500,4712.0,4682.94,4743.83,4682.17,1.31
2021-11-23,SPX,标普500,4678.48,4690.7,4699.39,4652.66,1.0
2021-11-24,SPX,标普500,4675.78,4701.46,4702.87,4659.89,0.92
2021-11-26,SPX,标普500,4664.63,4594.62,4664.63,4585.43,1.68
2021-11-29,SPX,标普500,4628.75,4655.27,4672.95,4625.26,1.04
2021-11-30,SPX,标普500,4640.25,4567.0,4646.02,4560.0,1.85
2021-12-01,SPX,标普500,4602.82,4513.04,4652.94,4510.27,3.12
2021-12-02,SPX,标普500,4504.73,4577.1,4595.46,4504.73,2.01
2021-12-03,SPX,标普500,4589.49,4538.43,4608.03,4495.12,2.47
2021-12-06,SPX,标普500,4548.37,4591.67,4612.6,4540.51,1.59
2021-12-07,SPX,标普500,4631.97,4686.75,4694.04,4631.97,1.35
2021-12-08,SPX,标普500,4690.86,4701.21,4705.06,4674.52,0.65
2021-12-09,SPX,标普500,4691.0,4667.45,4695.26,4665.98,0.62
2021-12-10,SPX,标普500,4687.64,4712.02,4713.57,4670.24,0.93
2021-12-13,SPX,标普500,4710.3,4668.97,4710.3,4667.6,0.91
2021-12-14,SPX,标普500,4642.99,4634.09,4660.47,4606.52,1.16
2021-12-15,SPX,标普500,4636.46,4709.85,4712.6,4611.22,2.19
2021-12-16,SPX,标普500,4719.13,4668.67,4731.99,4651.89,1.7
2021-12-17,SPX,标普500,4652.5,4620.64,4666.7,4600.22,1.42
2021-12-20,SPX,标普500,4587.9,4568.02,4587.9,4531.1,1.23
2021-12-21,SPX,标普500,4594.96,4649.23,4651.14,4583.16,1.49
2021-12-22,SPX,标普500,4650.36,4696.56,4697.67,4645.53,1.12
2021-12-23,SPX,标普500,4703.96,4725.79,4740.74,4703.96,0.78
2021-12-27,SPX,标普500,4733.99,4791.19,4791.49,4733.99,1.22
2021-12-28,SPX,标普500,4795.49,4786.35,4807.02,4780.04,0.56
2021-12-29,SPX,标普500,4788.64,4793.06,4804.06,4778.08,0.54
2021-12-30,SPX,标普500,4794.23,4778.73,4808.93,4775.33,0.7
2021-12-31,SPX,标普500,4775.21,4766.18,4786.83,4765.75,0.44
2022-01-03,SPX,标普500,4778.14,4796.56,4796.64,4758.17,0.81
2022-01-04,SPX,标普500,4804.51,4793.54,4818.62,4774.27,0.92
2022-01-05,SPX,标普500,4787.99,4700.58,4797.7,4699.44,2.05
2022-01-06,SPX,标普500,4693.39,4696.05,4725.01,4671.26,1.14
2022-01-07,SPX,标普500,4697.66,4677.03,4707.95,4662.74,0.96
2022-01-10,SPX,标普500,4655.34,4670.29,4673.02,4582.24,1.94
2022-01-11,SPX,标普500,4669.14,4713.07,4714.13,4638.27,1.62
2022-01-12,SPX,标普500,4728.59,4726.35,4748.83,4706.71,0.89
2022-01-13,SPX,标普500,4733.56,4659.03,4744.13,4650.29,1.99
2022-01-14,SPX,标普500,4637.99,4662.85,4665.13,4614.75,1.08
2022-01-18,SPX,标普500,4632.24,4577.11,4632.24,4568.7,1.36
2022-01-19,SPX,标普500,4588.03,4532.76,4611.55,4530.2,1.78
2022-01-20,SPX,标普500,4547.35,4482.73,4602.11,4477.95,2.74
2022-01-21,SPX,标普500,4471.38,4397.94,4494.52,4395.34,2.21
2022-01-24,SPX,标普500,4356.32,4410.13,4417.35,4222.62,4.43
2022-01-25,SPX,标普500,4366.64,4356.45,4411.01,4287.11,2.81
2022-01-26,SPX,标普500,4408.43,4349.93,4453.23,4304.8,3.41
2022-01-27,SPX,标普500,4380.58,4326.51,4428.74,4309.5,2.74
2022-01-28,SPX,标普500,4336.19,4431.85,4432.72,4292.46,3.24
2022-01-31,SPX,标普500,4431.79,4515.55,4516.89,4414.02,2.32
2022-02-01,SPX,标普500,4519.57,4546.54,4550.49,4483.53,1.48
2022-02-02,SPX,标普500,4566.39,4589.38,4595.31,4544.32,1.12
2022-02-03,SPX,标普500,4535.41,4477.44,4542.88,4470.39,1.58
2022-02-04,SPX,标普500,4482.79,4500.53,4539.66,4451.5,1.97
2022-02-07,SPX,标普500,4505.75,4483.87,4521.86,4471.47,1.12
2022-02-08,SPX,标普500,4480.02,4521.54,4531.32,4465.4,1.47
2022-02-09,SPX,标普500,4547.0,4587.18,4590.03,4547.0,0.95
2022-02-10,SPX,标普500,4553.24,4504.08,4588.92,4484.31,2.28
2022-02-11,SPX,标普500,4506.27,4418.64,4526.33,4401.41,2.77
2022-02-14,SPX,标普500,4412.61,4401.67,4426.22,4364.84,1.39
2022-02-15,SPX,标普500,4429.28,4471.07,4472.77,4429.28,0.99
2022-02-16,SPX,标普500,4455.75,4475.01,4489.55,4429.68,1.34
2022-02-17,SPX,标普500,4456.06,4380.26,4456.06,4373.81,1.84
2022-02-18,SPX,标普500,4384.57,4348.87,4394.6,4327.22,1.54
2022-02-22,SPX,标普500,4332.74,4304.76,4362.12,4267.11,2.18
2022-02-23,SPX,标普500,4324.93,4225.5,4341.51,4221.51,2.79
2022-02-24,SPX,标普500,4155.77,4288.7,4294.73,4114.65,4.26
2022-02-25,SPX,标普500,4298.38,4384.65,4385.34,4286.83,2.3
2022-02-28,SPX,标普500,4354.17,4373.94,4388.84,4315.12,1.68
2022-03-01,SPX,标普500,4363.14,4306.26,4378.45,4279.54,2.26
2022-03-02,SPX,标普500,4322.56,4386.54,4401.48,4322.56,1.83
2022-03-03,SPX,标普500,4401.31,4363.49,4416.78,4345.56,1.62
2022-03-04,SPX,标普500,4342.12,4328.87,4342.12,4284.98,1.31
2022-03-07,SPX,标普500,4327.01,4201.09,4327.01,4199.85,2.94
2022-03-08,SPX,标普500,4202.66,4170.7,4276.94,4157.87,2.83
2022-03-09,SPX,标普500,4223.1,4277.88,4299.4,4223.1,1.83
2022-03-10,SPX,标普500,4252.55,4259.52,4268.28,4209.8,1.37
2022-03-11,SPX,标普500,4279.5,4204.31,4291.01,4200.49,2.13
2022-03-14,SPX,标普500,4202.75,4173.11,4247.57,4161.72,2.04
2022-03-15,SPX,标普500,4188.82,4262.45,4271.05,4187.9,1.99
2022-03-16,SPX,标普500,4288.14,4357.86,4358.9,4251.99,2.51
2022-03-17,SPX,标普500,4345.11,4411.67,4412.67,4335.65,1.77
2022-03-18,SPX,标普500,4407.34,4463.12,4465.4,4390.57,1.7
2022-03-21,SPX,标普500,4462.4,4461.18,4481.75,4424.3,1.29
2022-03-22,SPX,标普500,4469.1,4511.61,4522.0,4469.1,1.19
2022-03-23,SPX,标普500,4493.1,4456.24,4501.07,4455.81,1.0
2022-03-24,SPX,标普500,4469.98,4520.16,4520.58,4465.17,1.24
2022-03-25,SPX,标普500,4522.91,4543.06,4546.03,4501.07,0.99
2022-03-28,SPX,标普500,4541.09,4575.52,4575.65,4517.69,1.28
2022-03-29,SPX,标普500,4602.86,4631.6,4637.3,4589.66,1.04
2022-03-30,SPX,标普500,4624.2,4602.45,4627.77,4581.32,1.0
2022-03-31,SPX,标普500,4599.02,4530.41,4603.07,4530.41,1.58
2022-04-01,SPX,标普500,4540.32,4545.86,4548.7,4507.57,0.91
2022-04-04,SPX,标普500,4547.97,4582.64,4583.5,4539.21,0.97
2022-04-05,SPX,标普500,4572.45,4525.12,4593.45,4514.17,1.73
2022-04-06,SPX,标普500,4494.17,4481.15,4503.94,4450.04,1.19
2022-04-07,SPX,标普500,4474.65,4500.21,4521.16,4450.3,1.58
2022-04-08,SPX,标普500,4494.15,4488.28,4520.41,4474.6,1.02
2022-04-11,SPX,标普500,4462.64,4412.53,4464.35,4408.38,1.25
2022-04-12,SPX,标普500,4437.59,4397.45,4471.0,4381.34,2.03
2022-04-13,SPX,标普500,4394.3,4446.59,4453.92,4392.7,1.39
2022-04-14,SPX,标普500,4449.12,4392.59,4460.46,4390.77,1.57
2022-04-18,SPX,标普500,4385.63,4391.69,4410.31,4370.3,0.91
2022-04-19,SPX,标普500,4390.63,4462.21,4471.03,4390.63,1.83
2022-04-20,SPX,标普500,4472.26,4459.45,4488.29,4448.76,0.89
2022-04-21,SPX,标普500,4489.17,4393.66,4512.94,4384.47,2.88
2022-04-22,SPX,标普500,4385.83,4271.78,4385.83,4267.62,2.69
2022-04-25,SPX,标普500,4255.34,4296.12,4299.02,4200.82,2.3
2022-04-26,SPX,标普500,4278.14,4175.2,4278.14,4175.04,2.4
2022-04-27,SPX,标普500,4186.52,4183.96,4240.71,4162.9,1.86
2022-04-28,SPX,标普500,4222.58,4287.5,4308.45,4188.63,2.86
2022-04-29,SPX,标普500,4253.75,4131.93,4269.68,4124.28,3.39
2022-05-02,SPX,标普500,4130.61,4155.38,4169.81,4062.51,2.6
2022-05-03,SPX,标普500,4159.78,4175.48,4200.1,4147.08,1.28
2022-05-04,SPX,标普500,4181.18,4300.17,4307.66,4148.91,3.8
2022-05-05,SPX,标普500,4270.43,4146.87,4270.43,4106.01,3.82
2022-05-06,SPX,标普500,4128.17,4123.34,4157.69,4067.91,2.17
2022-05-09,SPX,标普500,4081.27,3991.24,4081.27,3975.48,2.57
2022-05-10,SPX,标普500,4035.18,4001.05,4068.82,3958.17,2.77
2022-05-11,SPX,标普500,3990.08,3935.18,4049.09,3928.82,3.01
2022-05-12,SPX,标普500,3903.95,3930.08,3964.8,3858.87,2.69
2022-05-13,SPX,标普500,3963.9,4023.89,4038.88,3963.9,1.91
2022-05-16,SPX,标普500,4013.02,4008.01,4046.46,3983.99,1.55
2022-05-17,SPX,标普500,4052.0,4088.85,4090.72,4033.93,1.42
2022-05-18,SPX,标普500,4051.98,3923.68,4051.98,3911.91,3.43
2022-05-19,SPX,标普500,3899.0,3900.79,3945.96,3876.58,1.77
2022-05-20,SPX,标普500,3927.76,3901.36,3943.42,3810.32,3.41
2022-05-23,SPX,标普500,3919.42,3973.75,3981.88,3909.04,1.87
2022-05-24,SPX,标普500,3942.94,3941.48,3955.68,3875.13,2.03
2022-05-25,SPX,标普500,3929.59,3978.73,3999.33,3925.03,1.89
2022-05-26,SPX,标普500,3984.6,4057.84,4075.14,3984.6,2.28
2022-05-27,SPX,标普500,4077.43,4158.24,4158.49,4077.43,2.0
2022-05-31,SPX,标普500,4151.09,4132.15,4168.34,4104.88,1.53
2022-06-01,SPX,标普500,4149.78,4101.23,4166.54,4073.85,2.24
2022-06-02,SPX,标普500,4095.41,4176.82,4177.51,4074.37,2.51
2022-06-03,SPX,标普500,4137.57,4108.54,4142.67,4098.67,1.05
2022-06-06,SPX,标普500,4134.72,4121.43,4168.78,4109.18,1.45
2022-06-07,SPX,标普500,4096.47,4160.68,4164.86,4080.19,2.05
2022-06-08,SPX,标普500,4147.12,4115.77,4160.14,4107.2,1.27
2022-06-09,SPX,标普500,4101.65,4017.82,4119.1,4017.17,2.48
2022-06-10,SPX,标普500,3974.39,3900.86,3974.39,3900.16,1.85
2022-06-13,SPX,标普500,3838.15,3749.63,3838.15,3734.3,2.66
2022-06-14,SPX,标普500,3763.52,3735.48,3778.18,3705.68,1.93
2022-06-15,SPX,标普500,3764.05,3789.99,3837.56,3722.3,3.09
2022-06-16,SPX,标普500,3728.18,3666.77,3728.18,3639.77,2.33
2022-06-17,SPX,标普500,3665.9,3674.84,3707.71,3636.87,1.93
2022-06-21,SPX,标普500,3715.31,3764.79,3779.65,3715.31,1.75
2022-06-22,SPX,标普500,3733.89,3759.89,3801.79,3717.69,2.23
2022-06-23,SPX,标普500,3774.71,3795.73,3802.58,3743.52,1.57
2022-06-24,SPX,标普500,3821.75,3911.74,3913.65,3821.75,2.42
2022-06-27,SPX,标普500,3920.76,3900.11,3927.72,3889.66,0.97
2022-06-28,SPX,标普500,3913.0,3821.55,3945.86,3820.14,3.22
2022-06-29,SPX,标普500,3825.09,3818.83,3836.5,3799.02,0.98
2022-06-30,SPX,标普500,3785.99,3785.38,3818.99,3738.67,2.1
2022-07-01,SPX,标普500,3781.0,3825.33,3829.82,3752.1,2.05
2022-07-05,SPX,标普500,3792.61,3831.39,3832.19,3742.06,2.36
2022-07-06,SPX,标普500,3831.98,3845.08,3870.91,3809.37,1.61
2022-07-07,SPX,标普500,3858.85,3902.62,3910.63,3858.85,1.35
2022-07-08,SPX,标普500,3888.26,3899.38,3918.5,3869.34,1.26
2022-07-11,SPX,标普500,3880.94,3854.43,3880.94,3847.22,0.86
2022-07-12,SPX,标普500,3851.95,3818.8,3873.41,3802.36,1.84
2022-07-13,SPX,标普500,3779.67,3801.78,3829.44,3759.07,1.84
2022-07-14,SPX,标普500,3763.99,3790.38,3796.41,3721.56,1.97
2022-07-15,SPX,标普500,3818.0,3863.16,3863.62,3817.18,1.23
2022-07-18,SPX,标普500,3883.79,3830.85,3902.44,3818.63,2.17
2022-07-19,SPX,标普500,3860.73,3936.69,3939.81,3860.73,2.06
2022-07-20,SPX,标普500,3935.32,3959.9,3974.13,3922.03,1.32
2022-07-21,SPX,标普500,3955.47,3998.95,3999.29,3927.64,1.81
2022-07-22,SPX,标普500,3998.43,3961.63,4012.44,3938.86,1.84
2022-07-25,SPX,标普500,3965.72,3966.84,3975.3,3943.46,0.8
2022-07-26,SPX,标普500,3953.22,3921.05,3953.22,3910.74,1.07
2022-07-27,SPX,标普500,3951.43,4023.61,4039.56,3951.43,2.25
2022-07-28,SPX,标普500,4026.13,4072.43,4078.95,3992.97,2.14
2022-07-29,SPX,标普500,4087.33,4130.29,4140.15,4079.22,1.5
2022-08-01,SPX,标普500,4112.38,4118.63,4144.95,4096.02,1.18
2022-08-02,SPX,标普500,4104.21,4091.19,4140.47,4079.81,1.47
2022-08-03,SPX,标普500,4107.96,4155.17,4167.66,4107.96,1.46
2022-08-04,SPX,标普500,4154.85,4151.94,4161.29,4135.42,0.62
2022-08-05,SPX,标普500,4115.87,4145.19,4151.58,4107.31,1.07
2022-08-08,SPX,标普500,4155.93,4140.06,4186.62,4128.97,1.39
2022-08-09,SPX,标普500,4133.11,4122.47,4137.3,4112.09,0.61
2022-08-10,SPX,标普500,4181.02,4210.24,4211.03,4177.26,0.82
2022-08-11,SPX,标普500,4227.4,4207.27,4257.91,4201.41,1.34
2022-08-12,SPX,标普500,4225.02,4280.15,4280.47,4219.78,1.44
2022-08-15,SPX,标普500,4269.37,4297.14,4301.79,4256.9,1.05
2022-08-16,SPX,标普500,4290.46,4305.2,4325.28,4277.77,1.11
2022-08-17,SPX,标普500,4280.4,4274.04,4302.18,4253.08,1.14
2022-08-18,SPX,标普500,4273.13,4283.74,4292.53,4261.98,0.71
2022-08-19,SPX,标普500,4266.31,4228.48,4266.31,4218.7,1.11
2022-08-22,SPX,标普500,4195.08,4137.99,4195.08,4129.86,1.54
2022-08-23,SPX,标普500,4133.09,4128.73,4159.77,4124.03,0.86
2022-08-24,SPX,标普500,4126.55,4140.77,4156.56,4119.97,0.89
2022-08-25,SPX,标普500,4153.26,4199.12,4200.54,4147.59,1.28
2022-08-26,SPX,标普500,4198.74,4057.66,4203.04,4057.66,3.46
2022-08-29,SPX,标普500,4034.58,4030.61,4062.99,4017.42,1.12
2022-08-30,SPX,标普500,4041.25,3986.16,4044.98,3965.21,1.98
2022-08-31,SPX,标普500,4000.67,3955.0,4015.37,3954.53,1.53
2022-09-01,SPX,标普500,3936.73,3966.85,3970.23,3903.65,1.68
2022-09-02,SPX,标普500,3994.66,3924.26,4018.43,3906.21,2.83
2022-09-06,SPX,标普500,3930.89,3908.19,3942.55,3886.75,1.42
2022-09-07,SPX,标普500,3909.43,3979.87,3987.89,3906.03,2.09
2022-09-08,SPX,标普500,3959.94,4006.18,4010.5,3944.81,1.65
2022-09-09,SPX,标普500,4022.94,4067.36,4076.81,4022.94,1.34
2022-09-12,SPX,标普500,4083.67,4110.41,4119.28,4083.67,0.88
2022-09-13,SPX,标普500,4037.12,3932.69,4037.12,3921.28,2.82
2022-09-14,SPX,标普500,3940.73,3946.01,3961.94,3912.18,1.27
2022-09-15,SPX,标普500,3932.41,3901.35,3959.14,3888.28,1.8
2022-09-16,SPX,标普500,3880.95,3873.33,3880.95,3837.08,1.12
2022-09-19,SPX,标普500,3849.91,3899.89,3900.45,3838.5,1.6
2022-09-20,SPX,标普500,3875.23,3855.93,3876.01,3827.54,1.24
2022-09-21,SPX,标普500,3871.4,3789.93,3907.07,3789.49,3.05
2022-09-22,SPX,标普500,3782.36,3757.99,3790.9,3749.45,1.09
2022-09-23,SPX,标普500,3727.14,3693.23,3727.14,3647.47,2.12
2022-09-26,SPX,标普500,3682.72,3655.04,3715.67,3644.76,1.92
2022-09-27,SPX,标普500,3686.44,3647.29,3717.53,3623.29,2.58
2022-09-28,SPX,标普500,3651.94,3719.04,3736.74,3640.61,2.64
2022-09-29,SPX,标普500,3687.01,3640.47,3687.01,3610.4,2.06
2022-09-30,SPX,标普500,3633.48,3585.62,3671.44,3584.13,2.4
2022-10-03,SPX,标普500,3609.78,3678.43,3698.35,3604.93,2.61
2022-10-04,SPX,标普500,3726.46,3790.93,3791.92,3726.46,1.78
2022-10-05,SPX,标普500,3753.25,3783.28,3806.91,3722.66,2.22
2022-10-06,SPX,标普500,3771.97,3744.52,3797.93,3739.22,1.55
2022-10-07,SPX,标普500,3706.74,3639.66,3706.74,3620.73,2.3
2022-10-10,SPX,标普500,3647.51,3612.39,3652.17,3588.1,1.76
2022-10-11,SPX,标普500,3595.86,3588.84,3640.66,3568.45,2.0
2022-10-12,SPX,标普500,3590.83,3577.03,3608.34,3573.86,0.96
2022-10-13,SPX,标普500,3520.37,3669.91,3685.41,3491.58,5.42
2022-10-14,SPX,标普500,3690.41,3583.07,3712.0,3579.68,3.61
2022-10-17,SPX,标普500,3644.24,3677.95,3689.73,3638.65,1.43
2022-10-18,SPX,标普500,3746.26,3719.98,3762.79,3686.53,2.07
2022-10-19,SPX,标普500,3703.11,3695.16,3728.58,3666.51,1.67
2022-10-20,SPX,标普500,3689.05,3665.78,3736.0,3656.44,2.15
2022-10-21,SPX,标普500,3657.1,3752.75,3757.89,3647.42,3.01
2022-10-24,SPX,标普500,3762.01,3797.34,3810.74,3741.65,1.84
2022-10-25,SPX,标普500,3799.44,3859.11,3862.85,3799.44,1.67
2022-10-26,SPX,标普500,3825.97,3830.6,3886.15,3824.07,1.61
2022-10-27,SPX,标普500,3834.69,3807.3,3859.95,3803.79,1.47
2022-10-28,SPX,标普500,3808.26,3901.06,3905.42,3808.26,2.55
2022-10-31,SPX,标普500,3881.85,3871.98,3893.73,3863.18,0.78
2022-11-01,SPX,标普500,3901.79,3856.1,3911.79,3843.8,1.76
2022-11-02,SPX,标普500,3852.9,3759.69,3894.44,3758.68,3.52
2022-11-03,SPX,标普500,3733.25,3719.89,3750.59,3698.15,1.39
2022-11-04,SPX,标普500,3766.98,3770.55,3796.34,3708.84,2.35
2022-11-07,SPX,标普500,3780.71,3806.8,3813.95,3764.7,1.31
2022-11-08,SPX,标普500,3817.02,3828.11,3859.4,3786.28,1.92
2022-11-09,SPX,标普500,3810.94,3748.57,3818.2,3744.22,1.93
2022-11-10,SPX,标普500,3859.89,3956.37,3958.33,3859.89,2.63
2022-11-11,SPX,标普500,3963.72,3992.93,4001.48,3944.82,1.43
2022-11-14,SPX,标普500,3977.97,3957.25,4008.97,3956.4,1.32
2022-11-15,SPX,标普500,4006.41,3991.73,4028.84,3953.17,1.91
2022-11-16,SPX,标普500,3976.82,3958.79,3983.09,3954.34,0.72
2022-11-17,SPX,标普500,3919.26,3946.56,3954.33,3906.54,1.21
2022-11-18,SPX,标普500,3966.39,3965.34,3979.89,3935.98,1.11
2022-11-21,SPX,标普500,3956.23,3949.94,3962.0,3933.34,0.72
2022-11-22,SPX,标普500,3965.51,4003.58,4005.88,3956.88,1.24
2022-11-23,SPX,标普500,4000.3,4027.26,4033.78,3998.66,0.88
2022-11-25,SPX,标普500,4023.34,4026.12,4034.02,4020.76,0.33
2022-11-28,SPX,标普500,4005.36,3963.94,4012.27,3955.77,1.4
2022-11-29,SPX,标普500,3964.19,3957.63,3976.77,3937.65,0.99
2022-11-30,SPX,标普500,3957.18,4080.11,4080.11,3938.58,3.58
2022-12-01,SPX,标普500,4087.14,4076.57,4100.51,4050.87,1.22
2022-12-02,SPX,标普500,4040.17,4071.7,4080.48,4026.63,1.32
2022-12-05,SPX,标普500,4052.02,3998.84,4052.45,3984.49,1.67
2022-12-06,SPX,标普500,3996.63,3941.26,4001.51,3918.39,2.08
2022-12-07,SPX,标普500,3933.28,3933.92,3957.57,3922.68,0.89
2022-12-08,SPX,标普500,3947.79,3963.51,3974.19,3935.83,0.98
2022-12-09,SPX,标普500,3954.17,3934.38,3977.02,3933.04,1.11
2022-12-12,SPX,标普500,3939.29,3990.56,3990.71,3935.3,1.41
2022-12-13,SPX,标普500,4069.38,4019.65,4100.96,3993.03,2.7
2022-12-14,SPX,标普500,4015.54,3995.32,4053.76,3965.65,2.19
2022-12-15,SPX,标普500,3958.37,3895.75,3958.37,3879.45,1.98
2022-12-16,SPX,标普500,3890.91,3852.36,3890.91,3827.91,1.62
2022-12-19,SPX,标普500,3853.79,3817.66,3854.86,3800.04,1.42
2022-12-20,SPX,标普500,3810.47,3821.62,3838.24,3795.62,1.12
2022-12-21,SPX,标普500,3839.49,3878.44,3889.82,3839.49,1.32
2022-12-22,SPX,标普500,3853.26,3822.39,3853.26,3764.49,2.29
2022-12-23,SPX,标普500,3815.11,3844.82,3845.8,3797.01,1.28
2022-12-27,SPX,标普500,3843.34,3829.25,3846.65,3813.22,0.87
2022-12-28,SPX,标普500,3829.56,3783.22,3848.32,3780.78,1.76
2022-12-29,SPX,标普500,3805.45,3849.28,3858.19,3805.45,1.39
2022-12-30,SPX,标普500,3829.06,3839.5,3839.85,3800.34,1.03
2023-01-03,SPX,标普500,3853.29,3824.14,3878.46,3794.33,2.19
2023-01-04,SPX,标普500,3840.36,3852.97,3873.16,3815.77,1.5
2023-01-05,SPX,标普500,3839.74,3808.1,3839.74,3802.42,0.97
2023-01-06,SPX,标普500,3823.37,3895.08,3906.19,3809.56,2.54
2023-01-09,SPX,标普500,3910.82,3892.09,3950.57,3890.42,1.54
2023-01-10,SPX,标普500,3888.57,3919.25,3919.83,3877.29,1.09
2023-01-11,SPX,标普500,3932.35,3969.61,3970.07,3928.54,1.06
2023-01-12,SPX,标普500,3977.57,3983.17,3997.76,3937.56,1.52
2023-01-13,SPX,标普500,3960.6,3999.09,4003.95,3947.67,1.41
2023-01-17,SPX,标普500,3999.28,3990.97,4015.39,3984.57,0.77
2023-01-18,SPX,标普500,4002.25,3928.86,4014.16,3926.59,2.19
2023-01-19,SPX,标普500,3911.84,3898.85,3922.94,3885.54,0.95
2023-01-20,SPX,标普500,3909.04,3972.61,3972.96,3897.86,1.93
2023-01-23,SPX,标普500,3978.14,4019.81,4039.31,3971.64,1.7
2023-01-24,SPX,标普500,4001.74,4016.95,4023.92,3989.79,0.85
2023-01-25,SPX,标普500,3982.71,4016.22,4019.55,3949.06,1.75
2023-01-26,SPX,标普500,4036.08,4060.43,4061.57,4013.29,1.2
2023-01-27,SPX,标普500,4053.72,4070.56,4094.21,4048.7,1.12
2023-01-30,SPX,标普500,4049.27,4017.77,4063.85,4015.55,1.19
2023-01-31,SPX,标普500,4020.85,4076.6,4077.16,4020.44,1.41
2023-02-01,SPX,标普500,4070.07,4119.21,4148.95,4037.2,2.74
2023-02-02,SPX,标普500,4158.68,4179.76,4195.44,4141.88,1.3
2023-02-03,SPX,标普500,4136.69,4136.48,4182.36,4123.36,1.41
2023-02-06,SPX,标普500,4119.57,4111.08,4124.63,4093.38,0.76
2023-02-07,SPX,标普500,4105.35,4164.0,4176.54,4088.39,2.14
2023-02-08,SPX,标普500,4153.47,4117.86,4156.85,4111.67,1.09
2023-02-09,SPX,标普500,4144.25,4081.5,4156.23,4069.67,2.1
2023-02-10,SPX,标普500,4068.92,4090.46,4094.36,4060.79,0.82
2023-02-13,SPX,标普500,4096.62,4137.29,4138.9,4092.67,1.13
2023-02-14,SPX,标普500,4126.7,4136.13,4159.77,4095.01,1.57
2023-02-15,SPX,标普500,4119.5,4147.6,4148.11,4103.98,1.07
2023-02-16,SPX,标普500,4114.75,4090.41,4136.54,4089.49,1.13
2023-02-17,SPX,标普500,4077.39,4079.09,4081.51,4047.95,0.82
2023-02-21,SPX,标普500,4052.35,3997.34,4052.35,3995.19,1.4
2023-02-22,SPX,标普500,4001.83,3991.05,4017.37,3976.9,1.01
2023-02-23,SPX,标普500,4018.6,4012.32,4028.3,3969.19,1.48
2023-02-24,SPX,标普500,3973.24,3970.04,3978.25,3943.08,0.88
2023-02-27,SPX,标普500,3992.36,3982.24,4018.05,3973.55,1.12
2023-02-28,SPX,标普500,3977.19,3970.15,3997.5,3968.98,0.72
2023-03-01,SPX,标普500,3963.34,3951.39,3971.73,3939.05,0.82
2023-03-02,SPX,标普500,3938.68,3981.35,3990.84,3928.16,1.59
2023-03-03,SPX,标普500,3998.02,4045.64,4048.29,3995.17,1.33
2023-03-06,SPX,标普500,4055.15,4048.42,4078.49,4044.61,0.84
2023-03-07,SPX,标普500,4048.26,3986.37,4050.0,3980.31,1.72
2023-03-08,SPX,标普500,3987.55,3992.01,4000.41,3969.76,0.77
2023-03-09,SPX,标普500,3998.66,3918.32,4017.81,3908.7,2.73
2023-03-10,SPX,标普500,3912.77,3861.59,3934.05,3846.32,2.24
2023-03-13,SPX,标普500,3835.12,3855.76,3905.05,3808.86,2.49
2023-03-14,SPX,标普500,3894.01,3919.29,3937.29,3873.63,1.65
2023-03-15,SPX,标普500,3876.74,3891.93,3894.26,3838.24,1.43
2023-03-16,SPX,标普500,3878.93,3960.28,3964.46,3864.11,2.58
2023-03-17,SPX,标普500,3958.69,3916.64,3958.91,3901.27,1.46
2023-03-20,SPX,标普500,3917.47,3951.57,3956.62,3916.89,1.01
2023-03-21,SPX,标普500,3975.89,4002.87,4009.08,3971.19,0.96
2023-03-22,SPX,标普500,4002.04,3936.97,4039.49,3936.17,2.58
2023-03-23,SPX,标普500,3959.21,3948.72,4007.66,3919.05,2.25
2023-03-24,SPX,标普500,3939.21,3970.99,3972.74,3909.16,1.61
2023-03-27,SPX,标普500,3982.93,3977.53,4003.83,3970.49,0.84
2023-03-28,SPX,标普500,3974.13,3971.27,3979.2,3951.53,0.7
2023-03-29,SPX,标普500,3999.53,4027.81,4030.59,3999.53,0.78
2023-03-30,SPX,标普500,4046.74,4050.83,4057.85,4032.1,0.64
2023-03-31,SPX,标普500,4056.18,4109.31,4110.75,4056.18,1.35
2023-04-03,SPX,标普500,4102.2,4124.51,4127.66,4098.79,0.7
2023-04-04,SPX,标普500,4128.03,4100.6,4133.13,4086.87,1.12
2023-04-05,SPX,标普500,4094.5,4090.38,4099.69,4072.56,0.66
2023-04-06,SPX,标普500,4081.15,4105.02,4107.32,4069.84,0.92
2023-04-10,SPX,标普500,4085.2,4109.11,4109.5,4072.55,0.9
2023-04-11,SPX,标普500,4110.29,4108.94,4124.26,4102.61,0.53
2023-04-12,SPX,标普500,4121.72,4091.95,4134.37,4086.94,1.15
2023-04-13,SPX,标普500,4100.04,4146.22,4150.26,4099.4,1.24
2023-04-14,SPX,标普500,4140.11,4137.64,4163.19,4113.2,1.21
2023-04-17,SPX,标普500,4137.17,4151.32,4151.72,4123.18,0.69
2023-04-18,SPX,标普500,4164.26,4154.87,4169.48,4140.36,0.7
2023-04-19,SPX,标普500,4139.33,4154.52,4162.57,4134.49,0.68
2023-04-20,SPX,标普500,4130.48,4129.79,4148.57,4114.57,0.82
2023-04-21,SPX,标普500,4132.14,4133.52,4138.02,4113.86,0.59
2023-04-24,SPX,标普500,4132.07,4137.04,4142.41,4117.77,0.6
2023-04-25,SPX,标普500,4126.43,4071.63,4126.43,4071.38,1.33
2023-04-26,SPX,标普500,4087.78,4055.99,4089.67,4049.35,0.99
2023-04-27,SPX,标普500,4075.29,4135.35,4138.24,4075.29,1.55
2023-04-28,SPX,标普500,4129.63,4169.48,4170.06,4127.17,1.04
2023-05-01,SPX,标普500,4166.79,4167.87,4186.92,4164.12,0.55
2023-05-02,SPX,标普500,4164.1,4119.58,4164.1,4089.72,1.78
2023-05-03,SPX,标普500,4122.25,4090.75,4148.3,4088.86,1.44
2023-05-04,SPX,标普500,4082.55,4061.22,4082.61,4048.28,0.84
2023-05-05,SPX,标普500,4084.73,4136.25,4147.02,4084.73,1.53
2023-05-08,SPX,标普500,4136.98,4138.12,4142.3,4123.81,0.45
2023-05-09,SPX,标普500,4124.25,4119.17,4130.35,4116.65,0.33
2023-05-10,SPX,标普500,4143.74,4137.64,4154.28,4098.92,1.34
2023-05-11,SPX,标普500,4132.24,4130.62,4132.8,4109.29,0.57
2023-05-12,SPX,标普500,4138.54,4124.08,4143.74,4099.12,1.08
2023-05-15,SPX,标普500,4126.65,4136.28,4141.25,4110.27,0.75
2023-05-16,SPX,标普500,4127.95,4109.9,4135.54,4109.86,0.62
2023-05-17,SPX,标普500,4122.85,4158.77,4164.67,4113.62,1.24
2023-05-18,SPX,标普500,4157.68,4198.05,4202.2,4153.5,1.17
2023-05-19,SPX,标普500,4204.15,4191.98,4212.91,4180.2,0.78
2023-05-22,SPX,标普500,4190.78,4192.63,4209.22,4179.68,0.7
2023-05-23,SPX,标普500,4176.8,4145.58,4185.68,4142.54,1.03
2023-05-24,SPX,标普500,4132.96,4115.24,4132.96,4103.98,0.7
2023-05-25,SPX,标普500,4155.71,4151.28,4165.74,4129.73,0.88
2023-05-26,SPX,标普500,4156.16,4205.45,4212.87,4156.16,1.37
2023-05-30,SPX,标普500,4226.71,4205.52,4231.1,4192.18,0.93
2023-05-31,SPX,标普500,4190.74,4179.83,4195.44,4166.15,0.7
2023-06-01,SPX,标普500,4183.03,4221.02,4232.43,4171.64,1.45
2023-06-02,SPX,标普500,4241.01,4282.37,4290.67,4241.01,1.18
2023-06-05,SPX,标普500,4282.99,4273.79,4299.28,4266.82,0.76
2023-06-06,SPX,标普500,4271.34,4283.85,4288.33,4263.09,0.59
2023-06-07,SPX,标普500,4285.47,4267.52,4299.19,4263.96,0.82
2023-06-08,SPX,标普500,4268.69,4293.93,4298.01,4261.07,0.87
2023-06-09,SPX,标普500,4304.88,4298.86,4322.62,4291.7,0.72
2023-06-12,SPX,标普500,4308.32,4338.93,4340.13,4304.37,0.83
2023-06-13,SPX,标普500,4352.61,4369.01,4375.37,4349.31,0.6
2023-06-14,SPX,标普500,4366.29,4372.59,4391.82,4337.85,1.24
2023-06-15,SPX,标普500,4365.33,4425.84,4439.2,4362.6,1.75
2023-06-16,SPX,标普500,4440.95,4409.59,4448.47,4407.44,0.93
2023-06-20,SPX,标普500,4396.11,4388.71,4400.15,4367.19,0.75
2023-06-21,SPX,标普500,4380.01,4365.69,4386.22,4360.14,0.59
2023-06-22,SPX,标普500,4355.4,4381.89,4382.25,4351.82,0.7
2023-06-23,SPX,标普500,4354.17,4348.33,4366.55,4341.34,0.58
2023-06-26,SPX,标普500,4344.84,4328.82,4362.06,4328.08,0.78
2023-06-27,SPX,标普500,4337.36,4378.41,4384.42,4335.0,1.14
2023-06-28,SPX,标普500,4367.48,4376.86,4390.35,4360.22,0.69
2023-06-29,SPX,标普500,4374.94,4396.44,4398.39,4371.97,0.6
2023-06-30,SPX,标普500,4422.44,4450.38,4458.48,4422.44,0.82
2023-07-03,SPX,标普500,4450.48,4455.59,4456.46,4442.29,0.32
2023-07-05,SPX,标普500,4442.04,4446.82,4454.06,4436.61,0.39
2023-07-06,SPX,标普500,4422.62,4411.59,4422.62,4385.05,0.84
2023-07-07,SPX,标普500,4404.54,4398.95,4440.39,4397.4,0.97
2023-07-10,SPX,标普500,4394.23,4409.53,4412.6,4389.92,0.52
2023-07-11,SPX,标普500,4415.55,4439.26,4443.64,4408.46,0.8
2023-07-12,SPX,标普500,4467.69,4472.16,4488.34,4463.23,0.57
2023-07-13,SPX,标普500,4491.5,4510.04,4517.38,4489.36,0.63
2023-07-14,SPX,标普500,4514.61,4505.42,4527.76,4499.56,0.63
2023-07-17,SPX,标普500,4508.86,4522.79,4532.85,4504.9,0.62
2023-07-18,SPX,标普500,4521.78,4554.98,4562.3,4514.59,1.05
2023-07-19,SPX,标普500,4563.87,4565.72,4578.43,4557.48,0.46
2023-07-20,SPX,标普500,4554.38,4534.87,4564.74,4527.56,0.81
2023-07-21,SPX,标普500,4550.16,4536.34,4555.0,4535.79,0.42
2023-07-24,SPX,标普500,4543.39,4554.64,4563.41,4541.29,0.49
2023-07-25,SPX,标普500,4555.19,4567.46,4580.62,4552.42,0.62
2023-07-26,SPX,标普500,4558.96,4566.75,4582.47,4547.58,0.76
2023-07-27,SPX,标普500,4598.26,4537.41,4607.07,4528.56,1.72
2023-07-28,SPX,标普500,4565.75,4582.23,4590.16,4564.01,0.58
2023-07-31,SPX,标普500,4584.82,4588.96,4594.22,4573.14,0.46
2023-08-01,SPX,标普500,4578.83,4576.73,4584.62,4567.53,0.37
2023-08-02,SPX,标普500,4550.93,4513.39,4550.93,4505.75,0.99
2023-08-03,SPX,标普500,4494.27,4501.89,4519.49,4485.54,0.75
2023-08-04,SPX,标普500,4513.96,4478.03,4540.34,4474.55,1.46
2023-08-07,SPX,标普500,4491.58,4518.44,4519.84,4491.15,0.64
2023-08-08,SPX,标普500,4498.03,4499.38,4503.31,4464.39,0.86
2023-08-09,SPX,标普500,4501.57,4467.71,4502.44,4461.33,0.91
2023-08-10,SPX,标普500,4487.16,4468.83,4527.37,4457.92,1.55
2023-08-11,SPX,标普500,4450.69,4464.05,4476.23,4443.98,0.72
2023-08-14,SPX,标普500,4458.13,4489.72,4490.33,4453.44,0.83
2023-08-15,SPX,标普500,4478.87,4437.86,4478.87,4432.19,1.04
2023-08-16,SPX,标普500,4433.79,4404.33,4449.95,4403.55,1.05
2023-08-17,SPX,标普500,4416.32,4370.36,4421.17,4364.83,1.28
2023-08-18,SPX,标普500,4344.88,4369.71,4381.82,4335.31,1.06
2023-08-21,SPX,标普500,4380.28,4399.77,4407.55,4360.3,1.08
2023-08-22,SPX,标普500,4415.33,4387.55,4418.59,4382.77,0.81
2023-08-23,SPX,标普500,4396.44,4436.01,4443.18,4396.44,1.07
2023-08-24,SPX,标普500,4455.16,4376.31,4458.3,4375.55,1.87
2023-08-25,SPX,标普500,4389.38,4405.71,4418.46,4356.29,1.42
2023-08-28,SPX,标普500,4426.03,4433.31,4439.56,4414.98,0.56
2023-08-29,SPX,标普500,4432.75,4497.63,4500.14,4431.68,1.54
2023-08-30,SPX,标普500,4500.34,4514.87,4521.65,4493.59,0.62
2023-08-31,SPX,标普500,4517.01,4507.66,4532.26,4507.39,0.55
2023-09-01,SPX,标普500,4530.6,4515.77,4541.25,4501.35,0.89
2023-09-05,SPX,标普500,4510.06,4496.83,4514.29,4496.01,0.4
2023-09-06,SPX,标普500,4490.35,4465.48,4490.35,4442.38,1.07
2023-09-07,SPX,标普500,4434.55,4451.14,4457.81,4430.46,0.61
2023-09-08,SPX,标普500,4451.3,4457.49,4473.53,4448.38,0.57
2023-09-11,SPX,标普500,4480.98,4487.46,4490.77,4467.89,0.51
2023-09-12,SPX,标普500,4473.27,4461.9,4487.11,4456.83,0.67
2023-09-13,SPX,标普500,4462.65,4467.44,4479.39,4453.52,0.58
2023-09-14,SPX,标普500,4487.78,4505.1,4511.99,4478.69,0.75
2023-09-15,SPX,标普500,4497.98,4450.32,4497.98,4447.21,1.13
2023-09-18,SPX,标普500,4445.13,4453.53,4466.36,4442.11,0.54
2023-09-19,SPX,标普500,4445.41,4443.95,4449.85,4416.61,0.75
2023-09-20,SPX,标普500,4452.81,4402.2,4461.03,4401.38,1.34
2023-09-21,SPX,标普500,4374.36,4330.0,4375.7,4329.17,1.06
2023-09-22,SPX,标普500,4341.74,4320.06,4357.4,4316.49,0.94
2023-09-25,SPX,标普500,4310.62,4337.44,4338.51,4302.7,0.83
2023-09-26,SPX,标普500,4312.88,4273.53,4313.01,4265.98,1.08
2023-09-27,SPX,标普500,4282.63,4274.51,4292.07,4238.63,1.25
2023-09-28,SPX,标普500,4269.65,4299.7,4317.27,4264.38,1.24
2023-09-29,SPX,标普500,4328.18,4288.05,4333.15,4274.86,1.36
2023-10-02,SPX,标普500,4284.52,4288.39,4300.58,4260.21,0.94
2023-10-03,SPX,标普500,4269.75,4229.45,4281.15,4216.45,1.51
2023-10-04,SPX,标普500,4233.83,4263.75,4268.5,4220.48,1.14
2023-10-05,SPX,标普500,4259.31,4258.19,4267.13,4225.91,0.97
2023-10-06,SPX,标普500,4234.79,4308.5,4324.1,4219.55,2.46
2023-10-09,SPX,标普500,4289.02,4335.66,4341.73,4283.79,1.34
2023-10-10,SPX,标普500,4339.75,4358.24,4385.46,4339.64,1.06
2023-10-11,SPX,标普500,4366.59,4376.95,4378.64,4345.34,0.76
2023-10-12,SPX,标普500,4380.94,4349.61,4385.85,4325.43,1.38
2023-10-13,SPX,标普500,4360.49,4327.78,4377.1,4311.97,1.5
2023-10-16,SPX,标普500,4342.37,4373.63,4383.33,4342.37,0.95
2023-10-17,SPX,标普500,4345.23,4373.2,4393.57,4337.54,1.28
2023-10-18,SPX,标普500,4357.35,4314.6,4364.2,4303.84,1.38
2023-10-19,SPX,标普500,4321.36,4278.0,4339.54,4269.69,1.62
2023-10-20,SPX,标普500,4273.85,4224.16,4276.56,4223.03,1.25
2023-10-23,SPX,标普500,4210.4,4217.04,4255.84,4189.22,1.58
2023-10-24,SPX,标普500,4235.79,4247.68,4259.38,4219.43,0.95
2023-10-25,SPX,标普500,4232.42,4186.77,4232.42,4181.42,1.2
2023-10-26,SPX,标普500,4175.99,4137.23,4183.6,4127.9,1.33
2023-10-27,SPX,标普500,4152.93,4117.37,4156.7,4103.78,1.28
2023-10-30,SPX,标普500,4139.39,4166.82,4177.47,4132.94,1.08
2023-10-31,SPX,标普500,4171.33,4193.8,4195.55,4153.12,1.02
2023-11-01,SPX,标普500,4201.27,4237.86,4245.64,4197.74,1.14
2023-11-02,SPX,标普500,4268.26,4317.78,4319.72,4268.26,1.21
2023-11-03,SPX,标普500,4334.23,4358.34,4373.62,4334.23,0.91
2023-11-06,SPX,标普500,4364.27,4365.98,4372.21,4347.53,0.57
2023-11-07,SPX,标普500,4366.21,4378.38,4386.26,4355.41,0.71
2023-11-08,SPX,标普500,4384.37,4382.78,4391.2,4359.76,0.72
2023-11-09,SPX,标普500,4391.41,4347.35,4393.4,4343.94,1.13
2023-11-10,SPX,标普500,4364.15,4415.24,4418.03,4353.34,1.49
2023-11-13,SPX,标普500,4406.66,4411.55,4421.76,4393.82,0.63
2023-11-14,SPX,标普500,4458.97,4495.7,4508.67,4458.97,1.13
2023-11-15,SPX,标普500,4505.3,4502.88,4521.17,4495.31,0.58
2023-11-16,SPX,标普500,4497.08,4508.24,4511.99,4487.83,0.54
2023-11-17,SPX,标普500,4509.55,4514.02,4520.12,4499.66,0.45
2023-11-20,SPX,标普500,4511.7,4547.38,4557.11,4510.36,1.04
2023-11-21,SPX,标普500,4538.77,4538.19,4542.14,4525.51,0.37
2023-11-22,SPX,标普500,4553.04,4556.62,4568.43,4545.05,0.52
2023-11-24,SPX,标普500,4555.84,4559.34,4560.31,4552.8,0.16
2023-11-27,SPX,标普500,4554.86,4550.43,4560.52,4546.32,0.31
2023-11-28,SPX,标普500,4545.55,4554.89,4568.14,4540.51,0.61
2023-11-29,SPX,标普500,4571.84,4550.58,4587.64,4547.15,0.89
2023-11-30,SPX,标普500,4554.87,4567.8,4569.89,4537.24,0.72
2023-12-01,SPX,标普500,4559.43,4594.63,4599.39,4554.71,0.98
2023-12-04,SPX,标普500,4564.37,4569.78,4572.37,4546.72,0.56
2023-12-05,SPX,标普500,4557.25,4567.18,4578.56,4551.68,0.59
2023-12-06,SPX,标普500,4586.23,4549.34,4590.74,4546.5,0.97
2023-12-07,SPX,标普500,4568.84,4585.59,4590.92,4565.22,0.56
2023-12-08,SPX,标普500,4576.2,4604.37,4609.23,4574.06,0.77
2023-12-11,SPX,标普500,4593.39,4622.44,4623.71,4593.39,0.66
2023-12-12,SPX,标普500,4618.3,4643.7,4643.93,4608.09,0.78
2023-12-13,SPX,标普500,4646.2,4707.09,4709.69,4643.23,1.43
2023-12-14,SPX,标普500,4721.04,4719.55,4738.57,4694.34,0.94
2023-12-15,SPX,标普500,4714.23,4719.19,4725.53,4704.69,0.44
2023-12-18,SPX,标普500,4725.58,4740.56,4749.52,4725.58,0.51
2023-12-19,SPX,标普500,4743.72,4768.37,4768.69,4743.72,0.53
2023-12-20,SPX,标普500,4764.73,4698.35,4778.01,4697.82,1.68
2023-12-21,SPX,标普500,4724.29,4746.75,4748.71,4708.35,0.86
2023-12-22,SPX,标普500,4753.92,4754.63,4772.94,4736.77,0.76
2023-12-26,SPX,标普500,4758.86,4774.75,4784.72,4758.45,0.55
2023-12-27,SPX,标普500,4773.45,4781.58,4785.39,4768.9,0.35
2023-12-28,SPX,标普500,4786.44,4783.35,4793.3,4780.98,0.26
2023-12-29,SPX,标普500,4782.88,4769.83,4788.43,4751.99,0.76
2024-01-02,SPX,标普500,4745.2,4742.83,4754.33,4722.67,0.66
2024-01-03,SPX,标普500,4725.07,4704.81,4729.29,4699.71,0.62
2024-01-04,SPX,标普500,4697.42,4688.68,4726.78,4687.53,0.83
2024-01-05,SPX,标普500,4690.57,4697.24,4721.49,4682.11,0.84
2024-01-08,SPX,标普500,4703.7,4763.54,4764.54,4699.82,1.38
2024-01-09,SPX,标普500,4741.93,4756.5,4765.47,4730.35,0.74
2024-01-10,SPX,标普500,4759.94,4783.45,4790.8,4756.2,0.73
2024-01-11,SPX,标普500,4792.13,4780.24,4798.5,4739.58,1.23
2024-01-12,SPX,标普500,4791.18,4783.83,4802.4,4768.98,0.7
2024-01-16,SPX,标普500,4772.35,4765.98,4782.34,4747.12,0.74
2024-01-17,SPX,标普500,4739.13,4739.21,4744.23,4714.82,0.62
2024-01-18,SPX,标普500,4760.1,4780.94,4785.79,4740.57,0.95
2024-01-19,SPX,标普500,4796.28,4839.81,4842.07,4785.87,1.18
2024-01-22,SPX,标普500,4853.42,4850.43,4868.41,4844.05,0.5
2024-01-23,SPX,标普500,4856.8,4864.6,4866.48,4844.37,0.46
2024-01-24,SPX,标普500,4888.56,4868.55,4903.68,4865.94,0.78
2024-01-25,SPX,标普500,4886.66,4894.16,4898.15,4869.34,0.59
2024-01-26,SPX,标普500,4888.91,4890.97,4906.69,4881.47,0.52
2024-01-29,SPX,标普500,4892.95,4927.93,4929.31,4887.4,0.86
2024-01-30,SPX,标普500,4925.89,4924.97,4931.09,4916.27,0.3
2024-01-31,SPX,标普500,4899.19,4845.65,4906.75,4845.15,1.25
2024-02-01,SPX,标普500,4861.11,4906.19,4906.97,4853.52,1.1
2024-02-02,SPX,标普500,4916.06,4958.61,4975.29,4907.99,1.37
2024-02-05,SPX,标普500,4957.19,4942.81,4957.19,4918.09,0.79
2024-02-06,SPX,标普500,4950.16,4954.23,4957.77,4934.88,0.46
2024-02-07,SPX,标普500,4973.05,4995.06,4999.89,4969.05,0.62
2024-02-08,SPX,标普500,4995.16,4997.91,5000.4,4987.09,0.27
2024-02-09,SPX,标普500,5004.17,5026.61,5030.06,5000.34,0.59
2024-02-12,SPX,标普500,5026.83,5021.84,5048.39,5016.83,0.63
2024-02-13,SPX,标普500,4967.94,4953.17,4971.3,4920.31,1.02
2024-02-14,SPX,标普500,4976.44,5000.62,5002.52,4956.45,0.93
2024-02-15,SPX,标普500,5003.14,5029.73,5032.72,4999.44,0.67
2024-02-16,SPX,标普500,5031.13,5005.57,5038.7,4999.52,0.78
2024-02-20,SPX,标普500,4989.32,4975.51,4993.71,4955.02,0.77
2024-02-21,SPX,标普500,4963.03,4981.8,4983.21,4946.0,0.75
2024-02-22,SPX,标普500,5038.83,5087.03,5094.39,5038.83,1.12
2024-02-23,SPX,标普500,5100.92,5088.8,5111.06,5081.46,0.58
2024-02-26,SPX,标普500,5093.0,5069.53,5097.66,5068.91,0.56
2024-02-27,SPX,标普500,5074.6,5078.18,5080.69,5057.29,0.46
2024-02-28,SPX,标普500,5067.2,5069.76,5077.37,5058.35,0.37
2024-02-29,SPX,标普500,5085.36,5096.27,5104.99,5061.89,0.85
2024-03-01,SPX,标普500,5098.51,5137.08,5140.33,5094.16,0.91
2024-03-04,SPX,标普500,5130.99,5130.95,5149.67,5127.18,0.44
2024-03-05,SPX,标普500,5110.52,5078.65,5114.54,5056.82,1.12
2024-03-06,SPX,标普500,5108.03,5104.76,5127.97,5092.22,0.7
2024-03-07,SPX,标普500,5132.38,5157.36,5165.62,5128.21,0.73
2024-03-08,SPX,标普500,5164.46,5123.69,5189.26,5117.5,1.39
2024-03-11,SPX,标普500,5111.96,5117.94,5124.66,5091.14,0.65
2024-03-12,SPX,标普500,5134.3,5175.27,5179.87,5114.48,1.28
2024-03-13,SPX,标普500,5173.49,5165.31,5179.14,5151.88,0.53
2024-03-14,SPX,标普500,5175.14,5150.48,5176.85,5123.3,1.04
2024-03-15,SPX,标普500,5123.31,5117.09,5136.86,5104.35,0.63
2024-03-18,SPX,标普500,5154.77,5149.42,5175.6,5145.47,0.59
2024-03-19,SPX,标普500,5139.09,5178.51,5180.31,5131.59,0.95
2024-03-20,SPX,标普500,5181.69,5224.62,5226.19,5171.55,1.06
2024-03-21,SPX,标普500,5253.43,5241.53,5261.1,5240.66,0.39
2024-03-22,SPX,标普500,5242.48,5234.18,5246.09,5229.87,0.31
2024-03-25,SPX,标普500,5219.52,5218.19,5229.09,5216.09,0.25
2024-03-26,SPX,标普500,5228.85,5203.58,5235.16,5203.42,0.61
2024-03-27,SPX,标普500,5226.31,5248.49,5249.26,5213.92,0.68
2024-03-28,SPX,标普500,5248.03,5254.35,5264.85,5245.82,0.36
2024-04-01,SPX,标普500,5257.97,5243.77,5263.95,5229.2,0.66
2024-04-02,SPX,标普500,5204.29,5205.81,5208.34,5184.05,0.46
2024-04-03,SPX,标普500,5194.37,5211.49,5228.75,5194.37,0.66
2024-04-04,SPX,标普500,5244.05,5147.21,5256.59,5146.06,2.12
2024-04-05,SPX,标普500,5158.95,5204.34,5222.18,5157.21,1.26
2024-04-08,SPX,标普500,5211.37,5202.39,5219.57,5197.35,0.43
2024-04-09,SPX,标普500,5217.03,5209.91,5224.81,5160.78,1.23
2024-04-10,SPX,标普500,5167.88,5160.64,5178.43,5138.7,0.76
2024-04-11,SPX,标普500,5172.95,5199.06,5211.78,5138.77,1.41
2024-04-12,SPX,标普500,5171.51,5123.41,5175.03,5107.94,1.29
2024-04-15,SPX,标普500,5149.67,5061.82,5168.43,5052.47,2.26
2024-04-16,SPX,标普500,5064.59,5051.41,5079.84,5039.83,0.79
2024-04-17,SPX,标普500,5068.97,5022.21,5077.96,5007.25,1.4
2024-04-18,SPX,标普500,5031.52,5011.12,5056.66,5001.89,1.09
2024-04-19,SPX,标普500,5005.44,4967.23,5019.02,4953.56,1.31
2024-04-22,SPX,标普500,4987.33,5010.6,5038.84,4969.4,1.4
2024-04-23,SPX,标普500,5028.85,5070.55,5076.12,5027.96,0.96
2024-04-24,SPX,标普500,5084.86,5071.63,5089.48,5047.02,0.84
2024-04-25,SPX,标普500,5019.88,5048.42,5057.75,4990.58,1.32
2024-04-26,SPX,标普500,5084.65,5099.96,5114.62,5073.14,0.82
2024-04-29,SPX,标普500,5114.13,5116.17,5123.49,5088.65,0.68
2024-04-30,SPX,标普500,5103.78,5035.69,5110.83,5035.31,1.48
2024-05-01,SPX,标普500,5029.03,5018.39,5096.12,5013.45,1.64
2024-05-02,SPX,标普500,5049.32,5064.2,5073.21,5011.05,1.24
2024-05-03,SPX,标普500,5122.78,5127.79,5139.12,5101.22,0.75
2024-05-06,SPX,标普500,5142.42,5180.74,5181.0,5142.42,0.75
2024-05-07,SPX,标普500,5187.2,5187.7,5200.23,5178.96,0.41
2024-05-08,SPX,标普500,5168.98,5187.67,5191.95,5165.86,0.5
2024-05-09,SPX,标普500,5189.03,5214.08,5215.3,5180.41,0.67
2024-05-10,SPX,标普500,5225.49,5222.68,5239.66,5209.68,0.57
2024-05-13,SPX,标普500,5233.08,5221.42,5237.26,5211.16,0.5
2024-05-14,SPX,标普500,5221.1,5246.68,5250.37,5217.98,0.62
2024-05-15,SPX,标普500,5263.26,5308.15,5311.76,5263.26,0.92
2024-05-16,SPX,标普500,5310.07,5297.1,5325.49,5296.19,0.55
2024-05-17,SPX,标普500,5303.1,5303.27,5305.45,5283.59,0.41
2024-05-20,SPX,标普500,5305.35,5308.13,5325.32,5302.4,0.43
2024-05-21,SPX,标普500,5298.69,5321.41,5324.32,5297.87,0.5
2024-05-22,SPX,标普500,5319.28,5307.01,5323.18,5286.01,0.7
2024-05-23,SPX,标普500,5340.26,5267.84,5341.88,5256.93,1.6
2024-05-24,SPX,标普500,5281.45,5304.72,5311.65,5278.39,0.63
2024-05-28,SPX,标普500,5315.91,5306.04,5315.91,5280.89,0.66
2024-05-29,SPX,标普500,5278.73,5266.95,5282.27,5262.7,0.37
2024-05-30,SPX,标普500,5259.77,5235.48,5260.21,5222.1,0.72
2024-05-31,SPX,标普500,5243.21,5277.51,5280.33,5191.68,1.69
2024-06-03,SPX,标普500,5297.15,5283.4,5302.11,5234.32,1.28
2024-06-04,SPX,标普500,5278.24,5291.34,5298.8,5257.63,0.78
2024-06-05,SPX,标普500,5314.48,5354.03,5354.16,5297.64,1.07
2024-06-06,SPX,标普500,5357.8,5352.96,5362.35,5335.36,0.5
2024-06-07,SPX,标普500,5343.81,5346.99,5375.08,5331.33,0.82
2024-06-10,SPX,标普500,5341.22,5360.79,5365.79,5331.52,0.64
2024-06-11,SPX,标普500,5353.0,5375.32,5375.95,5327.25,0.91
2024-06-12,SPX,标普500,5409.13,5421.03,5447.25,5409.13,0.71
2024-06-13,SPX,标普500,5441.93,5433.74,5441.93,5402.51,0.73
2024-06-14,SPX,标普500,5424.08,5431.6,5432.39,5403.75,0.53
2024-06-17,SPX,标普500,5431.11,5473.23,5488.5,5420.4,1.25
2024-06-18,SPX,标普500,5476.15,5487.03,5490.38,5471.32,0.35
2024-06-20,SPX,标普500,5499.99,5473.17,5505.53,5455.56,0.91
2024-06-21,SPX,标普500,5466.77,5464.62,5478.31,5452.03,0.48
2024-06-24,SPX,标普500,5459.58,5447.87,5490.66,5447.59,0.79
2024-06-25,SPX,标普500,5460.73,5469.3,5472.88,5446.56,0.48
2024-06-26,SPX,标普500,5460.71,5477.9,5483.14,5451.87,0.57
2024-06-27,SPX,标普500,5473.59,5482.87,5490.81,5467.54,0.42
2024-06-28,SPX,标普500,5488.48,5460.48,5523.64,5451.12,1.32
2024-07-01,SPX,标普500,5471.08,5475.09,5479.55,5446.53,0.6
2024-07-02,SPX,标普500,5461.84,5509.01,5509.69,5458.43,0.94
2024-07-03,SPX,标普500,5507.44,5537.02,5539.27,5507.42,0.58
2024-07-05,SPX,标普500,5537.91,5567.19,5570.33,5531.63,0.7
2024-07-08,SPX,标普500,5572.75,5572.85,5583.11,5562.51,0.37
2024-07-09,SPX,标普500,5584.24,5576.98,5590.75,5574.57,0.29
2024-07-10,SPX,标普500,5591.26,5633.91,5635.39,5586.44,0.88
2024-07-11,SPX,标普500,5635.21,5584.54,5642.45,5576.53,1.17
2024-07-12,SPX,标普500,5590.76,5615.35,5655.56,5590.44,1.17
2024-07-15,SPX,标普500,5638.16,5631.22,5666.94,5614.75,0.93
2024-07-16,SPX,标普500,5644.09,5667.2,5669.67,5639.02,0.54
2024-07-17,SPX,标普500,5610.07,5588.27,5622.49,5584.81,0.66
2024-07-18,SPX,标普500,5608.56,5544.59,5614.05,5522.81,1.63
2024-07-19,SPX,标普500,5543.37,5505.0,5557.5,5497.04,1.09
2024-07-22,SPX,标普500,5544.54,5564.41,5570.36,5529.04,0.75
2024-07-23,SPX,标普500,5565.3,5555.74,5585.34,5550.9,0.62
2024-07-24,SPX,标普500,5505.84,5427.13,5508.04,5419.98,1.59
2024-07-25,SPX,标普500,5428.7,5399.22,5491.59,5390.95,1.85
2024-07-26,SPX,标普500,5433.67,5459.1,5488.32,5430.7,1.07
2024-07-29,SPX,标普500,5476.55,5463.54,5487.74,5444.44,0.79
2024-07-30,SPX,标普500,5478.73,5436.44,5489.46,5401.7,1.61
2024-07-31,SPX,标普500,5505.59,5522.3,5551.51,5493.75,1.06
2024-08-01,SPX,标普500,5537.84,5446.68,5566.16,5410.42,2.82
2024-08-02,SPX,标普500,5376.63,5346.56,5383.89,5302.03,1.5
2024-08-05,SPX,标普500,5151.14,5186.33,5250.89,5119.26,2.46
2024-08-06,SPX,标普500,5206.42,5240.03,5312.34,5193.56,2.29
2024-08-07,SPX,标普500,5293.13,5199.5,5330.64,5195.54,2.58
2024-08-08,SPX,标普500,5252.57,5319.31,5328.03,5233.85,1.81
2024-08-09,SPX,标普500,5314.66,5344.16,5358.67,5300.84,1.09
2024-08-12,SPX,标普500,5351.88,5344.39,5371.2,5324.37,0.88
2024-08-13,SPX,标普500,5376.98,5434.43,5436.5,5376.98,1.11
2024-08-14,SPX,标普500,5442.36,5455.21,5463.22,5415.91,0.87
2024-08-15,SPX,标普500,5501.13,5543.22,5546.23,5501.13,0.83
2024-08-16,SPX,标普500,5530.5,5554.25,5561.98,5525.17,0.66
2024-08-19,SPX,标普500,5557.23,5608.25,5608.3,5550.74,1.04
2024-08-20,SPX,标普500,5602.88,5597.12,5620.51,5585.5,0.62
2024-08-21,SPX,标普500,5603.09,5620.85,5632.68,5591.57,0.73
2024-08-22,SPX,标普500,5637.77,5570.64,5643.22,5560.95,1.46
2024-08-23,SPX,标普500,5602.49,5634.61,5641.82,5585.16,1.02
2024-08-26,SPX,标普500,5639.66,5616.84,5651.62,5602.34,0.87
2024-08-27,SPX,标普500,5602.89,5625.8,5631.18,5593.48,0.67
2024-08-28,SPX,标普500,5624.51,5592.18,5627.03,5560.95,1.17
2024-08-29,SPX,标普500,5607.3,5591.96,5646.95,5583.71,1.13
2024-08-30,SPX,标普500,5612.74,5648.4,5651.37,5581.79,1.24
2024-09-03,SPX,标普500,5623.89,5528.93,5623.89,5504.33,2.12
2024-09-04,SPX,标普500,5506.68,5520.07,5552.99,5503.66,0.89
2024-09-05,SPX,标普500,5520.08,5503.41,5546.3,5480.54,1.19
2024-09-06,SPX,标普500,5507.33,5408.42,5522.47,5402.62,2.18
2024-09-09,SPX,标普500,5442.07,5471.05,5484.2,5434.49,0.92
2024-09-10,SPX,标普500,5490.51,5495.52,5497.91,5441.72,1.03
2024-09-11,SPX,标普500,5496.42,5554.13,5560.41,5406.96,2.79
2024-09-12,SPX,标普500,5557.48,5595.76,5600.71,5535.5,1.17
2024-09-13,SPX,标普500,5603.34,5626.02,5636.27,5601.65,0.62
2024-09-16,SPX,标普500,5615.21,5633.09,5636.05,5604.53,0.56
2024-09-17,SPX,标普500,5655.51,5634.58,5670.81,5614.05,1.01
2024-09-18,SPX,标普500,5641.68,5618.26,5689.75,5615.08,1.33
2024-09-19,SPX,标普500,5702.63,5713.64,5733.57,5686.42,0.84
2024-09-20,SPX,标普500,5709.64,5702.55,5715.14,5674.49,0.71
2024-09-23,SPX,标普500,5711.9,5718.57,5725.36,5704.22,0.37
2024-09-24,SPX,标普500,5727.66,5732.93,5735.32,5698.99,0.64
2024-09-25,SPX,标普500,5733.65,5722.26,5741.03,5712.06,0.51
2024-09-26,SPX,标普500,5762.22,5745.37,5767.37,5721.01,0.81
2024-09-27,SPX,标普500,5755.36,5738.17,5763.78,5727.34,0.63
2024-09-30,SPX,标普500,5726.52,5762.48,5765.14,5703.53,1.07
2024-10-01,SPX,标普500,5757.73,5708.75,5757.73,5681.28,1.33
2024-10-02,SPX,标普500,5698.14,5709.54,5719.63,5674.0,0.8
2024-10-03,SPX,标普500,5698.19,5699.94,5718.78,5677.37,0.73
2024-10-04,SPX,标普500,5737.48,5751.07,5753.21,5702.83,0.88
2024-10-07,SPX,标普500,5737.8,5695.94,5739.34,5686.85,0.91
2024-10-08,SPX,标普500,5719.14,5751.13,5757.6,5714.56,0.76
2024-10-09,SPX,标普500,5751.8,5792.04,5796.8,5745.02,0.9
2024-10-10,SPX,标普500,5778.36,5780.05,5795.03,5764.76,0.52
2024-10-11,SPX,标普500,5775.09,5815.03,5822.13,5775.09,0.81
2024-10-14,SPX,标普500,5829.81,5859.85,5871.41,5829.57,0.72
2024-10-15,SPX,标普500,5866.74,5815.26,5870.36,5804.48,1.12
2024-10-16,SPX,标普500,5816.58,5842.47,5846.52,5808.34,0.66
2024-10-17,SPX,标普500,5875.62,5841.47,5878.46,5840.25,0.65
2024-10-18,SPX,标普500,5859.43,5864.67,5872.17,5846.11,0.45
2024-10-21,SPX,标普500,5857.82,5853.98,5866.92,5824.79,0.72
2024-10-22,SPX,标普500,5832.7,5851.2,5863.04,5821.17,0.72
2024-10-23,SPX,标普500,5834.5,5797.42,5834.85,5762.41,1.24
2024-10-24,SPX,标普500,5817.8,5809.86,5817.8,5784.92,0.57
2024-10-25,SPX,标普500,5826.75,5808.12,5862.82,5799.98,1.08
2024-10-28,SPX,标普500,5833.93,5823.52,5842.92,5823.08,0.34
2024-10-29,SPX,标普500,5819.68,5832.92,5847.19,5802.17,0.77
2024-10-30,SPX,标普500,5832.65,5813.67,5850.94,5811.28,0.68
2024-10-31,SPX,标普500,5775.34,5705.45,5775.34,5702.86,1.25
2024-11-01,SPX,标普500,5723.22,5728.8,5772.52,5723.22,0.86
2024-11-04,SPX,标普500,5725.15,5712.69,5741.43,5696.51,0.78
2024-11-05,SPX,标普500,5722.43,5782.76,5783.44,5722.1,1.07
2024-11-06,SPX,标普500,5864.89,5929.04,5936.14,5864.89,1.23
2024-11-07,SPX,标普500,5947.21,5973.1,5983.84,5947.21,0.62
2024-11-08,SPX,标普500,5976.76,5995.54,6012.45,5976.76,0.6
2024-11-11,SPX,标普500,6008.86,6001.35,6017.31,5986.69,0.51
2024-11-12,SPX,标普500,6003.6,5983.99,6009.92,5960.08,0.83
2024-11-13,SPX,标普500,5985.75,5985.38,6008.19,5965.91,0.71
2024-11-14,SPX,标普500,5989.68,5949.2,5993.9,5942.3,0.86
2024-11-15,SPX,标普500,5912.79,5870.6,5915.3,5853.0,1.05
2024-11-18,SPX,标普500,5874.17,5893.62,5908.12,5865.95,0.72
2024-11-19,SPX,标普500,5870.05,5916.98,5923.51,5855.29,1.16
2024-11-20,SPX,标普500,5914.34,5917.11,5920.67,5860.56,1.02
2024-11-21,SPX,标普500,5940.58,5948.71,5963.32,5887.26,1.29
2024-11-22,SPX,标普500,5944.36,5969.34,5972.9,5944.36,0.48
2024-11-25,SPX,标普500,5992.28,5987.37,6020.75,5963.91,0.95
2024-11-26,SPX,标普500,6000.03,6021.63,6025.42,5992.27,0.55
2024-11-27,SPX,标普500,6014.11,5998.74,6020.16,5984.87,0.59
2024-11-29,SPX,标普500,6003.98,6032.38,6044.17,6003.98,0.67
2024-12-02,SPX,标普500,6040.11,6047.15,6053.58,6035.33,0.3
2024-12-03,SPX,标普500,6042.97,6049.88,6052.07,6033.39,0.31
2024-12-04,SPX,标普500,6069.39,6086.49,6089.84,6061.06,0.48
2024-12-05,SPX,标普500,6089.03,6075.11,6094.55,6072.9,0.36
2024-12-06,SPX,标普500,6081.38,6090.27,6099.97,6079.98,0.33
2024-12-09,SPX,标普500,6083.01,6052.85,6088.51,6048.63,0.65
2024-12-10,SPX,标普500,6057.59,6034.91,6065.4,6029.89,0.59
2024-12-11,SPX,标普500,6060.15,6084.19,6092.59,6060.15,0.54
2024-12-12,SPX,标普500,6074.29,6051.25,6079.68,6051.25,0.47
2024-12-13,SPX,标普500,6068.17,6051.09,6078.58,6035.77,0.71
2024-12-16,SPX,标普500,6063.79,6074.08,6085.19,6059.14,0.43
2024-12-17,SPX,标普500,6052.55,6050.61,6057.68,6035.19,0.37
2024-12-18,SPX,标普500,6047.65,5872.16,6070.67,5867.79,3.35
2024-12-19,SPX,标普500,5912.71,5867.08,5935.52,5866.07,1.18
2024-12-20,SPX,标普500,5842.0,5930.85,5982.06,5832.3,2.55
2024-12-23,SPX,标普500,5940.25,5974.07,5978.25,5902.57,1.28
2024-12-24,SPX,标普500,5984.63,6040.04,6040.1,5981.44,0.98
2024-12-26,SPX,标普500,6024.97,6037.59,6049.75,6007.37,0.7
2024-12-27,SPX,标普500,6006.17,5970.84,6006.17,5932.95,1.21
2024-12-30,SPX,标普500,5920.67,5906.94,5940.79,5869.16,1.2
2024-12-31,SPX,标普500,5919.74,5881.63,5929.74,5868.86,1.03
2025-01-02,SPX,标普500,5903.26,5868.55,5935.09,5829.53,1.79
2025-01-03,SPX,标普500,5891.07,5942.47,5949.34,5888.66,1.03
2025-01-06,SPX,标普500,5982.81,5975.38,6021.04,5960.01,1.03
2025-01-07,SPX,标普500,5993.26,5909.03,6000.68,5890.68,1.84
2025-01-08,SPX,标普500,5910.66,5918.25,5927.89,5874.78,0.9
2025-01-10,SPX,标普500,5890.35,5827.04,5890.35,5807.78,1.4
2025-01-13,SPX,标普500,5782.02,5836.22,5838.61,5773.31,1.12
2025-01-14,SPX,标普500,5859.27,5842.91,5871.92,5805.42,1.14
2025-01-15,SPX,标普500,5905.21,5949.91,5960.61,5905.21,0.95
2025-01-16,SPX,标普500,5963.61,5937.34,5964.69,5930.72,0.57
2025-01-17,SPX,标普500,5995.4,5996.66,6014.96,5978.44,0.62
2025-01-21,SPX,标普500,6014.12,6049.24,6051.51,6006.88,0.74
2025-01-22,SPX,标普500,6081.39,6086.37,6100.81,6076.13,0.41
2025-01-23,SPX,标普500,6076.32,6118.71,6118.73,6074.67,0.72
2025-01-24,SPX,标普500,6121.43,6101.24,6128.18,6088.74,0.64
2025-01-27,SPX,标普500,5969.04,6012.28,6017.17,5962.92,0.89
2025-01-28,SPX,标普500,6026.97,6067.7,6074.54,5994.63,1.33
2025-01-29,SPX,标普500,6057.7,6039.31,6062.83,6012.96,0.82
2025-01-30,SPX,标普500,6050.75,6071.17,6086.64,6027.46,0.98
2025-01-31,SPX,标普500,6096.79,6040.53,6120.91,6030.93,1.48
2025-02-03,SPX,标普500,5969.65,5994.57,6022.13,5923.93,1.63
2025-02-04,SPX,标普500,5998.14,6037.88,6042.48,5990.87,0.86
2025-02-05,SPX,标普500,6020.45,6061.47,6062.86,6007.06,0.92
2025-02-06,SPX,标普500,6072.22,6083.57,6084.03,6046.83,0.61
2025-02-07,SPX,标普500,6083.13,6025.99,6101.28,6019.96,1.34
2025-02-10,SPX,标普500,6046.4,6066.44,6073.38,6044.84,0.47
2025-02-11,SPX,标普500,6049.32,6068.5,6076.28,6042.34,0.56
2025-02-12,SPX,标普500,6025.08,6051.97,6063.0,6003.0,0.99
2025-02-13,SPX,标普500,6060.59,6115.07,6116.91,6050.95,1.09
2025-02-14,SPX,标普500,6115.52,6114.63,6127.47,6107.62,0.32
2025-02-18,SPX,标普500,6121.6,6129.58,6129.63,6099.51,0.49
2025-02-19,SPX,标普500,6117.76,6144.15,6147.43,6111.15,0.59
2025-02-20,SPX,标普500,6134.5,6117.52,6134.5,6084.59,0.81
2025-02-21,SPX,标普500,6114.1,6013.13,6114.82,6008.56,1.74
2025-02-24,SPX,标普500,6026.69,5983.25,6043.65,5977.83,1.09
2025-02-25,SPX,标普500,5982.73,5955.25,5992.65,5908.49,1.41
2025-02-26,SPX,标普500,5970.87,5956.06,6009.82,5932.69,1.3
2025-02-27,SPX,标普500,5981.88,5861.57,5993.69,5858.78,2.27
2025-02-28,SPX,标普500,5856.74,5954.5,5959.4,5837.66,2.08
2025-03-03,SPX,标普500,5968.33,5849.72,5986.09,5810.91,2.94
2025-03-04,SPX,标普500,5811.98,5778.15,5865.08,5732.59,2.26
2025-03-05,SPX,标普500,5781.36,5842.63,5860.59,5742.35,2.05
2025-03-06,SPX,标普500,5785.87,5738.52,5812.08,5711.64,1.72
2025-03-07,SPX,标普500,5726.01,5770.2,5783.01,5666.29,2.03
2025-03-10,SPX,标普500,5705.37,5614.56,5705.37,5564.02,2.45
2025-03-11,SPX,标普500,5603.65,5572.07,5636.3,5528.41,1.92
2025-03-12,SPX,标普500,5624.84,5599.3,5642.19,5546.09,1.72
2025-03-13,SPX,标普500,5594.45,5521.52,5597.78,5504.65,1.66
2025-03-14,SPX,标普500,5563.85,5638.94,5645.27,5563.85,1.47
2025-03-17,SPX,标普500,5635.6,5675.12,5703.52,5631.12,1.28
2025-03-18,SPX,标普500,5654.53,5614.66,5654.53,5597.76,1.0
2025-03-19,SPX,标普500,5632.37,5675.29,5715.33,5622.2,1.66
2025-03-20,SPX,标普500,5646.92,5662.89,5711.15,5632.33,1.39
2025-03-21,SPX,标普500,5630.73,5667.56,5670.84,5603.1,1.2
2025-03-24,SPX,标普500,5718.08,5767.57,5775.14,5718.08,1.01
2025-03-25,SPX,标普500,5775.96,5776.65,5786.95,5760.42,0.46
2025-03-26,SPX,标普500,5771.66,5712.2,5783.62,5694.41,1.54
2025-03-27,SPX,标普500,5695.64,5693.31,5732.28,5670.94,1.07
2025-03-28,SPX,标普500,5679.2,5580.94,5685.89,5572.42,1.99
2025-03-31,SPX,标普500,5527.91,5611.85,5627.56,5488.73,2.49
2025-04-01,SPX,标普500,5597.53,5633.07,5650.57,5558.52,1.64
2025-04-02,SPX,标普500,5580.76,5670.97,5695.31,5571.48,2.2
2025-04-03,SPX,标普500,5492.74,5396.52,5499.53,5390.83,1.92
2025-04-04,SPX,标普500,5292.14,5074.08,5292.14,5069.9,4.12
2025-04-07,SPX,标普500,4953.79,5062.25,5246.57,4835.04,8.11
2025-04-08,SPX,标普500,5193.57,4982.77,5267.47,4910.42,7.05
2025-04-09,SPX,标普500,4965.28,5456.9,5481.34,4948.43,10.7
2025-04-10,SPX,标普500,5353.15,5268.05,5353.15,5115.27,4.36
2025-04-11,SPX,标普500,5255.56,5363.36,5381.46,5220.77,3.05
2025-04-14,SPX,标普500,5441.96,5405.97,5459.46,5358.02,1.89
2025-04-15,SPX,标普500,5411.99,5396.63,5450.41,5386.44,1.18
2025-04-16,SPX,标普500,5335.75,5275.7,5367.24,5220.79,2.71
2025-04-17,SPX,标普500,5305.45,5282.7,5328.31,5255.58,1.38
2025-04-21,SPX,标普500,5232.94,5158.2,5232.94,5101.63,2.49
2025-04-22,SPX,标普500,5207.67,5287.76,5309.61,5207.67,1.98
2025-04-23,SPX,标普500,5395.92,5375.86,5469.69,5356.17,2.15
2025-04-24,SPX,标普500,5381.38,5484.77,5489.4,5371.96,2.18
2025-04-25,SPX,标普500,5489.73,5525.21,5528.11,5455.86,1.32
2025-04-28,SPX,标普500,5529.22,5528.75,5553.66,5468.64,1.54
2025-04-29,SPX,标普500,5508.87,5560.83,5571.95,5505.7,1.2
2025-04-30,SPX,标普500,5499.44,5569.06,5581.84,5433.24,2.67
2025-05-01,SPX,标普500,5625.14,5604.14,5658.91,5597.35,1.11
2025-05-02,SPX,标普500,5645.88,5686.67,5700.7,5642.28,1.04
2025-05-05,SPX,标普500,5655.32,5650.38,5683.38,5634.48,0.86
2025-05-06,SPX,标普500,5605.87,5606.91,5649.58,5586.04,1.12
2025-05-07,SPX,标普500,5614.18,5631.28,5654.73,5578.64,1.36
2025-05-08,SPX,标普500,5663.6,5663.94,5720.1,5635.38,1.5
2025-05-09,SPX,标普500,5679.65,5659.91,5691.69,5644.15,0.84
2025-05-12,SPX,标普500,5807.2,5844.19,5845.37,5786.08,1.05
2025-05-13,SPX,标普500,5854.15,5886.55,5906.64,5845.02,1.05
2025-05-14,SPX,标普500,5896.74,5892.58,5906.55,5872.11,0.59
2025-05-15,SPX,标普500,5869.82,5916.93,5924.21,5865.16,1.0
2025-05-16,SPX,标普500,5929.09,5958.38,5958.62,5907.36,0.87
2025-05-19,SPX,标普500,5902.88,5963.6,5968.61,5895.69,1.22
2025-05-20,SPX,标普500,5944.66,5940.46,5953.06,5909.26,0.73
2025-05-21,SPX,标普500,5910.18,5844.61,5938.37,5830.91,1.81
2025-05-22,SPX,标普500,5841.26,5842.01,5878.08,5825.82,0.89
2025-05-23,SPX,标普500,5781.89,5802.82,5829.51,5767.41,1.06
2025-05-27,SPX,标普500,5854.07,5921.54,5924.33,5854.07,1.21
2025-05-28,SPX,标普500,5925.54,5888.55,5939.92,5881.88,0.98
2025-05-29,SPX,标普500,5939.96,5912.17,5943.13,5873.8,1.18
2025-05-30,SPX,标普500,5903.67,5911.69,5922.14,5843.66,1.33
2025-06-02,SPX,标普500,5896.68,5935.94,5937.4,5861.43,1.29
2025-06-03,SPX,标普500,5938.56,5970.37,5981.35,5929.0,0.88
2025-06-04,SPX,标普500,5978.94,5970.81,5990.48,5966.11,0.41
2025-06-05,SPX,标普500,5985.67,5939.3,5999.7,5921.2,1.31
2025-06-06,SPX,标普500,5987.06,6000.36,6016.87,5978.63,0.64
2025-06-09,SPX,标普500,6004.63,6005.88,6021.31,5994.18,0.45
2025-06-10,SPX,标普500,6009.91,6038.81,6043.01,6000.28,0.71
2025-06-11,SPX,标普500,6049.38,6022.24,6059.4,6002.32,0.95
2025-06-12,SPX,标普500,6009.9,6045.26,6045.43,6003.88,0.69
2025-06-13,SPX,标普500,6000.56,5976.97,6026.16,5963.21,1.04
2025-06-16,SPX,标普500,6004.0,6033.11,6050.83,6004.0,0.78
2025-06-17,SPX,标普500,6012.15,5982.72,6023.25,5974.8,0.8
2025-06-18,SPX,标普500,5987.93,5980.87,6018.25,5971.89,0.77
2025-06-20,SPX,标普500,5999.67,5967.84,6018.2,5952.56,1.1
2025-06-23,SPX,标普500,5969.67,6025.17,6028.77,5943.23,1.43
2025-06-24,SPX,标普500,6061.21,6092.18,6101.76,6059.25,0.71
2025-06-25,SPX,标普500,6104.23,6092.16,6108.51,6080.09,0.47
2025-06-26,SPX,标普500,6112.09,6141.02,6146.52,6107.27,0.64
2025-06-27,SPX,标普500,6150.7,6173.07,6187.68,6132.35,0.9
2025-06-30,SPX,标普500,6193.36,6204.95,6215.08,6174.97,0.65
2025-07-01,SPX,标普500,6187.25,6198.01,6210.78,6177.97,0.53
2025-07-02,SPX,标普500,6193.88,6227.42,6227.6,6188.29,0.63
2025-07-03,SPX,标普500,6246.46,6279.35,6284.65,6246.46,0.61
2025-07-07,SPX,标普500,6259.04,6229.98,6262.07,6201.0,0.97
2025-07-08,SPX,标普500,6234.03,6225.52,6242.7,6217.75,0.4
2025-07-09,SPX,标普500,6243.33,6263.26,6269.16,6231.43,0.61
2025-07-10,SPX,标普500,6266.8,6280.46,6290.22,6251.44,0.62
2025-07-11,SPX,标普500,6255.68,6259.75,6269.44,6237.6,0.51
2025-07-14,SPX,标普500,6255.15,6268.56,6273.31,6239.22,0.54
2025-07-15,SPX,标普500,6295.29,6243.76,6302.04,6241.68,0.96
2025-07-16,SPX,标普500,6254.5,6263.7,6268.12,6201.59,1.07
2025-07-17,SPX,标普500,6263.4,6297.36,6304.69,6262.27,0.68
2025-07-18,SPX,标普500,6312.95,6296.79,6315.61,6285.27,0.48
2025-07-21,SPX,标普500,6304.74,6305.6,6336.08,6303.79,0.51
2025-07-22,SPX,标普500,6306.6,6309.62,6316.12,6281.71,0.55
2025-07-23,SPX,标普500,6326.9,6358.91,6360.64,6317.49,0.68
2025-07-24,SPX,标普500,6368.6,6363.35,6381.31,6360.57,0.33
2025-07-25,SPX,标普500,6370.01,6388.64,6395.82,6368.53,0.43
2025-07-28,SPX,标普500,6397.69,6389.77,6401.07,6375.79,0.4
2025-07-29,SPX,标普500,6405.62,6370.86,6409.26,6363.92,0.71
2025-07-30,SPX,标普500,6381.23,6362.9,6396.54,6336.38,0.94
2025-07-31,SPX,标普500,6427.02,6339.39,6427.02,6327.64,1.56
2025-08-01,SPX,标普500,6287.28,6238.01,6287.28,6212.69,1.18
2025-08-04,SPX,标普500,6271.71,6329.94,6330.69,6271.71,0.95
2025-08-05,SPX,标普500,6336.63,6299.19,6346.0,6289.37,0.89
2025-08-06,SPX,标普500,6309.3,6345.06,6352.83,6301.11,0.82
2025-08-07,SPX,标普500,6374.32,6340.0,6389.71,6310.32,1.25
2025-08-08,SPX,标普500,6355.22,6389.45,6395.16,6355.22,0.63
2025-08-11,SPX,标普500,6389.67,6373.45,6407.25,6364.06,0.68
2025-08-12,SPX,标普500,6395.17,6445.76,6446.55,6385.76,0.95
2025-08-13,SPX,标普500,6462.67,6466.58,6480.28,6445.02,0.55
2025-08-14,SPX,标普500,6453.46,6468.54,6473.92,6441.07,0.51
2025-08-15,SPX,标普500,6477.38,6449.8,6481.34,6441.85,0.61
2025-08-18,SPX,标普500,6445.02,6449.15,6455.35,6437.7,0.27
2025-08-19,SPX,标普500,6446.24,6411.37,6456.48,6400.22,0.87
2025-08-20,SPX,标普500,6406.62,6395.78,6408.4,6343.86,1.01
2025-08-21,SPX,标普500,6380.83,6370.17,6393.65,6352.71,0.64
2025-08-22,SPX,标普500,6384.59,6466.91,6478.89,6384.59,1.48
2025-08-25,SPX,标普500,6457.67,6439.32,6466.89,6438.06,0.45
2025-08-26,SPX,标普500,6435.49,6465.94,6468.37,6429.21,0.61
2025-08-27,SPX,标普500,6462.26,6481.4,6487.06,6457.84,0.45
2025-08-28,SPX,标普500,6483.84,6501.86,6508.23,6466.96,0.64
2025-08-29,SPX,标普500,6489.28,6460.26,6491.76,6444.57,0.73
2025-09-02,SPX,标普500,6401.51,6415.54,6416.54,6360.58,0.87
2025-09-03,SPX,标普500,6445.82,6448.26,6453.67,6416.17,0.58
2025-09-04,SPX,标普500,6456.6,6502.08,6502.54,6445.98,0.88
2025-09-05,SPX,标普500,6529.08,6481.5,6532.65,6443.98,1.36
2025-09-08,SPX,标普500,6498.09,6495.15,6508.67,6483.29,0.39
2025-09-09,SPX,标普500,6503.33,6512.61,6518.23,6483.08,0.54
2025-09-10,SPX,标普500,6550.29,6532.04,6555.97,6516.34,0.61
2025-09-11,SPX,标普500,6554.41,6587.47,6592.89,6545.8,0.72
2025-09-12,SPX,标普500,6590.66,6584.29,6600.21,6579.49,0.31
2025-09-15,SPX,标普500,6603.49,6615.28,6619.62,6602.07,0.27
2025-09-16,SPX,标普500,6624.13,6606.76,6626.99,6600.11,0.41
2025-09-17,SPX,标普500,6604.87,6600.35,6624.39,6551.15,1.11
2025-09-18,SPX,标普500,6626.85,6631.96,6656.8,6611.89,0.68
2025-09-19,SPX,标普500,6647.11,6664.36,6671.82,6630.31,0.63
2025-09-22,SPX,标普500,6654.28,6693.75,6698.88,6648.07,0.76
2025-09-23,SPX,标普500,6692.44,6656.92,6699.52,6645.58,0.81
2025-09-24,SPX,标普500,6669.79,6637.97,6672.66,6621.76,0.76
2025-09-25,SPX,标普500,6608.19,6604.72,6619.0,6569.22,0.75
2025-09-26,SPX,标普500,6615.38,6643.7,6648.97,6604.43,0.67
2025-09-29,SPX,标普500,6661.58,6661.21,6677.31,6644.49,0.49
2025-09-30,SPX,标普500,6656.19,6688.46,6691.25,6641.0,0.75
2025-10-01,SPX,标普500,6664.92,6711.2,6718.48,6656.2,0.93
2025-10-02,SPX,标普500,6731.31,6715.35,6731.94,6693.23,0.58
2025-10-03,SPX,标普500,6722.14,6715.79,6750.87,6705.67,0.67
2025-10-06,SPX,标普500,6733.86,6740.28,6749.52,6717.78,0.47
2025-10-07,SPX,标普500,6746.14,6714.59,6754.49,6699.96,0.81
2025-10-08,SPX,标普500,6723.87,6753.72,6755.64,6718.09,0.56
2025-10-09,SPX,标普500,6760.5,6735.11,6764.58,6716.17,0.72
2025-10-10,SPX,标普500,6740.49,6552.51,6762.4,6550.78,3.14
2025-10-13,SPX,标普500,6622.53,6654.72,6668.68,6620.71,0.73
2025-10-14,SPX,标普500,6602.49,6644.31,6680.7,6555.07,1.89
2025-10-15,SPX,标普500,6688.27,6671.06,6724.12,6612.11,1.69
2025-10-16,SPX,标普500,6689.02,6629.07,6709.34,6593.99,1.73
2025-10-17,SPX,标普500,6613.27,6664.01,6678.88,6603.76,1.13
2025-10-20,SPX,标普500,6690.05,6735.13,6744.35,6690.05,0.81
2025-10-21,SPX,标普500,6736.75,6735.35,6752.16,6722.03,0.45
2025-10-22,SPX,标普500,6741.34,6699.4,6741.75,6655.69,1.28
2025-10-23,SPX,标普500,6703.65,6738.44,6749.53,6700.14,0.74
2025-10-24,SPX,标普500,6772.07,6791.69,6807.11,6772.07,0.52
2025-10-27,SPX,标普500,6845.46,6875.16,6877.28,6843.94,0.49
2025-10-28,SPX,标普500,6897.74,6890.89,6911.3,6870.73,0.59
2025-10-29,SPX,标普500,6910.95,6890.59,6920.34,6851.91,0.99
2025-10-30,SPX,标普500,6860.5,6822.34,6880.75,6820.69,0.87
2025-10-31,SPX,标普500,6879.17,6840.2,6879.17,6814.26,0.95
2025-11-03,SPX,标普500,6882.32,6851.97,6882.32,6820.62,0.9
2025-11-04,SPX,标普500,6788.52,6771.55,6820.21,6766.71,0.78
2025-11-05,SPX,标普500,6769.77,6796.29,6829.78,6763.11,0.98
2025-11-06,SPX,标普500,6787.59,6720.32,6796.68,6707.51,1.31
2025-11-07,SPX,标普500,6696.18,6728.8,6730.11,6631.44,1.47
2025-11-10,SPX,标普500,6785.36,6832.43,6841.32,6770.56,1.05
2025-11-11,SPX,标普500,6815.64,6846.61,6855.13,6806.87,0.71
2025-11-12,SPX,标普500,6867.77,6850.92,6869.91,6829.62,0.59
2025-11-13,SPX,标普500,6826.47,6737.49,6828.05,6724.72,1.51
2025-11-14,SPX,标普500,6672.14,6734.11,6774.31,6646.87,1.89
2025-11-17,SPX,标普500,6713.61,6672.41,6754.5,6638.9,1.72
2025-11-18,SPX,标普500,6641.19,6617.32,6666.63,6574.32,1.38
2025-11-19,SPX,标普500,6625.84,6642.16,6689.75,6603.5,1.3
2025-11-20,SPX,标普500,6737.93,6538.76,6770.35,6534.05,3.56
2025-11-21,SPX,标普500,6555.77,6602.99,6660.05,6521.92,2.11
2025-11-24,SPX,标普500,6636.54,6705.12,6715.75,6630.7,1.29
2025-11-25,SPX,标普500,6697.03,6765.88,6776.4,6659.98,1.74
2025-11-26,SPX,标普500,6793.55,6812.61,6831.44,6783.87,0.7
2025-11-28,SPX,标普500,6822.52,6849.09,6850.86,6819.75,0.46
2025-12-01,SPX,标普500,6812.3,6812.63,6843.65,6799.94,0.64
2025-12-02,SPX,标普500,6830.96,6829.37,6851.55,6806.71,0.66
2025-12-03,SPX,标普500,6815.29,6849.72,6862.42,6810.43,0.76
2025-12-04,SPX,标普500,6866.47,6857.12,6866.47,6827.12,0.57
2025-12-05,SPX,标普500,6866.32,6870.4,6895.78,6858.29,0.55
2025-12-08,SPX,标普500,6875.2,6846.51,6878.27,6827.19,0.74
2025-12-09,SPX,标普500,6840.61,6840.51,6864.92,6837.43,0.4
2025-12-10,SPX,标普500,6833.49,6886.68,6900.67,6824.69,1.11
2025-12-11,SPX,标普500,6861.3,6901.0,6903.46,6833.45,1.02
2025-12-12,SPX,标普500,6886.85,6827.41,6899.85,6801.79,1.42
2025-12-15,SPX,标普500,6860.19,6816.51,6861.59,6801.49,0.88
2025-12-16,SPX,标普500,6800.12,6800.26,6819.27,6759.74,0.87
2025-12-17,SPX,标普500,6802.88,6721.43,6812.26,6720.43,1.35
2025-12-18,SPX,标普500,6778.06,6774.76,6816.13,6758.5,0.86
2025-12-19,SPX,标普500,6792.62,6834.5,6840.02,6792.62,0.7
2025-12-22,SPX,标普500,6865.21,6878.49,6882.03,6855.74,0.38
2025-12-23,SPX,标普500,6872.41,6909.79,6910.88,6868.81,0.61
2025-12-24,SPX,标普500,6904.91,6932.05,6937.32,6904.91,0.47
2025-12-26,SPX,标普500,6936.02,6929.94,6945.77,6921.6,0.35
2025-12-29,SPX,标普500,6903.6,6905.74,6920.21,6888.76,0.45
2025-12-30,SPX,标普500,6900.44,6896.24,6913.25,6893.47,0.29
2025-12-31,SPX,标普500,6898.82,6845.5,6901.42,6844.55,0.82
2026-01-02,SPX,标普500,6878.11,6858.47,6894.87,6824.31,1.03
2026-01-05,SPX,标普500,6892.19,6902.05,6920.38,6891.56,0.42
2026-01-06,SPX,标普500,6908.03,6944.82,6948.69,6904.02,0.65
2026-01-07,SPX,标普500,6945.07,6920.93,6965.69,6919.19,0.67
2026-01-08,SPX,标普500,6914.11,6921.46,6931.28,6899.33,0.46
2026-01-09,SPX,标普500,6927.83,6966.28,6978.36,6917.64,0.88
2026-01-12,SPX,标普500,6944.12,6977.27,6986.33,6934.07,0.75
2026-01-13,SPX,标普500,6977.41,6963.74,6985.83,6938.77,0.67
2026-01-14,SPX,标普500,6937.41,6926.6,6941.3,6885.74,0.8
2026-01-15,SPX,标普500,6969.46,6944.47,6979.34,6937.93,0.6
2026-01-16,SPX,标普500,6960.54,6940.01,6967.3,6925.09,0.61
2026-01-20,SPX,标普500,6865.24,6796.86,6871.17,6789.05,1.18
2026-01-21,SPX,标普500,6810.71,6875.62,6910.39,6804.96,1.55
2026-01-22,SPX,标普500,6914.44,6913.35,6934.75,6893.62,0.6
2026-01-23,SPX,标普500,6907.85,6915.61,6932.96,6895.5,0.54
2026-01-26,SPX,标普500,6923.23,6950.23,6964.66,6921.6,0.62
2026-01-27,SPX,标普500,6965.96,6978.6,6988.82,6958.83,0.43
2026-01-28,SPX,标普500,7002.0,6971.61,7002.28,6968.23,0.49
2026-01-29,SPX,标普500,6977.74,6969.01,6992.84,6870.8,1.75
2026-01-30,SPX,标普500,6947.27,6939.03,6964.09,6893.48,1.01
2026-02-02,SPX,标普500,6916.64,6976.44,6991.92,6914.34,1.12
2026-02-03,SPX,标普500,6985.45,6917.81,6993.08,6862.05,1.88
2026-02-04,SPX,标普500,6924.5,6882.72,6936.09,6838.8,1.41
2026-02-05,SPX,标普500,6837.39,6798.4,6857.85,6780.13,1.13
2026-02-06,SPX,标普500,6816.74,6932.3,6944.89,6816.74,1.89
2026-02-09,SPX,标普500,6917.26,6964.82,6980.1,6905.87,1.07
2026-02-10,SPX,标普500,6974.49,6941.81,6986.83,6937.53,0.71
2026-02-11,SPX,标普500,6976.48,6941.47,6993.48,6911.97,1.17
2026-02-12,SPX,标普500,6957.54,6832.76,6973.22,6824.04,2.15
2026-02-13,SPX,标普500,6834.27,6836.17,6881.96,6794.55,1.28
2026-02-17,SPX,标普500,6819.86,6843.22,6866.99,6775.5,1.34
2026-02-18,SPX,标普500,6855.48,6881.31,6909.12,6849.66,0.87
2026-02-19,SPX,标普500,6861.34,6861.89,6879.12,6833.06,0.67
2026-02-20,SPX,标普500,6843.26,6909.51,6915.86,6836.33,1.16
2026-02-23,SPX,标普500,6901.25,6837.75,6916.96,6819.82,1.41
2026-02-24,SPX,标普500,6837.37,6890.07,6899.17,6815.43,1.22
2026-02-25,SPX,标普500,6915.15,6946.13,6952.51,6915.15,0.54
2026-02-26,SPX,标普500,6944.74,6908.86,6947.25,6859.73,1.26
2026-02-27,SPX,标普500,6856.54,6878.88,6882.96,6831.74,0.74
2026-03-02,SPX,标普500,6824.36,6881.62,6901.01,6796.85,1.51
2026-03-03,SPX,标普500,6800.26,6816.63,6840.05,6710.42,1.88
2026-03-04,SPX,标普500,6831.69,6869.5,6885.94,6811.64,1.09
2026-03-05,SPX,标普500,6851.08,6790.77,6870.43,6784.94,1.24
2026-03-06,SPX,标普500,6769.03,6740.02,6773.42,6711.56,0.91
2026-03-09,SPX,标普500,6699.8,6708.88,6713.29,6636.04,1.15
2026-03-10,SPX,标普500,6796.56,6823.35,6830.66,6759.74,1.04
2026-03-11,SPX,标普500,6790.09,6775.8,6811.15,6745.59,0.97
2026-03-12,SPX,标普500,6740.88,6704.76,6740.88,6680.1,0.9
2026-03-13,SPX,标普500,6673.49,6632.19,6733.3,6623.92,1.64
2026-03-16,SPX,标普500,6674.37,6699.38,6729.79,6674.37,0.84
2026-03-17,SPX,标普500,6722.35,6716.09,6754.3,6710.8,0.65
2026-03-18,SPX,标普500,6697.16,6679.19,6705.18,6666.52,0.58
2026-03-19,SPX,标普500,6583.12,6606.49,6636.74,6557.82,1.19
2026-03-20,SPX,标普500,6594.66,6506.48,6594.66,6473.52,1.83
2026-03-23,SPX,标普500,6574.96,6581.0,6651.62,6565.55,1.32
2026-03-24,SPX,标普500,6552.09,6556.37,6595.75,6525.11,1.07
2026-03-25,SPX,标普500,6598.35,6591.9,6633.94,6568.41,1.0
2026-03-26,SPX,标普500,6555.86,6477.16,6573.22,6473.79,1.51
2026-03-27,SPX,标普500,6453.89,6368.85,6453.89,6356.08,1.51
2026-03-30,SPX,标普500,6403.37,6343.72,6427.31,6316.91,1.73
2026-03-31,SPX,标普500,6395.88,6528.52,6539.05,6395.88,2.26
2026-04-01,SPX,标普500,6556.56,6575.32,6609.67,6554.29,0.85
2026-04-02,SPX,标普500,6512.61,6582.69,6601.91,6474.94,1.93
2026-04-06,SPX,标普500,6587.66,6611.83,6618.13,6579.72,0.58
2026-04-07,SPX,标普500,6601.93,6616.85,6618.26,6534.55,1.27
2026-04-08,SPX,标普500,6754.36,6782.81,6793.5,6740.28,0.8
2026-04-09,SPX,标普500,6783.69,6824.66,6835.31,6761.55,1.09
2026-04-10,SPX,标普500,6839.24,6816.89,6845.77,6808.46,0.55
2026-04-13,SPX,标普500,6806.47,6886.24,6887.0,6790.02,1.42
2026-04-14,SPX,标普500,6910.2,6967.38,6969.42,6905.17,0.93
2026-04-15,SPX,标普500,6978.17,7022.95,7026.24,6967.13,0.85
2026-04-16,SPX,标普500,7037.78,7041.28,7051.23,7008.52,0.61
2026-04-17,SPX,标普500,7074.55,7126.06,7147.52,7074.55,1.04
2026-04-20,SPX,标普500,7117.05,7109.14,7122.65,7084.41,0.54
2026-04-21,SPX,标普500,7122.64,7064.01,7137.27,7050.2,1.22
2026-04-22,SPX,标普500,7102.91,7137.9,7138.64,7102.91,0.51
2026-04-23,SPX,标普500,7118.8,7108.4,7147.78,7046.55,1.42
2026-04-24,SPX,标普500,7136.48,7165.08,7168.59,7112.82,0.78
2026-04-27,SPX,标普500,7152.72,7173.91,7178.74,7146.72,0.45
2026-04-28,SPX,标普500,7133.74,7138.8,7152.52,7115.17,0.52
2026-04-29,SPX,标普500,7131.61,7135.95,7145.63,7107.86,0.53
2026-04-30,SPX,标普500,7161.75,7209.01,7219.83,7126.15,1.31
2026-05-01,SPX,标普500,7234.54,7230.12,7272.52,7229.32,0.6
2026-05-04,SPX,标普500,7228.38,7218.25,7228.38,7214.77,0.19
2026-05-05,SPX,标普500,7233.62,7259.22,7273.26,7233.62,0.55
2026-05-06,SPX,标普500,7294.14,7365.12,7369.22,7294.14,1.03
2026-05-07,SPX,标普500,7376.78,7337.11,7385.02,7321.25,0.87
2026-05-08,SPX,标普500,7362.97,7398.93,7401.5,7362.97,0.53
2026-05-11,SPX,标普500,7385.31,7412.84,7428.97,7384.2,0.61
2026-05-12,SPX,标普500,7390.63,7363.8,7394.37,7355.25,0.53
